175 2
-15707.000000 21.000000
-15704.607422 295.124939
-15703.427734 569.375793
-15695.459961 843.564209
-13534.300781 1205.097900
-13333.554688 1422.413086
-13110.541992 1630.772217
-12931.911133 1838.461548
-11283.351562 1808.107300
-10041.099609 1791.516846
-9606.204102 1888.256836
-4642.873535 1092.891724
-4333.340820 1101.423218
-4341.836426 1184.391602
-2517.544434 742.894226
-3223.703369 1006.585022
-1838.392212 618.329834
-1596.980835 570.884583
-1592.779053 600.724121
-1582.418823 628.433655
-1580.848511 659.704224
-1577.745361 690.713135
-1566.730469 718.553345
-1557.943115 747.480774
-1554.913696 779.382080
-1547.678345 809.581482
-1548.690063 844.453125
-1531.459106 869.901672
-1450.592529 858.500000
-1370.610474 844.545898
-1304.297974 836.015808
-1238.716431 825.431885
-1180.549561 817.290710
-1122.238281 806.799744
-1072.756592 800.403259
-1071.768799 828.635742
-1113.459229 890.929688
-1018.061218 845.409729
-1004.284241 863.694580
-978.858337 871.908569
-987.639465 910.274597
-982.939392 937.605774
-980.460144 967.819336
-974.393127 995.393127
-976.689697 1032.391724
-977.985657 1069.761230
-984.291138 1114.166016
-977.527954 1145.517334
-982.822266 1192.281982
-985.515747 1238.010620
-986.905334 1284.181274
-982.162109 1324.373169
-982.776917 1373.676392
-980.815735 1421.750000
-983.061096 1478.447998
-977.082458 1525.574951
-975.051453 1581.408447
-972.391907 1639.331909
-976.000000 1711.481567
-970.104065 1771.114014
-970.867188 1846.935669
-965.183777 1915.279907
-965.293274 2000.144531
-962.724426 2085.569092
-960.711975 2178.794434
-957.682007 2277.157471
-955.246826 2385.318848
-953.617126 2505.257568
-951.500061 2635.224854
-947.403320 2772.458984
-944.046936 2926.477539
-939.975037 3095.519775
-936.064453 3285.444824
-933.042664 3503.162598
-927.770447 3742.084229
-919.599915 4004.224854
-1453.718506 6860.208008
-1443.279297 7446.027832
-1331.186890 7570.536133
-1196.410767 7574.840332
-1229.733521 8771.008789
-1959.659058 15981.142578
-1675.382202 15961.197266
-1395.276245 15969.081055
-1114.917725 15965.066406
-897.090637 17138.509766
-263.002594 7552.409180
-131.224640 7538.854980
-0.000000 7540.000000
131.224640 7538.854980
262.688507 7543.414551
393.880402 7536.686035
525.754517 7539.640137
656.892822 7529.319336
789.608032 7533.618164
921.819702 7528.619141
1042.128174 7436.127441
1179.203003 7466.194824
2175.811768 12360.641602
2253.645020 11614.999023
2462.506104 11606.180664
2671.518799 11592.619141
2887.337891 11601.479492
3098.322754 11584.097656
2243.310059 6184.443848
2102.544678 5498.316406
2097.422363 5212.302246
2092.755859 4951.224121
2085.745605 4705.661133
2114.781738 4556.164062
2113.387207 4354.085938
2104.699951 4151.706055
2098.068359 3966.892822
2080.802979 3774.867676
2056.500000 3582.962402
2058.092041 3446.240479
2052.377197 3305.490234
2052.744629 3181.949463
2051.119629 3061.909912
2049.388672 2947.830322
2046.080444 2837.188232
2045.569214 2735.562012
2042.764771 2635.619629
2042.774048 2543.615723
2038.922241 2450.893066
2036.407227 2363.618652
2038.840942 2285.362305
2038.493042 2207.016113
2031.875732 2125.068848
2035.760376 2056.760498
2032.134888 1983.409912
2030.969238 1914.909424
2030.271606 1849.064819
2027.904663 1783.830566
2020.059204 1716.030884
2021.356689 1657.862305
2013.367432 1594.015015
2019.749146 1542.990234
2023.351562 1491.050903
2018.390625 1434.292358
2021.193604 1384.312256
2021.196045 1333.580078
2021.746704 1284.327515
2020.343384 1234.944702
2016.107178 1185.000000
2021.246094 1141.395020
2015.769409 1092.803589
2016.347778 1048.380493
2017.792603 1005.143250
2018.347412 962.170898
2016.194824 918.667786
2013.144165 875.528992
2019.406494 836.893188
2013.733032 793.999695
2018.459717 755.659241
2012.063477 713.809021
2014.337646 675.497986
2015.890381 637.319580
2016.727051 599.287170
2018.785034 561.931824
2016.274536 523.713684
2015.971680 486.423737
2014.984009 449.298096
2012.335693 412.158447
2007.038208 374.894989
2011.921143 339.657013
2008.263672 303.243042
2005.935791 267.297943
1999.983521 231.206741
2004.343750 196.357361
1996.125610 160.582703
1999.256348 125.776581
2000.780396 90.868790
1992.696411 55.782646
1993.000000 21.000000
