181 2
-854.000000 21.000000
-858.869141 35.991615
-864.473083 51.188065
-863.814575 66.270599
-865.885620 81.548622
-872.666565 97.348434
-880.151855 113.507690
-885.351196 129.707458
-882.328857 145.003235
-890.894897 162.103882
-888.296570 177.630661
-886.409363 193.300522
-895.005066 211.239197
-900.317932 228.854767
-906.256226 246.955048
-912.799927 265.583984
-910.314819 282.028564
-914.227356 300.507355
-917.769531 319.201385
-926.608215 340.056793
-927.476624 358.573883
-937.314758 380.801422
-939.237244 400.476471
-940.755981 420.327209
-950.087280 444.006104
-952.529480 465.171783
-953.620483 486.111786
-963.178040 511.763733
-961.529907 532.254517
-974.326355 561.077942
-973.412537 583.000000
-978.885071 609.173462
-983.735779 635.706360
-986.276611 661.495483
-996.503174 693.149841
-1001.003784 721.910400
-1005.608154 751.617065
-1015.065735 785.906921
-1022.837952 820.128601
-1022.724060 849.185608
-1027.265625 882.978210
-1040.744507 925.705383
-1045.604736 962.466736
-1054.612061 1004.441650
-1065.342285 1049.789062
-1073.388062 1094.388062
-1087.140381 1146.766846
-1096.653320 1197.016724
-1108.080322 1251.647827
-1117.924561 1307.025146
-1125.521118 1362.343872
-1138.440552 1426.857056
-1154.365234 1498.520142
-1168.122925 1571.151489
-1177.333862 1641.461060
-1194.186157 1726.474609
-1214.567017 1821.669556
-1229.794922 1914.718140
-1254.848877 2029.177856
-1272.659058 2139.060303
-1299.000000 2270.934082
-1326.439087 2413.959473
-1358.650757 2576.250244
-1388.302979 2745.697998
-1434.350342 2961.854004
-1482.544922 3200.327637
-1534.617310 3467.807129
-1596.136719 3781.262207
-1672.243774 4159.948730
-1763.170288 4614.215820
-1879.742676 5185.550781
-1637.607788 4776.958496
-1652.622925 5107.250488
-1667.103516 5473.849609
-2685.810303 9387.534180
-2515.203369 9407.867188
-2346.884277 9433.838867
-2186.074463 9489.928711
-1921.104004 9059.083984
-1829.285889 9431.859375
-1613.365234 9170.848633
-892.927917 5658.725098
-793.565002 5667.508301
-679.055969 5551.467285
-472.573181 4517.233398
-329.535858 3787.612061
-229.638306 3304.980957
-161.142410 3095.780273
-94.752136 2734.346191
-40.123081 2319.649902
-0.000000 2117.000000
33.718048 1952.705688
62.435200 1808.910156
87.401047 1688.711304
108.750343 1576.202393
127.857475 1482.417603
145.085510 1401.396362
159.039490 1316.272705
173.409683 1254.874023
186.313446 1197.336792
197.090683 1138.756836
207.409378 1088.028809
216.020248 1037.295410
225.625900 998.293152
233.938477 959.275940
240.701706 919.311035
245.317245 876.522888
252.316788 846.291016
259.574280 819.887451
264.361328 788.761108
271.221985 766.176270
277.376801 743.591248
279.831116 713.606323
284.842987 692.048035
289.596497 671.444336
297.945862 659.946960
301.160980 638.471497
303.719635 617.083374
304.687042 594.032959
309.793335 579.882019
311.000000 559.667786
316.233368 547.300720
320.601166 534.069092
320.247742 514.138306
324.891083 502.670837
327.512146 488.735809
332.098663 478.094604
334.609161 465.041351
336.151154 451.253876
342.979614 444.544556
344.534149 431.599823
345.743103 418.731934
346.609650 405.949005
351.911163 398.378510
352.191803 385.705292
357.796021 378.796021
355.353851 364.161224
361.288727 357.907196
360.425232 345.528351
366.034149 339.188629
364.637146 326.966888
362.150024 314.263306
365.636993 306.666931
370.566864 300.242157
374.574860 293.144562
379.267395 286.565887
376.383057 274.873566
373.208405 263.364380
378.229462 257.343994
382.296631 250.706985
386.247345 244.000000
380.459564 231.892181
384.965149 225.689606
390.260864 219.847839
385.582642 209.061218
386.993439 201.457993
391.911011 195.490021
394.896576 188.623657
400.543427 182.830048
403.306732 175.814957
405.947205 168.752701
407.518494 161.319870
400.394806 151.096161
402.604309 144.088486
402.768646 136.492050
414.382172 132.033371
416.256866 124.784492
406.312317 114.804588
411.800140 108.530823
413.265045 101.330589
408.695221 93.063995
411.866028 86.233170
411.951508 78.896011
418.854462 72.428864
418.693726 65.006485
417.405579 57.518257
417.979340 50.227962
418.425781 42.928764
426.739868 35.902084
418.936188 28.312559
421.000000 21.000000
