173 2
-827.000000 21.000000
-779.881226 34.612877
-733.552856 46.616230
-685.059875 56.902466
-657.394714 66.969513
-617.640686 75.036560
-592.735046 83.298965
-563.766235 90.221786
-534.744751 96.153473
-515.573303 102.658791
-491.419067 107.650444
-485.905457 115.450455
-483.204926 123.708374
-483.287567 132.575729
-489.029053 142.928635
-490.690308 152.480072
-495.049774 162.953232
-497.278473 173.033279
-504.059967 184.779007
-502.070374 193.876694
-507.434021 205.690872
-508.801331 216.310532
-506.242371 225.535202
-512.721191 238.637238
-517.066711 251.212936
-513.876526 260.624542
-523.996948 276.570374
-522.129822 287.038422
-532.417419 304.091339
-528.270325 313.825012
-536.935730 331.000000
-540.015381 345.473999
-549.535156 364.387695
-550.167908 378.283203
-557.113220 396.777618
-558.661682 412.179138
-566.311890 432.449677
-571.822998 451.899567
-572.883789 468.585907
-579.750916 490.473022
-576.065430 504.376282
-555.466248 503.859436
-548.440857 514.818359
-531.694153 516.812805
-515.766663 519.070068
-492.146332 513.146301
-495.291412 533.889282
-488.310822 544.649231
-475.751862 549.375977
-488.763977 583.258667
-662.071228 810.025757
-477.024841 610.076660
-460.514771 610.432068
-450.157623 618.379333
-444.953430 633.425842
-468.038361 689.428040
-497.122498 758.014404
-535.380188 845.413147
-574.432495 940.284119
-628.346436 1066.744141
-686.500000 1210.052856
-743.213135 1361.791992
-2872.227051 5422.873535
-2768.887939 5455.249023
-2665.296631 5485.667969
-2557.263184 5505.068359
-2453.028809 5530.592773
-2352.982910 5564.280273
-2248.763428 5586.884766
-2147.340820 5615.013672
-2046.648560 5644.120605
-1944.618530 5668.582520
-1848.230591 5709.269043
-4086.048096 14270.743164
-3837.251221 14341.816406
-3582.621338 14390.109375
-3086.241211 14540.623047
-5529.835449 28469.537109
-1040.499878 5921.968262
-935.321655 5926.388672
-832.672668 5945.773926
-683.443298 5587.198730
-490.238495 4685.307617
-54.748199 3157.522217
-0.000000 2865.000000
45.707851 2639.601074
86.411156 2495.491699
122.675484 2361.787598
154.929123 2236.589844
184.072922 2124.963135
209.997681 2018.994507
234.842224 1933.636475
256.774384 1848.044556
278.140472 1777.109863
295.896484 1699.112427
315.216461 1642.648071
330.163757 1574.298340
344.849976 1514.709351
359.979767 1464.800049
373.734711 1415.796875
385.616669 1365.805054
397.625519 1321.574463
408.829498 1279.247803
419.006226 1237.882446
430.261353 1203.133301
343.674866 916.303650
305.678986 777.582031
313.366364 759.244873
325.389313 751.836365
334.713654 738.795776
353.327148 745.427979
373.634186 754.298340
394.825592 763.558899
412.572998 765.301392
428.500000 763.183777
451.173340 771.878540
473.747833 779.154968
496.166168 785.028870
520.608582 792.833984
544.324036 798.375305
568.388367 803.319458
598.204163 814.843689
623.049438 818.466858
653.234558 827.677490
685.854370 838.369446
719.040710 848.161682
752.102783 856.294800
786.344116 864.250793
819.696899 869.820984
854.184998 875.184998
903.490784 893.490906
944.177612 901.459900
986.896301 909.605469
1038.480347 923.737244
1096.209595 940.829041
1146.290283 949.247559
1215.900635 970.965637
1254.656372 966.451416
1357.530518 1007.303650
1440.888428 1029.920898
1528.745239 1052.151733
1623.666260 1075.421143
1730.018066 1102.035278
1848.052734 1131.422119
1990.126343 1170.000000
2140.194336 1207.329102
2316.854492 1252.893433
2517.093506 1303.523193
2762.892822 1368.552856
3036.131104 1436.771118
3390.167236 1530.399658
3635.994141 1564.387939
4367.963379 1785.771606
5066.541016 1965.862915
5395.714844 1984.879639
5423.494629 1888.458984
5447.651855 1791.049316
5478.669922 1695.997437
5945.403809 1725.817017
5956.864746 1617.137085
5152.270508 1305.605225
5049.197754 1094.240112
6101.868652 1096.924072
5785.878418 937.393066
5631.654297 812.477417
5624.759277 711.633545
4521.096680 496.186401
4537.666992 417.994415
4560.862793 339.926605
4571.726074 260.593994
4601.195312 181.677277
4621.295898 101.665024
4640.000000 21.000000
