175 2
-1561.000000 21.000000
-1569.760864 48.400280
-1575.039917 76.001610
-1576.836060 103.638474
-1500.336304 125.913734
-1532.147461 155.045532
-1275.971558 155.110016
-1086.838013 154.446930
-1081.372681 172.977020
-1090.407959 193.703644
-1102.984741 215.485962
-1083.716431 231.653137
-1087.700073 252.197800
-1099.089478 274.744781
-1091.582642 293.162140
-1098.257690 315.277252
-1799.481934 536.993103
-1534.869141 490.256592
-1450.361206 492.250916
-1381.402588 496.655060
-1313.690308 499.144165
-1259.400024 504.438354
-1208.120605 509.112396
-1159.836060 513.321228
-1108.130615 514.371521
-1060.380127 515.463379
-1028.220337 522.496582
-980.998169 520.843567
-947.402771 524.742981
-913.102966 527.141235
-879.881836 529.000000
-850.309937 531.917786
-820.062500 533.431946
-786.672974 531.871399
-765.201660 537.135071
-732.321899 533.777344
-735.396423 555.296814
-735.543335 575.271606
-741.518127 600.337463
-736.734375 617.595703
-742.297058 643.861206
-741.879517 665.906006
-739.429077 686.784973
-740.861328 711.864319
-743.078003 738.582092
-745.997681 766.997681
-746.063110 793.570923
-750.880188 826.220398
-750.764526 854.808472
-751.843628 885.897156
-753.347107 918.804077
-750.779236 948.135132
-754.800964 987.101196
-761.897827 1032.072510
-761.769714 1069.486084
-760.562378 1107.195557
-760.502319 1148.491089
-759.771423 1190.945435
-767.323120 1248.973633
-771.012024 1304.179443
-771.500000 1357.277222
-1560.117310 2835.526123
-1510.290039 2861.442383
-1516.782227 2997.852783
-1808.719360 3729.424316
-1735.270630 3742.299805
-1659.892212 3749.178955
-1587.931274 3761.931641
-1560.985718 3884.575195
-2017.969971 5277.991211
-1916.680908 5287.037598
-1829.041870 5332.923340
-1855.956055 5733.045410
-1875.564453 6155.694824
-1915.679565 6701.768555
-1939.848755 7260.614258
-1842.477173 7410.772461
-1707.603394 7417.443359
-1574.099365 7426.555664
-1440.798706 7433.267090
-1308.265381 7440.541504
-1174.666382 7437.551758
-1098.910767 7840.156738
-971.176819 7930.600098
-1383.538696 13184.492188
-1537.711670 22011.302734
-1154.164795 22043.777344
-461.057251 13223.952148
-82.741859 4761.277832
-0.000000 7900.000000
72.776535 4190.364746
152.929596 4400.330566
162.607819 3123.741943
213.664078 3076.538574
258.503937 2975.713379
293.202332 2810.634033
345.743317 2836.853516
431.019104 3087.860107
481.974579 3064.067871
614.714539 3507.219482
600.475891 3110.180664
334.114075 1592.883179
353.623047 1552.709717
382.478516 1555.037598
412.039917 1558.753906
442.949219 1565.747559
484.167542 1604.640625
516.058411 1609.264404
548.907898 1615.144287
579.040100 1611.899658
609.942261 1609.953857
494.855316 1245.809814
513.420715 1230.543335
534.045227 1220.485229
708.308228 1539.971802
733.394958 1524.682495
755.894165 1504.525879
778.383850 1484.927124
3022.788086 5474.253906
3886.000000 6751.749512
2801.291992 4683.132812
1957.521729 3153.689697
1956.888062 3034.343262
1993.522705 2976.519043
2100.437012 3020.734863
2155.996338 2988.474365
2085.289062 2788.271973
1549.004272 2003.635010
1673.818970 2015.779785
5370.499023 6199.052734
2845.143311 3180.851807
3074.448486 3317.942383
3092.619141 3223.500732
3101.370361 3122.370361
3151.427734 3064.298340
1729.651489 1633.926147
2843.272217 2581.093750
2945.631592 2581.598389
2874.964844 2433.381836
1599.366333 1316.141357
1686.343018 1338.515503
1722.656738 1319.114990
1745.858643 1289.440552
1886.889526 1293.723022
1983.455933 1309.071289
2071.781494 1315.592773
2170.347656 1325.076416
2657.094727 1493.851685
2569.377441 1387.162231
2526.894531 1308.517090
2613.693115 1295.783325
3244.913574 1465.728516
2942.854004 1270.167358
5681.770508 2202.027344
3640.369141 1345.986084
5268.429688 1835.065796
5649.275879 1856.560913
5396.427734 1670.853516
5400.368164 1569.530640
5393.729980 1466.245605
5401.636230 1367.779175
5398.010254 1267.228882
5410.134277 1170.959595
5423.490234 1075.219727
5422.351562 977.106873
5428.334961 880.763794
5879.221680 847.270691
5877.858398 742.710266
5886.575195 639.703979
5888.506836 536.177612
5910.566895 434.307098
6028.726562 336.952179
5980.354492 229.838593
5946.094238 124.789459
5854.000000 21.000000
