179 2
-440.000000 21.000000
-432.934052 28.556892
-448.726471 36.669872
-451.380554 44.655853
-448.903809 52.390411
-451.276184 60.481552
-450.518433 68.351395
-454.586151 76.816162
-461.464905 85.854668
-458.287384 93.585594
-458.920410 101.920052
-455.475006 109.535378
-452.882324 117.263115
-459.902679 127.176895
-452.157806 133.735611
-458.814758 143.939041
-456.599304 151.927750
-452.332153 159.291809
-452.702911 168.092087
-458.576508 178.900558
-447.293701 183.801590
-452.786499 194.808456
-448.756989 202.309586
-454.729401 214.021179
-451.291443 221.927902
-445.903442 228.928192
-452.093414 241.500687
-448.176270 249.357224
-445.005585 257.613678
-449.554535 270.192139
-445.137054 278.000000
-448.298492 290.364899
-452.009644 303.446960
-447.011414 311.292603
-449.338379 324.082550
-443.161255 331.304840
-446.577393 345.457458
-448.034515 358.618225
-442.074036 366.386078
-443.750336 380.341949
-444.305786 393.816803
-445.278656 408.074829
-438.455444 415.787048
-438.080872 429.517029
-443.832642 449.604218
-441.234619 462.234619
-439.024078 475.622742
-432.386963 484.678253
-434.934906 504.044128
-436.279266 522.881897
-437.738373 542.676270
-432.972443 555.676392
-434.657013 577.335571
-435.714081 599.212097
-430.846588 614.009460
-430.755890 636.183167
-430.019348 658.529907
-429.720184 682.711060
-431.884186 712.159180
-428.511688 734.163208
-426.000000 758.853638
-425.662842 788.916077
-425.341248 820.950500
-422.211151 849.636047
-419.521179 881.145874
-415.011139 910.994263
-414.464630 951.902832
-412.612061 993.053101
-412.816467 1042.756592
-407.464355 1082.480957
-439.153870 1227.565308
-433.656769 1280.430786
-431.696747 1349.625977
-429.786407 1426.767944
-424.481537 1501.343018
-421.875031 1595.459106
-416.831421 1692.819580
-411.885376 1805.071533
-405.427795 1928.387817
-400.126465 2079.472168
-367.786835 2106.822754
-359.173523 2288.732422
-351.968781 2525.387939
-338.309296 2776.308105
-480.830933 4595.800781
-396.035706 4547.708496
-317.950012 4567.896973
-253.515366 4858.361328
-168.983368 4860.050293
-90.857231 5226.207031
-0.000000 5217.000000
90.682701 5216.208496
181.302887 5212.835449
272.251648 5215.870605
362.803406 5209.330566
454.255737 5213.166992
544.906860 5205.442871
1890.666992 11958.201172
2016.229004 11455.602539
1961.516479 10112.127930
1963.310059 9257.647461
1898.811890 8245.658203
1872.475464 7531.088867
1850.556152 6927.369629
1829.680786 6401.854980
1813.289307 5952.001953
777.795776 2414.809326
780.386841 2287.407959
775.701660 2152.222900
772.282959 2032.865845
769.067322 1924.508423
767.395935 1828.871582
764.664917 1738.465454
762.403320 1655.979248
757.943726 1575.014893
751.354248 1495.615845
747.868225 1427.535522
747.091614 1368.788940
748.500000 1317.440063
742.169861 1256.178101
744.536560 1212.507568
740.164429 1160.753296
741.489807 1120.303833
740.487183 1078.525269
738.258301 1037.125366
739.630676 1002.523071
736.331116 963.460876
736.934204 931.037903
730.849487 891.992554
728.881592 859.482361
732.028870 834.000427
733.148254 807.205200
727.307312 774.148743
733.269714 754.269714
732.287903 728.162231
730.622375 702.316345
727.538757 676.078857
724.521179 650.816650
727.742249 631.648254
723.522888 606.897278
725.757935 588.024231
717.973328 562.031677
720.025146 544.128845
713.481445 520.585083
715.459412 503.583466
717.063354 486.666382
716.600647 468.781769
717.449036 452.086884
719.667114 436.500000
718.062805 419.028687
716.953430 402.210907
716.369263 386.008362
713.642456 369.066681
719.608398 356.558899
717.133179 340.288269
711.550232 323.035156
717.640320 310.945496
713.255432 294.793121
717.925171 282.303375
715.757568 267.455078
713.292358 252.762741
708.621826 237.647430
714.217468 225.798553
717.682861 213.302551
712.197083 198.570679
715.187622 186.114075
716.004028 173.191360
709.716431 158.954910
705.122375 145.332092
707.184875 133.007080
710.022217 120.787117
701.730103 107.161629
702.132446 94.797096
703.313477 82.531952
704.280212 70.248070
697.043396 57.530499
696.575378 45.324947
697.893677 33.181778
700.000000 21.000000
