179 2
-1827.000000 21.000000
-1818.722900 52.745926
-1821.889526 84.621780
-1817.505737 116.251442
-1817.561646 148.096298
-1811.081909 179.449142
-1804.062744 210.614639
-1794.523438 241.339767
-1795.355957 273.320831
-1793.641968 305.084991
-1780.532471 334.955902
-1783.616577 367.699951
-1783.163086 400.023010
-1777.250977 431.310730
-1771.760010 462.749390
-1769.576172 495.156494
-1759.108887 525.416382
-1754.819214 557.502075
-1752.797119 590.518311
-1750.154907 623.626648
-1748.767944 657.499512
-1745.795410 691.148071
-1743.105591 725.260376
-1737.913208 758.700378
-1734.822876 793.392883
-1721.078491 823.552063
-1723.886963 861.795837
-1717.860596 896.293701
-1701.440063 925.671692
-1693.263794 959.591431
-1635.921997 965.500000
-1557.473022 956.824158
-1478.147827 944.649292
-1408.127930 935.448914
-1339.724731 924.655762
-1276.238892 914.632080
-1224.851685 910.906860
-1171.598267 903.862610
-1162.315918 929.100647
-1160.278931 960.575317
-1157.493164 992.252075
-1147.913330 1018.865784
-1142.956787 1050.122925
-1146.031250 1089.691406
-1135.118164 1117.170898
-1127.835327 1148.835327
-1128.819824 1189.927124
-1120.523315 1222.614136
-1118.786377 1263.538208
-1111.364014 1299.478027
-1105.594727 1338.596436
-1099.422729 1378.673950
-1093.414795 1420.507080
-1084.470703 1460.141235
-1082.112671 1510.400269
-1070.867188 1550.356812
-1065.262451 1600.316528
-1057.688965 1649.698242
-1048.180298 1698.439087
-1044.497192 1759.335327
-1033.000000 1810.208496
-1024.887573 1869.946045
-1018.283813 1936.113281
-1009.674866 2002.598511
-1002.554810 2076.541992
-989.349365 2142.666504
-977.794861 2217.163330
-966.278076 2297.408447
-957.119873 2389.954834
-941.790955 2474.449463
-928.584717 2572.265381
-913.544250 2674.125244
-899.548462 2789.525635
-885.009155 2915.734375
-855.854004 3005.717529
-798.197937 2999.915283
-739.797180 2988.164307
-685.425842 2989.905518
-627.893311 2975.005859
-573.571838 2971.771240
-518.687134 2962.620850
-465.392548 2959.372803
-411.674042 2950.212891
-358.417725 2940.078125
-305.536713 2927.987549
-253.971832 2923.911377
-202.572800 2917.926025
-151.564926 2913.031250
-100.754845 2906.241211
-50.070953 2889.562988
-0.000000 3065.000000
56.912296 3281.503418
113.388466 3268.020752
174.017059 3341.443115
599.626648 8596.060547
749.277893 8585.286133
905.425537 8635.548828
2121.867188 17302.220703
2423.699463 17266.517578
2721.646729 17204.800781
3028.250488 17195.062500
1648.017334 8499.314453
1790.119629 8442.850586
1898.361938 8243.708984
1750.788818 7043.030273
1416.224731 4959.962402
965.996094 3180.630859
1018.520020 3155.682373
1078.932861 3154.448486
1136.875000 3144.538330
1196.948975 3139.158691
1255.306641 3127.993164
1315.200928 3119.419434
641.830444 1462.574707
664.355896 1445.715820
700.517090 1457.272827
1561.273315 3085.171387
1625.780029 3078.647461
926.471191 1692.398315
877.000000 1540.008545
905.951965 1528.757324
955.444458 1550.030762
968.368225 1512.156250
1060.788940 1593.684326
1085.206665 1570.835693
1129.135498 1575.121704
560.289795 764.529663
573.796509 755.426025
585.267944 743.745728
770.059570 938.721252
1321.302856 1540.985107
1369.041260 1541.474365
1405.988525 1476.943726
1396.535889 1417.535889
1407.028687 1379.751831
3059.252441 2873.799072
3156.135986 2862.797607
1332.817139 1179.600220
3354.508545 2835.766846
3458.299561 2821.475830
3565.748779 2806.868164
1232.294556 949.600586
1253.976318 932.067139
3914.727539 2762.121826
4035.754883 2743.151123
1850.945923 1223.018311
1884.362915 1198.480591
1877.196411 1148.933350
1575.300171 930.500000
1918.041016 1084.187500
1929.240479 1046.795410
1937.939209 1008.429321
1981.840820 987.608398
1880.588623 897.932922
1893.779785 864.165039
876.320618 392.976044
861.353821 369.009521
856.093262 349.623413
881.431702 341.814880
1142.186401 414.286316
1635.817261 552.509216
2448.140137 769.471558
1772.566528 529.275269
712.853271 212.008453
732.573303 203.651031
740.521240 191.962799
4709.780762 1022.094788
1019.910645 219.250549
1033.063354 203.156937
871.141113 158.975204
515.929688 93.509186
491.310333 81.325325
485.326691 72.009888
490.127777 63.880627
489.803955 55.250427
492.324371 46.801628
6165.242188 236.294998
6148.063477 128.314850
1711.000000 21.000000
