176 2
-1265.000000 21.000000
-1275.805664 43.269272
-1277.221436 65.601555
-1269.258179 87.518997
-1452.453247 122.565422
-1470.383423 149.641876
-1987.054688 229.847870
-1983.107178 264.494934
-1979.545898 299.207031
-1869.693970 317.130432
-1449.636963 276.610107
-1781.653320 367.318329
-1782.184937 399.815094
-1784.071533 432.885376
-1775.641235 463.717072
-1775.371704 496.709412
-1776.411621 530.377808
-1766.294922 561.010559
-1764.209839 594.226501
-1762.446655 627.859070
-1758.164917 660.919678
-1728.990967 684.697449
-1750.523071 728.257263
-1746.197754 762.216980
-1743.044678 797.053528
-1744.642456 834.540161
-1739.166504 869.248169
-1728.552612 901.741577
-1597.252197 870.274048
-1383.468018 852.271423
-1387.406738 887.947937
-1197.600342 859.568726
-1186.018921 882.693176
-1186.772339 915.297119
-1182.016113 944.492188
-1179.707520 976.308350
-1175.112183 1007.036194
-1843.000854 1623.096191
-1843.742310 1681.113037
-1832.772339 1730.087891
-1829.281128 1787.516235
-1830.699463 1851.699463
-1817.920898 1903.512207
-1810.023682 1962.012695
-1805.314331 2026.004761
-1793.665405 2084.375977
-1792.734619 2157.498047
-1782.864624 2222.654541
-1778.645996 2297.562988
-1766.928955 2365.793945
-1755.126709 2436.724854
-1712.125610 2466.168945
-1647.382324 2463.344727
-1583.810303 2459.854004
-1516.628906 2448.113770
-1459.102905 2449.354980
-1393.000000 2433.746826
-1333.226440 2426.204102
-1274.615234 2418.202637
-1222.596436 2420.480469
-1212.096191 2506.165527
-1200.235840 2594.914062
-1193.772095 2702.255859
-1180.398682 2801.845215
-1169.896362 2916.595215
-1155.736694 3031.796875
-1141.321167 3156.754395
-1126.791382 3293.439697
-1110.298096 3438.145996
-1097.270996 3610.011719
-1079.671509 3786.261963
-1059.864014 3976.466309
-1039.054565 4188.419922
-1014.754211 4416.383301
-956.601685 4521.457031
-873.523560 4514.889160
-791.488403 4509.753906
-708.804565 4496.215820
-629.201599 4498.001953
-548.412048 4487.457520
-467.764862 4471.485352
-388.453156 4461.039551
-309.648987 4449.187012
-231.900620 4445.927246
-154.116180 4434.310059
-84.050789 4836.266602
-0.000000 4853.000000
177.054657 10164.455078
353.811096 10152.824219
533.041687 10192.041992
1317.002197 18855.009766
1654.390259 18930.767578
1984.681885 18903.986328
1409.266846 10048.454102
1566.534790 9911.710938
832.990295 4745.122559
582.349060 3016.926270
1001.302673 4731.758789
532.009216 2325.385254
806.083740 3254.025391
826.668030 3106.166992
463.070770 1635.919678
499.955627 1656.281128
398.631927 1247.862915
410.867004 1214.244385
504.479706 1407.046631
664.772522 1752.791748
678.037964 1699.202759
776.773499 1850.963623
558.856140 1276.211426
428.112305 939.089783
444.946716 933.275940
463.070312 929.826660
592.003662 1134.396973
621.041138 1141.387817
646.500000 1140.770874
669.549500 1135.317505
697.373779 1137.031250
723.280640 1134.754517
756.028809 1141.858765
790.961914 1150.610718
828.777222 1161.713989
845.550110 1143.082886
858.232117 1119.486938
857.134399 1079.472778
831.124390 1011.495483
852.876709 1002.122437
1197.743774 1351.229248
1241.919067 1352.795044
1282.339355 1348.901245
1325.825195 1346.825195
1356.674805 1331.125732
1192.106567 1132.657349
1173.425659 1077.557251
1205.271240 1068.726318
1172.814087 1005.107849
1203.021973 995.187988
1230.872803 982.663208
1272.226318 979.691345
1327.596924 985.555603
1357.334961 971.416138
1270.085571 877.683533
1290.713989 859.199463
1316.170654 843.434692
553.730103 353.714600
553.390259 340.500000
565.004333 334.187012
568.618225 323.339691
575.590210 314.277863
2339.560791 1162.080078
2340.086670 1112.200317
2382.526611 1081.769165
2351.889893 1019.318054
2342.066406 967.256226
2367.560059 929.821106
2397.155762 893.493408
2489.550293 878.220947
2596.384277 864.616394
2718.774414 852.212769
2555.033691 753.644104
3464.775879 949.383911
3464.926025 884.903076
3646.092773 862.766846
5315.253906 1150.792114
5312.566406 1053.658325
5433.184570 979.016968
5582.414551 905.167603
1667.611450 255.367508
1722.067627 232.443314
1786.161377 208.733124
5972.187012 543.498657
6035.262695 443.026672
2876.052979 171.727554
2897.233887 122.173637
5379.180664 114.893944
2965.000000 21.000000
