169 2
-1156.000000 21.000000
-1153.824219 41.140076
-1155.295776 61.343819
-1162.404785 81.919052
-1158.171875 101.987267
-1158.574463 122.362129
-1154.639893 142.357544
-1155.323730 162.855911
-1158.613647 183.832535
-1146.706177 202.620407
-1147.301025 223.300125
-1151.448730 244.818954
-1144.432739 264.256683
-1147.807983 285.992340
-1149.800415 307.677460
-1154.281372 330.288757
-1148.707764 350.386627
-1151.390869 373.015533
-1143.169922 392.438416
-1145.022949 415.263031
-1147.364746 438.606598
-1146.436768 461.075836
-1147.853638 484.762970
-1147.869507 508.241730
-1148.326660 532.267944
-1148.291992 556.457336
-1147.760010 580.799927
-1146.725342 605.285767
-1144.300049 629.435120
-1147.501099 657.070251
-1144.885620 682.000000
-1141.746826 707.030701
-1198.291992 769.775940
-1147.301392 766.066223
-1105.936157 766.963318
-1068.993408 769.517273
-1037.159790 774.540710
-1000.690308 775.074219
-964.525146 774.569641
-928.689453 773.037842
-900.102234 776.275452
-870.934875 778.092102
-837.524231 775.110168
-809.608521 775.972168
-783.361023 777.482971
-756.604248 777.604248
-725.917969 772.710083
-705.868286 777.951111
-683.182373 779.750854
-658.027222 777.973694
-628.646301 770.191467
-608.552795 772.500122
-590.419373 776.702332
-566.909729 773.314636
-548.403625 775.812866
-529.984619 777.896484
-505.510376 770.449951
-487.451935 771.610168
-469.508453 772.370605
-451.173340 771.878540
-433.000000 770.978027
-416.936279 773.172974
-400.459229 774.154297
-382.260010 771.227478
-365.601532 770.594238
-348.237457 767.797607
-331.490356 765.539551
-318.445862 771.211426
-302.307526 769.237366
-287.052734 768.797913
-284.902771 803.763977
-283.895416 845.492188
-287.385803 905.482544
-288.570862 964.872803
-288.316681 1026.479736
-288.324402 1097.041382
-284.016296 1160.127197
-264.992340 1168.807983
-247.207001 1184.017456
-224.582184 1176.375244
-202.647430 1170.270630
-185.374847 1191.410645
-170.904572 1237.049194
-151.117981 1251.757202
-129.301712 1251.223633
-567.383911 6506.227539
-453.277557 6503.171387
-339.503357 6499.109863
-226.288330 6501.050293
-114.225998 6565.002930
2058.164795 29454.126953
680.480286 6495.337402
796.538025 6508.281738
892.377930 6370.598633
876.815186 5556.993164
898.282043 5115.410645
888.784607 3337.989258
868.533325 3049.935547
870.682922 2868.875488
869.264832 2696.322021
867.639160 2540.806885
866.679016 2402.181152
873.342712 2296.135498
870.960327 2176.702393
871.330444 2073.725830
871.636597 1978.727905
868.903137 1884.368774
868.413269 1801.510986
870.753784 1729.950562
713.596802 1363.080322
647.705627 1189.491943
662.000000 1167.617676
692.726196 1173.890015
716.980774 1168.409058
746.700134 1170.817383
777.837341 1174.191284
801.859863 1166.174561
832.891724 1167.377075
863.604553 1167.041992
901.328430 1174.647705
932.652832 1172.730347
964.181396 1170.066650
1002.458191 1174.196289
1034.475952 1169.901855
1067.327393 1165.568604
1106.590820 1166.908325
1146.220093 1167.220093
1185.472046 1165.796997
1232.330933 1170.167236
1273.007080 1167.220703
1320.741821 1169.103271
1366.623291 1167.733154
1417.514282 1168.880371
1467.276001 1167.361694
1514.212891 1162.041260
1575.156128 1165.417847
1608.814575 1147.504150
1694.552856 1163.990234
1752.821533 1159.295532
1820.759277 1158.736694
1899.482788 1162.324341
1978.002075 1163.000000
2054.481689 1159.817749
2140.264893 1158.999023
2230.189209 1157.338257
2328.775391 1156.819702
2429.811279 1154.039551
2543.310547 1153.354858
2671.305176 1154.901733
2801.949707 1153.061157
2944.512695 1151.292480
3102.864990 1150.350464
3274.330811 1148.442505
3476.111572 1150.457153
3688.467529 1148.677612
3905.606201 1140.914551
4085.866211 1115.804565
4499.261230 1142.791870
4856.260254 1142.156006
5255.586914 1138.109497
5736.629395 1136.087769
5880.287109 1057.853271
5871.807129 951.002869
5867.338379 845.600647
6074.382324 766.840393
6342.065918 687.578003
5477.078613 500.182281
6526.005859 134.911850
6457.000000 21.000000
