180 2
-1338.000000 21.000000
-1337.796265 44.351318
-1338.184326 67.730423
-1337.164917 91.077843
-1335.738281 114.403915
-1332.908447 137.614380
-1340.615479 161.904373
-1337.952271 185.279877
-1334.881348 208.605347
-1331.403931 231.873657
-1330.475220 255.598694
-1333.049683 280.118622
-1330.280762 303.759888
-1334.886963 329.182953
-1329.305176 352.432983
-1323.318359 375.582092
-1325.579834 401.103912
-1326.394653 426.519562
-1321.017456 450.224609
-1319.943970 475.493134
-1321.207886 501.880310
-1321.016357 528.090637
-1216.465210 512.483826
-1201.258789 530.904114
-1172.078857 542.843140
-1051.317017 511.237183
-1035.410767 526.003540
-1030.894531 546.267029
-1016.272705 561.361755
-1021.555847 587.257629
-1023.642029 612.000000
-1022.600586 635.440430
-1026.986206 662.732239
-1024.016724 686.004272
-1019.716187 708.807251
-1023.120911 737.396973
-1025.024536 765.723938
-1018.260254 788.314148
-1020.473938 818.281616
-1018.061218 845.409729
-1008.880554 867.551270
-1004.518433 894.214539
-1292.328857 1184.618164
-1292.302002 1226.091064
-1291.934326 1268.606445
-1282.691650 1303.691650
-1280.255371 1346.743286
-1276.018921 1389.362793
-2319.875732 2597.483154
-2316.544434 2685.879639
-2313.392578 2777.993896
-2301.424561 2863.022705
-2303.805176 2969.736328
-2299.535156 3072.586182
-2300.003662 3186.683594
-2291.437744 3293.512451
-2223.351074 3317.253418
-2138.797607 3314.459229
-2061.915771 3320.755127
-2027.189819 3394.810547
-2024.000000 3526.670898
-2038.139648 3697.901367
-2033.281372 3845.046143
-2022.981689 3991.324951
-2014.753784 4151.857422
-2010.395020 4332.306152
-2000.737549 4514.729980
-1974.364380 4672.311035
-2207.182129 5483.967285
-2210.055176 5778.390625
-2175.248047 5997.444824
-2061.171875 6007.078125
-1940.935791 5994.585938
-1927.314331 6324.960938
-1903.000244 6657.550781
-1778.086792 6656.910645
-1650.149292 6639.387207
-1527.867554 6638.921387
-1404.027588 6626.430664
-1284.907715 6631.277344
-1164.311035 6624.135742
-1044.043579 6612.832031
-924.805237 6601.331543
-834.195679 6814.978516
-710.061829 6776.787109
-587.778320 6739.336914
-491.992401 7056.819336
-493.737396 9442.071289
-339.048615 9730.082031
-210.476028 12079.163086
-0.000000 12071.000000
209.708115 12035.169922
419.701355 12039.673828
629.235229 12027.522461
839.309875 12023.690430
1048.222168 12002.233398
1307.755615 12463.463867
1557.733887 12707.724609
1375.865234 9810.790039
1525.079590 9649.973633
1669.800903 9490.911133
1811.540649 9340.568359
1956.656982 9226.346680
1922.656616 8348.941406
1892.071167 7609.683105
1868.155884 6993.052734
1849.250977 6470.104492
1903.235718 5878.557129
2003.220825 5838.775879
2110.264404 5818.903320
2105.770020 5506.718750
1774.511475 4413.069824
1786.813477 4230.468750
1774.591919 4006.798828
1766.121704 3808.460205
1756.991577 3623.366455
1753.311279 3462.067139
1725.777466 3266.715332
1733.679199 3148.640137
1803.000000 3143.887695
1875.768677 3142.803223
1955.932007 3151.145508
1984.119995 3076.276855
1977.865356 2953.305908
1978.265137 2846.255371
1964.966064 2725.543701
1963.120605 2626.148926
1959.034790 2528.450195
1951.522583 2430.929688
1062.527954 1287.271484
1060.191406 1240.610718
1056.557251 1194.425659
1053.687500 1150.941528
1053.796753 1112.238525
1053.589111 1074.589111
1052.394165 1037.285156
1049.492554 999.667664
1052.293091 968.488953
1047.536865 931.609924
1047.948853 900.333435
1046.815552 868.694580
1046.478271 838.598450
1045.413940 808.775879
1045.250000 780.418518
1041.961426 750.589233
1042.929321 724.464661
1033.242188 691.995300
1032.074585 665.911743
1045.744141 649.346436
1098.120239 655.000000
1138.754883 652.222107
1170.788452 643.519287
1174.346558 619.359497
1175.622559 594.389465
1170.043335 566.600159
1171.165283 542.436401
1171.802734 518.400757
1171.033203 494.128113
1170.709839 470.393402
1170.857056 447.157104
1168.661011 423.402252
1167.897461 400.472870
1173.385986 379.740082
1169.855469 356.450653
1174.565796 335.723969
1171.146973 312.999725
1167.295288 290.491364
1162.039307 267.999084
1164.209839 247.299469
1167.982056 226.946732
1165.472290 205.592667
1162.574707 184.389221
1161.279053 163.587128
1157.623535 142.671127
1154.589600 122.013504
1158.171875 101.987267
1151.419800 81.343361
1156.295166 61.378719
1157.823608 41.209888
1158.000000 21.000000
