178 2
-1685.000000 21.000000
-1686.743042 50.442211
-1676.977783 79.561356
-1676.698975 108.872070
-1674.910034 138.121124
-1674.603271 167.508804
-1669.802246 196.503296
-1671.447754 226.227982
-1662.660034 254.671631
-1660.304077 283.966339
-1657.431396 313.249878
-1631.464355 338.124542
-1644.266113 370.499542
-1330.015137 328.058197
-1347.740723 357.029510
-1103.087280 316.571350
-1109.296021 339.085510
-1105.488281 358.981689
-1101.323486 378.841675
-1101.529175 400.286896
-1106.018188 423.557709
-1100.691284 443.515808
-1096.858521 464.159607
-1323.686035 582.871338
-1788.722046 817.390320
-1791.770508 856.516296
-1785.903809 892.043457
-1778.448975 927.165039
-1771.192871 962.759949
-1770.230347 1002.254700
-1761.495728 1038.000000
-1759.764526 1078.373169
-1758.003662 1119.522583
-1754.498779 1160.384888
-1750.927368 1202.015381
-1746.432129 1243.864990
-1740.195557 1285.326050
-1737.032227 1329.947632
-1735.987671 1377.302246
-1726.818359 1419.349854
-1723.599976 1467.272095
-1719.983154 1516.158569
-1714.435059 1564.684326
-1707.710938 1613.466187
-1699.080566 1661.783081
-1696.349121 1717.349121
-1692.187744 1773.311768
-1679.079956 1821.592773
-1668.811768 1874.403198
-1655.892944 1925.886963
-1594.756104 1921.556274
-1534.283081 1915.681885
-1478.818848 1913.801880
-1423.894287 1910.571655
-1368.951904 1905.200562
-1314.063599 1897.677368
-1260.420776 1889.650635
-1212.911133 1888.719360
-1158.933472 1875.681152
-1128.963501 1899.910767
-1119.500000 1960.030884
-1112.153320 2027.377563
-1108.422363 2105.639160
-1095.933105 2171.889648
-1088.913940 2253.604492
-1079.789673 2336.616455
-1068.090454 2419.970459
-1058.490601 2514.647705
-1048.898438 2617.114746
-1036.041748 2719.980957
-1024.350342 2835.379395
-1009.586853 2953.053223
-994.725708 3082.450928
-981.199463 3230.358643
-964.730774 3385.416016
-948.830627 3562.083984
-931.883118 3758.579102
-912.401489 3973.044922
-842.250244 3983.475830
-769.723511 3980.884033
-695.113647 3963.185547
-624.017090 3960.888672
-551.542969 3945.432373
-481.262024 3940.564697
-411.633087 3937.427246
-341.911987 3929.071777
-272.468781 3917.485107
-203.848557 3910.662109
-135.654343 3905.632080
-67.540810 3890.410645
-0.000000 4274.000000
74.294891 4277.351562
151.149719 4349.361816
501.849487 9596.858398
673.080200 9646.495117
1607.239014 18391.826172
2248.123779 18330.498047
1500.050049 9491.943359
1666.154297 9470.230469
1571.121216 8103.718262
891.941162 4217.253418
962.565552 4190.329590
1037.119141 4180.657715
656.106262 2469.622070
704.804749 2478.946045
1264.215210 4156.061523
1341.751831 4150.487305
603.603333 1773.991455
691.564758 1921.058472
969.385315 2546.334961
1053.019165 2627.313721
957.682007 2277.157471
1157.979248 2621.864014
1210.378662 2616.665527
530.429077 1108.540771
541.610657 1083.970825
559.610107 1073.473511
1402.069458 2550.400146
1400.000000 2445.871094
1495.670532 2510.213867
766.263245 1247.277588
775.565979 1215.266846
911.484436 1372.331299
953.857605 1383.249878
494.327393 701.383301
485.664734 665.498840
499.301453 660.076721
511.008148 652.042542
532.870911 656.050842
574.051636 681.370911
648.387573 741.107361
666.312378 735.532593
677.986572 723.075623
671.044312 692.044312
674.740723 672.589539
645.053955 622.522583
662.142029 617.195374
684.521606 616.045532
717.017578 622.649231
744.505859 623.888916
738.366089 597.874817
497.549927 395.930756
499.972504 384.251282
516.884949 382.926727
514.832336 368.258789
601.326782 411.506195
964.230713 623.518188
961.741699 598.872742
963.886292 577.500000
962.956299 554.775391
949.168640 525.681946
955.158997 507.677826
957.215637 487.865265
3477.502930 1642.586304
1381.677734 607.487427
1368.523315 573.919312
1382.632568 551.742920
1379.468750 523.085571
1377.620605 495.352814
1370.472412 466.293488
1368.472046 439.383911
1371.720459 414.334503
1343.602783 381.017303
1356.473389 359.206818
1353.400024 333.457001
1363.537720 310.828888
1565.695312 325.340363
2435.429688 450.431946
2421.811768 404.577301
2441.010742 364.061707
2476.402588 325.064026
2783.666748 313.575165
3631.129639 338.682678
2586.683594 201.878540
5947.837402 332.712952
6059.306641 232.595642
5580.149902 118.401878
5578.000000 21.000000
