169 2
-1539.000000 21.000000
-1529.766968 47.702183
-1522.072266 74.151932
-1510.926514 100.184303
-1499.338745 125.843979
-1478.352905 150.339127
-1466.919800 175.179489
-1456.065186 199.782333
-1442.820557 223.775208
-1429.185059 247.360672
-1418.123169 271.053375
-1404.708496 294.047668
-1400.707397 318.729553
-1386.528564 341.105347
-968.355164 262.438049
-954.334717 276.713226
-938.191406 290.022064
-929.528198 305.185303
-910.161072 316.729279
-903.915771 332.243164
-880.492004 341.472870
-860.761169 351.415253
-855.790710 366.761871
-845.943970 380.081909
-845.029541 397.231384
-833.803162 409.808807
-836.777283 429.123535
-839.328125 448.659058
-843.214966 469.345337
-837.011047 484.962799
-837.446594 504.500000
-841.738281 526.767395
-839.567627 545.620056
-1143.946655 763.887634
-1151.533203 797.718933
-1145.174561 822.859863
-1134.241821 845.074951
-16856.798828 12723.509766
-11685.166992 9483.460938
-10739.943359 9032.881836
-9720.659180 8471.040039
-8956.381836 8085.362305
-8298.670898 7759.635254
-7705.567871 7462.180664
-7180.669434 7201.669434
-6714.567871 6974.138672
-5873.628418 6544.325195
-5508.271484 6357.541504
-4671.780273 5588.610840
-4570.124512 5664.633789
-4493.712891 5772.690430
-4418.525879 5884.582031
-4353.137695 6012.580078
-4282.321777 6136.789062
-4205.689941 6256.191406
-4353.844238 6725.332520
-8589.991211 13767.859375
-1934.483032 3240.520264
-1830.000000 3190.653076
-1725.437378 3133.771484
-1628.127319 3083.062256
-1542.205688 3047.749268
-1452.323608 2998.704590
-1369.705811 2958.343506
-1290.982056 2920.593262
-1213.610840 2880.088135
-1142.550171 2848.910645
-1069.011597 2805.870361
-1001.092957 2771.480225
-937.961853 2745.039062
-872.973022 2707.734619
-812.793335 2679.527100
-755.521973 2655.818359
-697.258484 2623.204102
-642.786499 2599.075684
-587.347229 2565.080322
-535.372620 2539.729980
-484.273224 2512.369873
-436.377869 2495.821777
-387.488159 2467.503906
-340.974091 2447.156738
-295.289429 2425.939209
-250.136612 2400.890869
-206.123337 2377.000488
-162.951126 2351.309570
-121.053070 2330.830078
-80.129242 2315.601318
-39.721676 2296.653320
-0.000000 2278.000000
39.041035 2257.659180
77.441986 2238.648193
115.243774 2219.982178
152.278381 2198.682373
189.389435 2185.730957
225.049774 2162.205566
261.166016 2148.026367
296.995392 2134.232178
330.702454 2108.973145
365.529419 2094.020264
399.744843 2077.509033
433.287964 2059.459717
466.773438 2042.817871
501.987946 2034.363647
534.720154 2016.602783
566.434753 1996.392822
598.192505 1977.599487
632.866821 1968.763794
663.507874 1947.966797
697.037048 1936.093506
727.128540 1915.234741
760.076782 1902.255981
788.886169 1879.499268
821.608032 1866.361816
854.111511 1852.648071
885.948059 1837.462769
917.514771 1821.724243
949.740967 1807.203003
975.436951 1780.734863
1024.000000 1794.619995
1084.670166 1826.194336
13286.666016 21284.109375
5919.681641 9136.510742
14087.187500 20906.115234
14482.231445 20703.769531
14882.134766 20504.501953
15284.295898 20303.945312
15682.128906 20093.208984
7011.258301 8679.183594
16523.498047 19712.937500
1766.452759 1451.445190
1762.780029 1398.234741
1793.735352 1372.676514
1831.614502 1351.745850
1870.124146 1330.474976
1915.905884 1313.294800
1925.587646 1271.491211
1905.564087 1211.728638
1899.482788 1162.324341
1896.595581 1116.000000
1863.814575 1054.129272
1832.999146 995.622986
1806.961182 941.692749
1781.409790 889.851624
1754.611816 839.188965
1734.822876 793.392883
1714.900513 748.932068
1692.110474 704.657043
1676.710449 664.628845
1653.859009 622.955444
1634.801636 583.907349
1616.796021 546.328918
1597.985229 509.553131
1579.353027 473.872162
1559.970215 438.992767
1495.225708 393.801636
1491.760620 365.400055
1478.959229 335.362488
1462.624512 305.305389
1446.682617 276.089172
1435.111206 248.299271
1412.122314 219.460846
1409.415527 194.054474
1393.325195 167.444382
1378.733521 141.623550
1363.670044 116.357101
1343.156738 91.391861
1332.187988 67.521027
1343.795288 44.456036
1350.000000 21.000000
