181 2
-1003.000000 21.000000
-1010.846008 38.644382
-1017.379883 56.527687
-1017.603516 74.330338
-1007.539673 91.454041
-1015.122375 109.811699
-1022.368530 128.455261
-1019.344910 146.159821
-1022.946899 164.765808
-1020.282043 182.596802
-1028.139282 202.288696
-1022.855530 219.822968
-1021.186096 238.059799
-1027.960449 258.323364
-1031.424316 278.162964
-1035.472534 298.454010
-1032.395020 317.034515
-1036.634399 337.930939
-1041.406860 359.373596
-1042.906982 380.101685
-1045.877930 401.668427
-1046.543701 422.730469
-1047.717773 444.305450
-1046.614014 465.261292
-1047.836670 487.526917
-1055.848633 513.350281
-1049.791504 533.017517
-1047.823730 554.892822
-1056.005371 582.487976
-1061.788330 609.558899
-1060.015137 633.000000
-1063.744629 660.162231
-1069.388672 689.228210
-1065.111572 712.691589
-1067.800415 741.240479
-1069.812622 770.090820
-1071.947510 799.815430
-1074.164795 830.441223
-1082.726807 866.918884
-1081.010010 896.384644
-1087.017090 933.115601
-1083.008301 962.444702
-1087.220825 999.938049
-1089.717041 1037.177612
-1091.957764 1075.491455
-1100.258179 1121.258179
-1100.338867 1160.434204
-1110.293335 1211.643799
-1114.102417 1258.336182
-1116.612427 1305.515747
-1121.021606 1356.981567
-1121.448975 1405.874146
-1126.044800 1462.271729
-1132.014038 1523.233398
-1137.364502 1586.447876
-1143.711426 1654.389160
-1152.496582 1729.646484
-1154.090088 1798.142944
-1163.172729 1882.465576
-1169.136475 1966.769775
-1179.500000 2063.953857
-1185.359497 2159.445068
-1198.560913 2275.165283
-1205.798828 2387.513428
-1219.986938 2522.343750
-1232.354858 2663.793457
-1246.647827 2821.016846
-1258.544922 2985.946045
-1273.662476 3173.425049
-1297.291992 3400.561035
-1220.327881 3373.823242
-1139.814087 3331.260498
-1129.766113 3498.062744
-1117.152344 3675.040527
-1105.305786 3875.659424
-1085.745850 4073.058838
-1901.022217 7645.583984
-1762.491455 7655.189453
-1632.730469 7702.393066
-1422.671875 7340.012207
-1313.474854 7470.085938
-1183.113892 7490.886719
-1074.973022 7669.830566
-936.078430 7644.747070
-803.928406 7669.867676
-658.810242 7551.235840
-289.140594 4155.902832
-217.194214 4165.312500
-145.147003 4177.466309
-63.387138 3652.446777
-0.000000 2923.000000
42.042847 2429.633057
71.578865 2070.750488
92.320625 1782.582520
122.073830 1766.737061
141.540924 1638.820190
153.029663 1476.980103
165.254837 1366.892578
173.688034 1256.854492
182.402588 1172.644653
188.060974 1087.546753
171.728088 904.464478
176.724930 852.425476
181.760452 808.291016
184.102570 759.395020
189.973175 729.989563
192.119232 690.999390
196.473785 663.636780
198.697922 632.529358
200.875549 604.384949
202.475922 577.298035
205.703201 556.875183
208.281265 536.514221
209.822617 515.311096
211.096313 495.130096
215.112701 482.310669
215.240234 462.307892
217.915436 448.683136
220.182159 435.102417
222.527618 422.450439
225.000000 410.711426
221.981415 390.439117
222.566086 377.180206
223.846649 365.693604
224.236359 353.444061
230.577728 350.299133
229.824036 337.325653
231.096970 327.676025
230.873047 316.504028
230.331268 305.435425
233.331909 299.074127
232.900955 288.921906
236.203110 283.330109
240.063416 278.436493
236.878510 266.294861
240.416306 261.416321
238.101471 250.931915
241.346725 246.059464
237.806351 235.121796
235.469391 225.690414
238.239822 220.906952
240.138107 215.460007
235.615219 205.082779
238.792023 200.942688
241.087067 196.160004
244.107315 191.925781
247.882233 188.198685
241.537125 177.856049
245.085907 174.146667
246.864182 169.330963
247.683258 164.000000
250.141235 159.655548
245.459427 151.513092
247.699814 147.209366
251.662338 143.743927
246.515717 135.952164
247.570816 131.225632
251.297821 127.669601
254.975555 124.016815
246.465225 115.609138
257.475769 114.713516
258.126556 109.880104
251.078918 102.580490
257.245972 99.647987
263.385712 96.524635
252.106644 88.551773
251.306595 83.657768
253.336212 79.487274
252.362076 74.641212
253.259811 70.228722
256.050018 66.148529
261.737396 62.455132
261.430756 57.741699
262.032196 53.173508
258.575684 48.177399
259.010620 43.660492
259.366638 39.136684
249.657379 34.083988
252.845886 29.829573
253.961319 25.432911
253.000000 21.000000
