176 2
-1642.000000 21.000000
-1649.748657 49.796471
-1655.990601 78.828468
-1659.722290 107.982361
-1503.328979 126.123009
-1573.987671 158.706070
-1323.708618 160.127380
-1338.944702 185.401749
-1187.201416 209.034225
-1204.419922 233.371719
-1207.401489 255.695068
-1200.187134 276.107635
-1212.116333 300.839111
-1220.632080 325.337738
-1218.032471 347.370819
-1340.960083 405.514099
-1613.286133 514.231079
-1737.580200 585.574036
-1742.590698 621.022095
-1749.707642 657.841492
-1756.064819 695.090088
-1761.649292 732.752502
-1766.448853 770.813049
-1776.845947 812.102783
-1779.988525 851.022278
-1791.296509 894.673706
-1359.675903 713.789490
-1352.675659 740.230408
-1660.028198 941.168640
-1645.448242 971.000000
-1496.188232 992.636047
-1445.841553 996.232422
-1404.845703 1004.683594
-1363.193604 1011.418152
-1334.519897 1026.632935
-1326.222046 1057.158203
-1327.365356 1095.879272
-1336.747559 1142.664429
-1352.439575 1196.657837
-1481.830811 1355.246460
-1443.692261 1367.264771
-1401.273926 1374.194458
-1356.937866 1377.937866
-1321.240234 1389.184326
-1278.746948 1392.288208
-1243.244629 1401.763062
-1207.148560 1409.665649
-1170.516235 1415.966919
-1133.406006 1420.639893
-1098.340088 1426.811157
-1064.610718 1433.786255
-1033.326416 1443.251831
-1025.554688 1485.643799
-1041.217163 1564.667969
-1057.688965 1649.698242
-1069.377075 1732.361084
-1085.185181 1827.051514
-1105.000000 1934.916138
-1126.697510 2053.616211
-1149.266357 2182.455811
-2289.474121 4514.345703
-2252.351074 4639.003906
-2791.393555 6007.163086
-2719.034424 6128.051270
-2753.091553 6506.877441
-2933.169678 7280.849609
-3065.121094 8005.913574
-2949.923828 8125.848633
-2799.560547 8151.514160
-2653.529053 8187.722168
-2503.871338 8210.793945
-2357.250732 8241.709961
-2286.925049 8555.920898
-2175.845459 8747.839844
-3207.802002 13915.517578
-4784.463867 22530.132812
-4002.069580 22717.865234
-835.985779 5299.206543
-706.303467 5046.610352
-500.882996 4100.364746
-614.836426 5870.777832
-347.315643 3990.835938
-265.283875 3814.736084
-205.627975 3944.615479
-88.784317 2563.450195
-46.580471 2689.593506
-0.000000 2567.000000
43.404137 2507.621338
86.027260 2484.498291
118.279259 2277.902832
167.624802 2418.146484
220.068253 2536.391602
268.533630 2575.926758
317.591522 2607.575195
363.659302 2608.570557
402.662323 2563.309814
1276.661377 7261.306641
784.797424 4058.432617
1167.424194 5513.298828
931.522339 4055.866455
1560.161255 5843.601074
2733.219971 9552.871094
2150.101562 7053.665039
3118.908447 9620.013672
1087.072021 3178.086426
1164.236572 3219.713623
1538.832031 4029.794434
1991.034058 4948.982422
2263.114746 5352.563965
1275.932861 2886.791992
1300.818970 2810.615479
1207.274170 2496.278809
1299.320801 2571.060791
1329.543457 2521.507568
1373.465698 2498.797607
1436.000000 2508.224854
1504.426270 2524.785645
1576.509766 2543.943115
1644.265259 2552.946533
1718.399780 2568.632568
2062.580811 2966.670654
2064.301758 2862.267578
2026.912964 2710.804443
2056.925049 2653.743896
2121.438965 2640.759033
2130.840820 2560.437256
2371.653320 2749.275146
2636.374512 2948.990723
2668.659668 2882.787109
2528.556396 2639.396973
2696.198242 2717.198242
2745.719971 2672.510986
2862.518311 2690.341553
2838.813232 2577.078857
3204.496826 2806.626709
4603.927246 3884.153564
4611.583984 3755.387207
4717.032227 3706.349609
4715.942871 3574.717773
4740.030762 3464.833740
4919.007812 3465.326416
4900.440918 3326.389160
4923.834961 3218.575684
4939.880371 3107.779785
4955.284180 2998.435059
4975.315918 2893.500000
5000.200684 2792.656494
5014.259277 2687.128906
5034.187012 2586.046387
5211.208008 2562.676025
5552.041504 2609.959473
5519.641602 2478.502686
5535.916016 2370.856934
5557.540039 2266.391846
5579.076660 2162.606934
5606.206055 2061.492188
5621.107910 1956.502686
5684.464844 1867.994629
5699.576172 1763.535400
5316.738281 1545.550171
5564.698730 1512.056519
5580.170898 1412.292847
5603.602051 1314.693481
5625.326660 1216.700073
5638.466309 1117.006836
5655.750977 1018.261475
5191.290039 843.219543
2292.470459 343.185730
1938.442627 259.010834
2296.351074 262.356232
2300.213623 222.242615
2312.353516 182.695511
2323.811035 142.785767
2333.577637 102.490326
2343.643066 61.908440
2344.000000 21.000000
