177 2
-1028.000000 21.000000
-1048.840210 39.307575
-1058.354858 57.958569
-1086.508911 77.941521
-1455.445923 122.774696
-1962.503540 192.696808
-1989.043823 230.056931
-1910.651367 255.598480
-1878.538574 285.011383
-1551.658325 266.758545
-1819.924683 341.901825
-1799.322632 370.752899
-1772.403442 397.735992
-1731.455566 420.738037
-1712.571899 447.992157
-1676.847290 470.309875
-1658.176392 496.474426
-1637.193726 521.540344
-1650.083008 557.144470
-1660.330566 592.697693
-1739.371094 654.079285
-2420.773926 950.248108
-2369.881836 978.494446
-2017.746582 877.482605
-2289.344971 1040.281982
-2250.362305 1070.361084
-2223.616455 1105.530273
-2199.895020 1141.902588
-2165.870361 1172.613770
-2228.531006 1256.294922
-2422.272949 1419.500000
-2376.067871 1448.685547
-2336.372559 1480.927612
-2305.505371 1518.212646
-2264.101562 1548.155762
-2231.370117 1583.422241
-2190.009033 1612.134644
-2156.315918 1645.900513
-2119.749023 1677.129395
-2261.494629 1852.322388
-2464.364990 2088.847656
-7288.985352 6357.218262
-7163.916016 6471.418945
-7035.622559 6581.824219
-6908.539551 6692.499023
-6783.982422 6804.982422
-6698.590820 6957.593750
-6851.355469 7368.179199
-16124.040039 17928.560547
-15805.774414 18203.462891
-15481.540039 18471.179688
-9642.447266 11928.430664
-4202.505371 5399.961426
-3693.940674 4923.024902
-4102.153320 5667.129395
-3997.827881 5730.489746
-4778.862793 7105.955078
-2672.543701 4136.356445
-1944.803711 3133.336426
-1828.500000 3188.054932
-1730.285522 3142.517822
-1572.260254 2977.991455
-1613.482178 3187.637207
-1568.930298 3237.783936
-1531.145996 3304.553223
-1485.402222 3357.268066
-4092.517822 9662.368164
-3950.601074 9799.081055
-1857.062744 4858.813965
-1779.872803 4911.160156
-2176.097656 6340.846191
-3188.605713 10450.459961
-1210.874878 4243.822754
-1152.003540 4320.335938
-1293.072510 5207.230469
-1301.566772 5658.705078
-864.288879 4087.159668
-725.455811 3753.146484
-668.371826 3811.525146
-631.369507 4007.310059
-566.712891 4053.371582
-497.470673 4072.573486
-425.430847 4068.704102
-877.048218 10045.707031
-305.672882 4392.325684
-224.102570 4297.131836
-147.659775 4249.422363
-73.928391 4256.354980
-0.000000 4257.000000
75.150063 4326.344238
157.955124 4544.242676
250.584564 4802.437988
314.880737 4524.003906
405.274200 4653.305176
488.670563 4670.389648
576.563843 4716.735840
649.799194 4644.561523
1124.294556 7119.516113
1260.338501 7168.734863
1402.827759 7237.922852
1514.428711 7145.827148
1657.889282 7202.107422
1766.997559 7108.040039
1718.558472 6434.747559
1979.064087 6494.227051
2040.439209 6300.826172
2125.308838 6193.345215
2210.818115 6095.173340
2294.988281 5999.648926
2378.002686 5906.763184
2449.884277 5792.565430
2540.477051 5727.004883
2744.060303 5905.656250
1052.967529 2179.903320
3002.239258 5913.226074
1278.371094 2425.266357
1319.651733 2401.714844
1352.000000 2362.732666
1383.907349 2324.208496
1415.944214 2286.984619
1141.563477 1778.853516
1454.460693 2177.326660
1515.962524 2186.018799
1548.226318 2151.950684
1585.180786 2124.605957
1617.342651 2091.104248
1641.896851 2048.573730
1364.638062 1647.312378
1388.876953 1618.720215
1413.203857 1590.521851
1447.200562 1572.932495
1472.675781 1546.000366
1590.990234 1611.990234
1735.766968 1697.210693
1851.787598 1747.819824
1885.358398 1718.584351
1913.943481 1684.765747
1936.560303 1645.967041
1963.847900 1611.292603
1998.395264 1582.317505
2023.742432 1545.999268
1605.089722 1187.165894
1811.145142 1289.177490
2111.558594 1445.264282
2136.093994 1408.195679
2154.890137 1367.524902
2194.348389 1339.497437
2223.087158 1304.500000
2153.313721 1214.601318
1962.792480 1064.635254
1860.421631 968.932190
1884.771118 940.264282
1902.340088 908.075745
1934.889282 882.468201
2031.554199 883.343628
2465.381836 1017.078918
2495.460449 978.917542
2528.712891 941.376221
2561.409912 902.964111
2594.482178 863.998352
2635.575928 826.776428
2300.299316 680.600220
2200.379150 610.589783
2737.204346 703.461670
2775.005859 661.660583
2672.299316 589.014709
2513.229492 464.150146
2278.596924 381.894318
2404.370850 358.912292
2429.752930 319.336151
2452.490967 278.767181
2488.494385 238.715042
3130.355957 239.895813
3170.648682 187.166656
3228.032471 133.725372
3272.501465 78.121727
3199.000000 21.000000
