22 4
-2153.0000000000 21.0000000000 -2153.2265625000 979.6782836914
-2153.2265625000 979.6782836914 -2412.5913085938 1146.0097656250
-2412.5913085938 1146.0097656250 -2442.2272949219 1861.3503417969
-2442.2272949219 1861.3503417969 -2437.5151367188 2215.7482910156
-2437.5151367188 2215.7482910156 -2192.7380371094 2213.7380371094
-2192.7380371094 2213.7380371094 -2236.0825195312 2883.0551757812
-2236.0825195312 2883.0551757812 -1170.6456298828 2918.4494628906
-1170.6456298828 2918.4494628906 -1162.1844482422 3214.0754394531
-1162.1844482422 3214.0754394531 -882.8664550781 3099.9211425781
-882.8664550781 3099.9211425781 -916.2256469727 3989.6093750000
-1088.3745117188 5620.2016601562 -859.8114013672 6138.8759765625
-1030.7708740234 8415.9550781250 294.1678466797 8444.8652343750
294.1678466797 8444.8652343750 837.3775024414 7988.1147460938
773.2609863281 6318.7055664062 1060.8167724609 6037.1904296875
1060.8167724609 6037.1904296875 1120.4304199219 5785.1147460938
1243.1040039062 5869.3447265625 1282.6708984375 5576.8579101562
1282.6708984375 5576.8579101562 1433.6291503906 5770.9726562500
1433.6291503906 5770.9726562500 1560.9354248047 2424.6298828125
1560.9354248047 2424.6298828125 1826.9171142578 2277.0546875000
1826.9171142578 2277.0546875000 1845.3677978516 1361.7381591797
1845.3677978516 1361.7381591797 1602.5296630859 1101.9199218750
1602.5296630859 1101.9199218750 1655.0000000000 21.0000000000
