11 4
-977.0000000000 21.0000000000 -696.1333618164 4416.2128906250
-775.1941528320 5536.7929687500 -601.9794311523 5748.4516601562
425.7389526367 12212.5683593750 1489.4870605469 12151.8994140625
1489.4870605469 12151.8994140625 1689.9790039062 12045.8251953125
3139.3803710938 16171.7119140625 3720.4655761719 16136.1064453125
2489.1318359375 7681.7602539062 2226.0500488281 3200.1291503906
1838.7708740234 2063.1618652344 2604.2255859375 1913.0806884766
4267.7822265625 3009.3332519531 4335.5522460938 2626.0625000000
4513.0375976562 2522.6176757812 7710.6850585938 2378.3930664062
7710.6850585938 2378.3930664062 8008.2709960938 2317.3347167969
8008.2709960938 2317.3347167969 8869.9833984375 1745.1500244141
