18 4
-624.0000000000 21.0000000000 -566.8532104492 417.9148864746
-431.0418701172 357.7668151855 -192.2285308838 1111.1821289062
-699.7623291016 5000.0678710938 -642.0076904297 5249.7329101562
-642.0076904297 5249.7329101562 -398.9118347168 4580.5830078125
-398.9118347168 4580.5830078125 -0.0000000000 4753.0000000000
-0.0000000000 4753.0000000000 180.1163024902 5178.8559570312
225.9343261719 4332.0834960938 707.4168701172 5054.5327148438
707.4168701172 5054.5327148438 717.0955810547 4548.5634765625
717.0955810547 4548.5634765625 1080.4399414062 4700.8994140625
1080.4399414062 4700.8994140625 1143.9802246094 4290.3920898438
1143.9802246094 4290.3920898438 1496.6507568359 4916.3242187500
1496.6507568359 4916.3242187500 1514.8686523438 4420.4980468750
1514.8686523438 4420.4980468750 1867.0393066406 4642.0844726562
1867.0393066406 4642.0844726562 1897.0196533203 4281.7758789062
1897.0196533203 4281.7758789062 2026.5898437500 4176.1250000000
2026.5898437500 4176.1250000000 2277.8759765625 4305.0615234375
586.6196289062 1079.2897949219 787.4147949219 959.4044189453
787.4147949219 959.4044189453 648.0000000000 21.0000000000
