24 4
-374.0000000000 21.0000000000 -278.8551940918 450.3993225098
-278.8551940918 450.3993225098 -416.5000000000 742.3991699219
-3955.2844238281 8503.1347656250 -3190.1496582031 7916.8979492188
-2546.3000488281 7857.7055664062 -2374.3400878906 8301.3085937500
-1073.6494140625 4327.1723632812 -753.6955566406 3898.4274902344
-753.6955566406 3898.4274902344 -220.1773681641 4222.2343750000
-220.1773681641 4222.2343750000 -63.5965690613 3664.4450683594
64.8007888794 3733.4345703125 306.2309265137 4400.3061523438
306.2309265137 4400.3061523438 344.8752746582 3962.9423828125
344.8752746582 3962.9423828125 712.4784545898 4061.6662597656
712.4784545898 4061.6662597656 853.4642944336 3717.7600097656
1161.3210449219 4355.1093750000 1179.4274902344 3878.7333984375
1179.4274902344 3878.7333984375 1568.8464355469 4331.3701171875
1568.8464355469 4331.3701171875 1490.0939941406 3902.8273925781
1490.0939941406 3902.8273925781 1700.6158447266 3667.9824218750
1700.6158447266 3667.9824218750 2097.7712402344 3805.4794921875
2097.7712402344 3805.4794921875 2553.5588378906 4270.8354492188
2553.5588378906 4270.8354492188 2318.9267578125 3732.0583496094
2447.0280761719 3648.8684082031 3098.1442871094 3846.8896484375
3098.1442871094 3846.8896484375 3178.6059570312 3677.5678710938
3178.6059570312 3677.5678710938 3847.7485351562 3736.7275390625
3847.7485351562 3736.7275390625 3813.8193359375 3454.9782714844
507.9195556641 462.5277404785 706.9200439453 350.6422424316
706.9200439453 350.6422424316 683.0000000000 21.0000000000
