23 4
-2995.0000000000 21.0000000000 -3052.9670410156 896.4242553711
-3052.9670410156 896.4242553711 -875.1827392578 1027.7825927734
-875.1827392578 1027.7825927734 -451.5222778320 946.7578735352
-451.5222778320 946.7578735352 -424.3309936523 1722.8986816406
-543.0318603516 2373.1293945312 -568.3264160156 3609.2717285156
-623.0780029297 4454.4301757812 -587.2883911133 4804.0800781250
-412.8783569336 7899.1884765625 137.7343902588 7911.7978515625
1030.4426269531 14757.0166015625 1252.8637695312 14341.2988281250
532.9906616211 5092.0673828125 572.8653564453 3269.8808593750
349.1804504395 1817.3776855469 706.5080566406 1769.6687011719
704.0974731445 1679.7497558594 1009.0000000000 1768.6392822266
1088.9841308594 1763.7388916016 1270.7917480469 1770.0947265625
1270.7917480469 1770.0947265625 1052.1654052734 1367.7103271484
1052.1654052734 1367.7103271484 1415.3415527344 1768.8012695312
1415.3415527344 1768.8012695312 1647.7296142578 1727.2740478516
1935.1491699219 1763.4161376953 2425.4328613281 1783.1801757812
2726.5180664062 1791.6214599609 3197.6096191406 1793.4639892578
2594.9829101562 1400.7769775391 2370.3605957031 930.8962402344
2370.3605957031 930.8962402344 2801.9729003906 877.6491088867
3782.5646972656 1105.6329345703 3295.7390136719 904.0905761719
3295.7390136719 904.0905761719 4118.6621093750 971.8681030273
4118.6621093750 971.8681030273 4156.7832031250 531.3887939453
2502.2170410156 283.9936218262 2522.0000000000 21.0000000000
