25 4
-1460.0000000000 21.0000000000 -1219.3420410156 1008.4036865234
-1219.3420410156 1008.4036865234 -928.0635986328 982.0379638672
-928.0635986328 982.0379638672 -872.3409423828 1314.2985839844
-872.3409423828 1314.2985839844 -1092.5458984375 1703.3731689453
-1092.5458984375 1703.3731689453 -1001.7923583984 2271.0625000000
-1001.7923583984 2271.0625000000 -741.6442260742 2174.8913574219
-741.6442260742 2174.8913574219 -663.8708496094 2498.5998535156
-1342.9084472656 5407.1118164062 -1150.4191894531 6545.3515625000
-1221.1274414062 7730.8950195312 -945.8280029297 7724.1508789062
-945.8280029297 7724.1508789062 -868.3179321289 8282.4931640625
-868.3179321289 8282.4931640625 142.5163574219 8185.7563476562
142.5163574219 8185.7563476562 291.3758850098 8364.9140625000
434.8594665527 8318.6132812500 598.2315063477 8576.1093750000
966.6443481445 11069.7949218750 1195.0739746094 11391.3691406250
1658.0324707031 13524.5908203125 2807.0156250000 13226.9707031250
2807.0156250000 13226.9707031250 3160.3374023438 13709.9248046875
2771.4572753906 11136.7080078125 3214.9191894531 10536.5273437500
2824.2978515625 7378.5473632812 2991.0468750000 7067.4648437500
2488.3762207031 5357.3403320312 2351.6708984375 4636.4135742188
1423.4377441406 2698.0971679688 1320.7496337891 2054.7761230469
1438.1851806641 1861.7930908203 1094.3288574219 972.2855834961
1094.3288574219 972.2855834961 1089.8597412109 506.2368164062
1089.8597412109 506.2368164062 720.7442626953 283.3294372559
720.7442626953 283.3294372559 1067.0854492188 367.7170715332
1067.0854492188 367.7170715332 1005.0000000000 21.0000000000
