26 4
-2609.0000000000 21.0000000000 -2686.5812988281 998.8355712891
-2686.5812988281 998.8355712891 -2432.8942871094 1053.7023925781
-2432.8942871094 1053.7023925781 -2537.8308105469 2471.7546386719
-2537.8308105469 2471.7546386719 -2817.8205566406 2838.8205566406
-2817.8205566406 2838.8205566406 -2862.2102050781 3684.4619140625
-2862.2102050781 3684.4619140625 -2676.1862792969 3704.4543457031
-2676.1862792969 3704.4543457031 -2681.3913574219 4312.1235351562
-2681.3913574219 4312.1235351562 -1689.3465576172 4421.8979492188
-1689.3465576172 4421.8979492188 -1627.5152587891 4747.6474609375
-1627.5152587891 4747.6474609375 -1496.8782958984 4627.9179687500
-1496.8782958984 4627.9179687500 -1331.6041259766 4664.8554687500
-1331.6041259766 4664.8554687500 -1318.6829833984 4942.3920898438
-1642.5926513672 7135.8500976562 -1370.7786865234 7795.0722656250
-1573.1049804688 9953.1943359375 -348.1573791504 9990.9228515625
-348.1573791504 9990.9228515625 -172.2727050781 9890.4970703125
272.4603576660 7823.2441406250 510.6871337891 7324.1665039062
510.6871337891 7324.1665039062 654.1038208008 7497.4414062500
654.1038208008 7497.4414062500 756.6815185547 7220.3442382812
931.2072143555 6646.8837890625 1133.9720458984 3975.6306152344
1133.9720458984 3975.6306152344 1367.0606689453 3991.2324218750
1367.0606689453 3991.2324218750 1433.5925292969 3398.3322753906
1217.3627929688 2755.2414550781 1316.3918457031 1292.2248535156
1316.3918457031 1292.2248535156 1571.3891601562 1293.4858398438
1571.3891601562 1293.4858398438 1651.4433593750 432.7510681152
1651.4433593750 432.7510681152 1655.7277832031 107.7730178833
1655.7277832031 107.7730178833 1414.0000000000 21.0000000000
