27 4
-1338.0000000000 21.0000000000 -1321.0163574219 528.0906372070
-1321.0163574219 528.0906372070 -1016.2727050781 561.3617553711
-1016.2727050781 561.3617553711 -1004.5184326172 894.2145385742
-1004.5184326172 894.2145385742 -1292.3288574219 1184.6181640625
-1292.3288574219 1184.6181640625 -1276.0189208984 1389.3627929688
-2319.8757324219 2597.4831542969 -2291.4377441406 3293.5124511719
-2291.4377441406 3293.5124511719 -2027.1898193359 3394.8105468750
-2027.1898193359 3394.8105468750 -1974.3643798828 4672.3110351562
-2207.1821289062 5483.9672851562 -2175.2480468750 5997.4448242188
-2175.2480468750 5997.4448242188 -1940.9357910156 5994.5859375000
-1940.9357910156 5994.5859375000 -1903.0002441406 6657.5507812500
-1903.0002441406 6657.5507812500 -924.8052368164 6601.3315429688
-924.8052368164 6601.3315429688 -834.1956787109 6814.9785156250
-834.1956787109 6814.9785156250 -587.7783203125 6739.3369140625
-587.7783203125 6739.3369140625 -491.9924011230 7056.8193359375
-493.7373962402 9442.0712890625 -339.0486145020 9730.0820312500
-210.4760284424 12079.1630859375 1048.2221679688 12002.2333984375
1048.2221679688 12002.2333984375 1557.7338867188 12707.7246093750
1375.8652343750 9810.7900390625 1956.6569824219 9226.3466796875
1868.1558837891 6993.0527343750 1903.2357177734 5878.5571289062
1903.2357177734 5878.5571289062 2110.2644042969 5818.9033203125
2110.2644042969 5818.9033203125 2105.7700195312 5506.7187500000
1774.5114746094 4413.0698242188 1733.6791992188 3148.6401367188
1733.6791992188 3148.6401367188 1984.1199951172 3076.2768554688
1984.1199951172 3076.2768554688 1951.5225830078 2430.9296875000
1062.5279541016 1287.2714843750 1032.0745849609 665.9117431641
1170.7884521484 643.5192871094 1158.0000000000 21.0000000000
