14 4
-1690.0000000000 21.0000000000 -1625.2453613281 426.2191772461
-1625.2453613281 426.2191772461 -1100.7067871094 357.5198364258
-1100.7067871094 357.5198364258 -791.0834960938 2455.7045898438
-791.0834960938 2455.7045898438 40.5070343018 2341.6464843750
40.5070343018 2341.6464843750 142.3014678955 2736.2736816406
1510.9617919922 4409.1518554688 1413.4031982422 3703.0412597656
1050.0223388672 2619.8962402344 1925.1734619141 2485.1096191406
718.0545654297 907.7235717773 996.3354492188 1127.5426025391
996.3354492188 1127.5426025391 973.9860839844 961.5674438477
973.9860839844 961.5674438477 1538.6937255859 1058.8620605469
1022.3394165039 684.9149780273 1477.2998046875 944.1193847656
4180.6025390625 2151.1235351562 4637.1567382812 2085.5952148438
1409.2929687500 619.2093505859 1844.7548828125 729.1350708008
850.2445068359 297.2611999512 652.0387573242 183.5715179443
