39 4
-1573.9876708984 158.7060699463 -1187.2014160156 209.0342254639
-1218.0324707031 347.3708190918 -1737.5802001953 585.5740356445
-1737.5802001953 585.5740356445 -1791.2965087891 894.6737060547
-1791.2965087891 894.6737060547 -1359.6759033203 713.7894897461
-1359.6759033203 713.7894897461 -1660.0281982422 941.1686401367
-1660.0281982422 941.1686401367 -1334.5198974609 1026.6329345703
-1334.5198974609 1026.6329345703 -1481.8308105469 1355.2464599609
-1481.8308105469 1355.2464599609 -1033.3264160156 1443.2518310547
-1033.3264160156 1443.2518310547 -1149.2663574219 2182.4558105469
-2791.3935546875 6007.1630859375 -2753.0915527344 6506.8774414062
-3065.1210937500 8005.9135742188 -2949.9238281250 8125.8486328125
-2949.9238281250 8125.8486328125 -2357.2507324219 8241.7099609375
-2357.2507324219 8241.7099609375 -2175.8454589844 8747.8398437500
-835.9857788086 5299.2065429688 -706.3034667969 5046.6103515625
-46.5804710388 2689.5935058594 118.2792587280 2277.9028320312
118.2792587280 2277.9028320312 220.0682525635 2536.3916015625
220.0682525635 2536.3916015625 402.6623229980 2563.3098144531
1991.0340576172 4948.9824218750 2263.1147460938 5352.5639648438
1275.9328613281 2886.7919921875 1207.2741699219 2496.2788085938
1207.2741699219 2496.2788085938 1718.3997802734 2568.6325683594
1718.3997802734 2568.6325683594 2062.5808105469 2966.6706542969
2062.5808105469 2966.6706542969 2026.9129638672 2710.8044433594
2026.9129638672 2710.8044433594 2130.8408203125 2560.4372558594
2130.8408203125 2560.4372558594 2636.3745117188 2948.9907226562
2636.3745117188 2948.9907226562 2528.5563964844 2639.3969726562
2528.5563964844 2639.3969726562 2862.5183105469 2690.3415527344
2838.8132324219 2577.0788574219 3204.4968261719 2806.6267089844
4603.9272460938 3884.1535644531 4740.0307617188 3464.8337402344
4740.0307617188 3464.8337402344 4919.0078125000 3465.3264160156
4919.0078125000 3465.3264160156 5034.1870117188 2586.0463867188
5034.1870117188 2586.0463867188 5552.0415039062 2609.9594726562
5552.0415039062 2609.9594726562 5699.5761718750 1763.5354003906
5699.5761718750 1763.5354003906 5316.7382812500 1545.5501708984
5316.7382812500 1545.5501708984 5564.6987304688 1512.0565185547
5564.6987304688 1512.0565185547 5655.7509765625 1018.2614746094
5655.7509765625 1018.2614746094 5191.2900390625 843.2195434570
2292.4704589844 343.1857299805 1938.4426269531 259.0108337402
1938.4426269531 259.0108337402 2296.3510742188 262.3562316895
2296.3510742188 262.3562316895 2344.0000000000 21.0000000000
