26 4
-830.0000000000 21.0000000000 -527.1342163086 142.6985168457
-2134.3771972656 883.3443603516 -2340.6127929688 1483.5771484375
-2340.6127929688 1483.5771484375 -2092.1179199219 1541.0126953125
-2092.1179199219 1541.0126953125 -2202.3776855469 1869.0144042969
-2735.0676269531 2398.5578613281 -2839.1149902344 2668.5175781250
-2839.1149902344 2668.5175781250 -2568.8466796875 2681.1186523438
-2568.8466796875 2681.1186523438 -2689.9050292969 3008.4421386719
-5969.5683593750 7135.2548828125 -5826.2480468750 7215.8173828125
-5826.2480468750 7215.8173828125 -5908.6201171875 7862.0034179688
-5908.6201171875 7862.0034179688 -5113.7207031250 8204.6640625000
-5113.7207031250 8204.6640625000 -5083.9409179688 8482.0986328125
-5083.9409179688 8482.0986328125 -4887.5000000000 8486.3984375000
-6848.4467773438 13461.8330078125 -5875.8149414062 13863.5517578125
-5875.8149414062 13863.5517578125 -5293.0947265625 13809.9824218750
-4392.5649414062 12089.4726562500 -3852.2058105469 11876.8701171875
-3852.2058105469 11876.8701171875 -3485.3630371094 11421.1093750000
-2411.6757812500 9021.4970703125 -2201.0053710938 8848.7509765625
-947.7188110352 4126.0209960938 -722.9752807617 3740.3854980469
-174.6622467041 1263.7863769531 -102.0197830200 991.6533813477
-102.0197830200 991.6533813477 191.3602905273 1106.2581787109
191.3602905273 1106.2581787109 427.3085327148 548.6821289062
427.3085327148 548.6821289062 3012.1901855469 1690.6843261719
10752.5361328125 5738.2246093750 11093.1826171875 4960.0029296875
7874.9189453125 3363.7048339844 7836.5581054688 3187.1750488281
6830.0742187500 2642.8198242188 7266.9858398438 1433.5589599609
11556.7187500000 2058.7614746094 11887.5205078125 1270.4287109375
