11 4
-1496.0000000000 21.0000000000 -4526.4995117188 1668.5109863281
-14397.3437500000 7676.2031250000 -14157.4687500000 7868.6132812500
-14157.4687500000 7868.6132812500 -13557.9482421875 8825.6347656250
-16727.9042968750 11734.0048828125 -16384.8066406250 12367.8369140625
-6612.1689453125 6186.9472656250 -5651.1972656250 5672.1972656250
-4410.4833984375 4750.6645507812 -4281.4414062500 4946.2348632812
-1899.4373779297 2284.6613769531 1132.1441650391 728.4421997070
10598.0195312500 5656.0673828125 10331.6376953125 5060.0761718750
10331.6376953125 5060.0761718750 10725.9375000000 4796.4951171875
1801.2133789062 338.6025085449 1950.5491943359 191.6509399414
1950.5491943359 191.6509399414 1926.0000000000 21.0000000000
