14 4
-15707.0000000000 21.0000000000 -15695.4599609375 843.5642089844
-13534.3007812500 1205.0979003906 -12931.9111328125 1838.4615478516
-10041.0996093750 1791.5168457031 -9606.2041015625 1888.2568359375
-4642.8735351562 1092.8917236328 -4333.3408203125 1101.4232177734
-1838.3922119141 618.3298339844 -1596.9808349609 570.8845825195
-1596.9808349609 570.8845825195 -1531.4591064453 869.9016723633
-1531.4591064453 869.9016723633 -978.8583374023 871.9085693359
-978.8583374023 871.9085693359 -919.5999145508 4004.2248535156
-1453.7185058594 6860.2080078125 -1443.2792968750 7446.0278320312
-1443.2792968750 7446.0278320312 -1196.4107666016 7574.8403320312
-1959.6590576172 15981.1425781250 -1114.9177246094 15965.0664062500
-263.0025939941 7552.4091796875 1179.2030029297 7466.1948242188
2253.6450195312 11614.9990234375 3098.3227539062 11584.0976562500
2102.5446777344 5498.3164062500 1993.0000000000 21.0000000000
