180 2
-2052.000000 21.000000
-3455.473633 81.315514
-3471.883789 142.240845
-3487.214355 203.757156
-6208.838867 455.164307
-1084.028809 134.936020
-2516.104492 329.938782
-5461.328613 788.539673
-6207.621094 1004.190613
-4233.688477 767.513489
-5653.190918 1119.869019
-3620.124268 790.481140
-2589.875732 618.919922
-1516.572266 399.123932
-1411.217651 399.134613
-1319.812256 399.450104
-1236.502075 399.036621
-1161.239990 398.309753
-1102.474609 400.612457
-1042.119141 400.300354
-982.126587 398.003082
-954.999390 406.844788
-1451.636108 637.182983
-1382.194336 636.392517
-1322.303101 637.600037
-1264.603271 637.788208
-1205.531860 635.249146
-1161.958984 638.824585
-1112.516235 637.677856
-1070.407349 639.000000
-1027.743652 638.530640
-987.127991 637.826050
-951.891113 639.165283
-940.957642 655.683960
-2630.297119 1862.753906
-2539.504395 1866.057861
-2453.408203 1869.775757
-1825.032959 1446.871948
-1765.675659 1450.815918
-1707.513062 1453.773560
-1652.813965 1457.769287
-1592.559326 1454.946899
-1543.887695 1460.698486
-1489.033447 1458.942871
-1441.790771 1462.790771
-1391.400757 1461.837646
-1345.582764 1463.960815
-1298.782471 1463.444092
-1264.881836 1476.080078
-1237.366089 1495.635498
-1235.355957 1546.537476
-1238.710938 1606.477661
-1241.544434 1668.585083
-1244.929199 1734.498047
-1247.528809 1802.655640
-1251.473755 1876.386108
-1251.580444 1948.265015
-1228.882812 1987.623535
-1185.102661 1993.341919
-947.000000 1661.252075
-1095.669800 1997.640503
-1052.555298 2000.568481
-1009.220886 2001.707520
-970.553711 2010.930054
-927.647095 2010.345581
-888.312805 2016.183228
-845.542175 2012.972534
-803.905762 2010.736572
-765.473938 2015.127808
-727.818848 2020.665894
-688.902222 2021.717285
-650.789795 2023.925049
-612.811096 2025.414795
-575.255188 2027.153198
-537.567139 2027.227905
-500.052551 2026.601318
-469.022949 2052.561523
-433.911713 2062.394043
-396.691895 2061.802979
-325.763977 1868.499390
-324.288635 2068.478027
-287.531616 2066.893799
-250.563370 2061.674805
-213.865234 2055.791748
-178.059189 2056.225830
-142.861252 2064.011230
-107.602730 2074.182373
-71.613770 2071.750000
-35.812340 2072.687500
-0.000000 2075.000000
36.004314 2083.685791
61.562714 1783.925415
99.228973 1914.401611
143.628586 2074.984375
180.673859 2086.111572
217.628265 2091.594482
254.585052 2094.428955
290.732605 2089.669922
328.355957 2094.157715
363.966583 2085.156982
396.119476 2058.858154
435.367065 2069.240967
472.847107 2069.125977
511.422882 2072.205078
549.213989 2070.694580
588.210144 2072.332520
626.552551 2070.361084
667.785706 2076.233154
707.459595 2075.611816
746.629944 2072.348877
788.767883 2075.810547
832.001221 2080.275391
876.019165 2084.771973
918.818054 2084.699219
952.581543 2063.817871
812.740112 1687.364136
758.164124 1508.980835
644.114990 1232.404053
706.852417 1296.195557
970.500000 1701.955322
1009.474609 1701.047852
1047.120483 1696.743042
1092.001221 1702.534546
1130.128906 1696.484985
1175.831665 1700.261719
1221.417725 1702.137329
1262.006104 1695.738647
1314.437256 1703.402954
852.099792 1073.255615
701.924072 857.520508
659.339294 779.483154
684.520630 781.237183
709.960266 782.339233
737.727173 784.938843
762.968201 783.968201
789.115784 783.040222
816.190735 782.110168
849.414551 785.816284
877.727234 783.996643
909.294739 783.988892
944.232361 785.624268
978.709351 785.651550
1021.454834 790.721436
1055.767212 788.059753
1099.302002 790.739563
1042.100220 723.905457
675.968506 459.979065
675.894348 443.345642
695.162659 438.695892
1018.445862 609.000000
1395.018433 794.271362
1466.575928 800.792236
1598.465698 835.458984
1708.607422 854.343567
1712.015381 819.325867
1719.292603 786.478333
1724.105591 752.839417
1718.998901 715.520630
1722.455933 682.188843
1725.275635 648.948975
1725.571411 615.161865
1733.776001 584.337952
1725.173828 548.438538
1733.154785 517.974182
1733.836914 485.580200
1733.918457 453.314423
1732.429932 420.962982
854.901001 202.714813
686.157410 154.375488
735.651367 150.715195
861.264221 157.410858
985.316711 159.477234
1164.256592 163.952744
1739.418823 203.820282
1743.340698 173.522552
1737.756592 142.515778
1739.612671 112.169235
1740.938843 81.794922
1742.734497 51.419544
1743.000000 21.000000
