181 2
-629.000000 21.000000
-636.902954 32.117184
-624.619263 42.812187
-627.139343 53.866982
-629.462891 65.016335
-629.595032 76.082428
-622.570679 86.434814
-624.311523 97.655815
-619.907837 108.122360
-613.354431 118.145805
-614.520020 129.356461
-605.664001 138.729156
-613.298523 151.360626
-608.981262 161.594406
-603.523926 171.475418
-606.601440 183.538361
-597.904785 192.446442
-598.646790 204.024689
-595.361389 214.444641
-591.894653 224.805664
-593.885742 237.156723
-589.089233 247.130173
-591.543274 259.998993
-587.282104 270.286469
-582.841980 280.497986
-586.381165 294.434021
-573.430603 300.680786
-576.481201 314.731842
-571.267090 324.748108
-575.499756 340.004730
-567.246643 348.500000
-570.016235 363.500305
-569.040283 376.575836
-556.877258 382.640320
-556.284241 396.218445
-556.204224 410.458405
-555.794678 424.808472
-548.662598 434.446930
-548.455505 449.500397
-540.893616 459.006989
-542.359436 476.093628
-541.881470 492.050385
-539.523132 506.788818
-528.768738 514.084839
-527.276062 530.184570
-530.330078 551.330078
-520.993774 560.504822
-518.318726 576.828796
-515.230591 593.221497
-509.101807 606.654663
-502.017120 619.280701
-493.387177 630.282410
-470.365356 623.040222
-461.592133 633.553406
-471.991547 670.640625
-466.317657 686.970642
-466.926086 713.246399
-461.309265 731.353943
-456.260498 751.169434
-439.842529 753.020874
-419.000000 746.729309
-401.422363 745.185120
-384.027740 743.251160
-367.278320 741.824280
-345.874847 730.148499
-330.064850 728.826355
-313.593964 725.343567
-297.346375 721.504211
-282.078766 719.169434
-269.851074 723.986084
-254.120972 719.191589
-238.967026 715.010620
-224.037323 710.515991
-209.922882 707.626831
-195.151245 701.573303
-183.502701 705.841431
-169.829178 702.147583
-155.666122 695.264099
-143.459061 695.921875
-129.940933 689.488098
-117.038872 684.760437
-105.436829 686.701965
-92.410942 678.538025
-80.921242 680.050659
-68.570671 673.406372
-56.215454 663.545593
-44.992924 664.428833
-33.180996 654.131104
-22.056482 652.614990
-11.029921 652.903748
-0.000000 655.000000
11.082278 655.903259
21.847084 646.618652
33.233334 655.129761
44.295361 654.453186
55.518208 655.576050
66.584633 654.510437
76.533951 644.318970
88.792435 652.791016
98.397278 642.255981
109.224701 640.444092
120.400475 640.406738
131.400192 639.189270
140.594406 629.981262
152.894638 634.226929
163.573639 631.465149
173.927170 627.556152
184.486542 624.428284
194.989731 621.116638
208.363617 626.131897
215.814713 613.946045
229.355484 618.491455
243.494293 623.669495
253.193771 617.487122
263.565338 612.977478
277.660187 616.444214
288.009857 611.507690
299.179749 608.173279
313.137543 609.926025
322.398407 602.622131
332.500000 596.906921
347.135651 598.730774
361.934845 600.216858
371.988464 593.812012
386.961487 594.693970
396.914886 587.853210
412.625244 588.929932
427.890472 588.829834
436.503998 579.699646
451.852051 578.990784
461.521515 571.019897
481.547333 574.956848
490.472748 565.725159
507.406769 565.127136
523.077759 562.662842
538.815369 559.815369
554.610962 556.581604
569.724548 552.276733
586.341248 548.944031
601.503540 543.879028
617.431824 539.086792
638.036804 537.672058
650.108887 528.920715
663.666138 521.108276
686.046387 519.441895
703.651611 513.702148
714.630371 503.024292
3644.862305 2388.001221
3748.372559 2363.243164
3858.110107 2339.186279
3968.128418 2312.000000
4111.587402 2300.090088
4261.987793 2287.139160
4392.662109 2259.173096
4527.225586 2229.075439
4665.672363 2196.638916
4814.384766 2164.502197
4923.780273 2111.020752
5094.875488 2079.463135
5270.061523 2043.987061
5451.156738 2005.058838
5649.473633 1966.269775
5857.557129 1924.235718
6076.360352 1878.729858
6306.837891 1829.456665
6563.465820 1779.675415
6839.614746 1726.307495
7116.798828 1664.042480
7432.943848 1600.920898
7769.579102 1531.253174
8132.542480 1454.986694
8540.541016 1373.688843
8986.682617 1283.995850
9454.995117 1181.927368
2157.117920 247.722244
2134.845215 207.774750
2120.821289 169.302261
2110.104248 131.585876
2093.723877 94.114449
2084.682373 57.388268
2076.000000 21.000000
