177 2
-5443.000000 21.000000
-5471.166504 116.499565
-5500.646973 213.086823
-5090.014648 287.756378
-4673.587402 347.809082
-4470.921875 412.154968
-3942.284912 435.350830
-3946.363525 505.552521
-3947.208496 575.743958
-3788.772461 621.082581
-3547.277588 646.480713
-3541.710938 709.438843
-3541.872559 773.848206
-3636.349121 860.517334
-3896.707520 992.558350
-3623.187744 991.830261
-3392.292480 993.724243
-3179.713379 993.135925
-2998.681152 995.330566
-1511.884155 541.583496
-1433.031250 542.580688
-1358.359497 542.425354
-1251.698242 526.718872
-1232.556030 544.188965
-1185.781982 548.944153
-1141.041504 553.076416
-1090.237183 552.744202
-1047.823730 554.892822
-1002.145508 553.850220
-962.081665 554.290588
-928.379211 557.000000
-894.882690 558.699768
-859.920776 558.338135
-834.477234 562.915833
-801.679321 561.739563
-775.737000 564.176880
-745.104675 562.350220
-719.570618 563.235352
-688.721375 559.088135
-666.014099 560.327576
-643.477356 560.941589
-621.125977 560.936584
-608.635620 569.017944
-630.426880 608.882568
-614.316162 614.238220
-609.526062 630.526062
-611.299377 654.019043
-611.070557 676.292908
-612.254517 700.977539
-611.447021 724.389343
-610.648254 748.742249
-615.475342 781.048767
-613.198853 805.858704
-616.258606 838.802734
-618.937866 872.894897
-614.873962 899.130981
-615.671387 933.770386
-620.343872 976.245789
-623.714966 1019.152588
-598.474243 1017.028381
-576.000000 1018.661255
-553.652588 1019.815735
-531.911255 1021.379639
-509.831329 1021.600342
-487.907074 1021.357788
-466.993164 1022.470093
-446.190094 1023.159363
-424.724731 1021.588806
-403.451294 1019.577026
-385.603912 1025.532593
-366.303558 1027.410767
-346.404510 1027.031738
-331.266205 1040.532593
-328.041046 1093.973877
-820.296753 2881.714844
-800.786133 3009.574463
-882.289124 3559.668457
-816.347351 3556.989014
-802.747009 3797.627930
-772.967224 3997.571777
-710.742004 4051.818115
-706.301636 4480.413086
-847.703369 6052.722656
-697.701965 5703.326660
-633.128906 6044.819336
-527.815186 6053.955078
-421.747650 6052.272461
-315.899841 6048.728027
-211.072159 6065.315918
-105.674324 6075.077637
-0.000000 6082.000000
104.976227 6035.083984
201.963394 5804.474609
318.097931 6090.670410
421.538361 6049.279785
530.778503 6087.825684
634.174194 6054.764160
627.505249 5131.620117
717.298157 5124.841797
679.394897 4310.530273
642.150940 3662.819092
865.232056 3250.090088
746.150330 2623.135498
784.433289 2586.765625
837.745056 2599.314209
929.822632 2721.401123
994.936584 2754.565918
893.411316 2348.416016
841.741028 2104.382080
868.986023 2068.202881
471.814514 1080.712769
447.975372 981.686279
444.508331 932.377136
442.186737 888.840332
440.833801 850.087769
437.298279 809.906982
434.000000 772.710022
432.631989 741.020508
431.884186 712.159180
429.720184 682.711060
426.664185 653.555664
428.461609 632.906555
429.083221 611.582397
428.492310 589.628479
426.653412 567.091431
425.420593 546.350647
422.954254 525.057251
418.565674 502.504700
419.544891 486.951813
422.156982 473.707947
423.046936 459.077942
417.900116 438.900116
418.655762 425.291168
420.528381 413.149048
419.876831 399.058807
412.826141 379.864288
419.792358 373.247620
417.327393 358.945038
416.069672 346.069244
416.089111 334.545624
410.980621 319.594910
409.576019 307.788208
412.860718 299.478058
412.625916 288.962402
417.239655 281.720276
414.011810 269.763397
418.290283 262.500000
412.820496 249.830139
409.687683 238.834808
408.971985 229.381638
419.736816 225.719330
438.652954 225.547241
533.510559 258.534210
542.177368 251.140640
545.184082 241.268677
539.609497 228.136673
547.840820 220.397751
537.054565 205.922714
569.682861 206.101181
571.870239 195.838272
570.989441 184.728592
573.759949 174.738510
576.355652 164.701599
570.006470 152.596359
572.216370 142.628342
574.251892 132.623260
567.249268 121.021347
569.896179 111.262688
565.443054 100.467842
566.743835 90.587395
569.861023 80.894806
563.846191 70.330147
569.609070 60.830948
565.224304 50.622150
562.657043 40.648418
559.914734 30.773348
564.000000 21.000000
