178 2
-2510.000000 21.000000
-3675.440186 85.155045
-2784.201172 215.690323
-2989.580322 282.554382
-3014.395752 337.825775
-2955.802490 383.926910
-2943.076660 434.622467
-4803.128418 781.740784
-4716.244141 852.601135
-4645.060059 923.908142
-4567.949219 991.947571
-4493.794922 1058.474243
-4427.459473 1124.889648
-4359.223145 1189.050293
-4441.028809 1294.444580
-4391.351562 1363.570923
-4333.964355 1429.190430
-4273.744141 1492.568115
-4213.581543 1554.618286
-4159.100586 1617.529175
-4099.079590 1677.135742
-4043.777832 1737.481812
-3982.144531 1793.965088
-3927.031738 1852.204956
-3873.802246 1910.379639
-3823.309082 1969.073242
-3766.654541 2023.765747
-3715.384521 2080.471191
-3663.287354 2136.000000
-3609.531494 2189.825439
-3555.865723 2242.951416
-3502.288330 2295.412598
-3454.599609 2351.156738
-3378.183105 2386.429199
-3332.341064 2442.087402
-3283.190674 2495.061523
-3182.775391 2507.656738
-3389.910645 2766.095459
-5088.833008 4291.038086
-6519.936035 5688.693848
-7790.387207 7035.496094
-8016.368164 7496.383789
-7884.683594 7635.150391
-7756.961426 7777.961426
-12355.888672 12815.897461
-12149.800781 13050.066406
-11931.267578 13272.015625
-3172.701416 3670.775635
-3101.450195 3717.164551
-3040.876221 3776.169189
-2981.032959 3836.548096
-2897.739258 3866.429932
-2565.094727 3551.550049
-2804.788818 4026.653564
-2739.486084 4082.455078
-2678.534668 4145.582031
-2620.450684 4214.597656
-2558.709229 4279.407227
-1255.000000 2194.723877
-1146.574707 2089.475586
-1041.287964 1979.377808
-1003.773010 1991.015381
-994.225769 2059.464844
-967.795837 2096.444824
-945.662720 2144.993164
-913.920105 2174.060791
-870.211121 2174.848145
-825.679749 2171.969238
-790.066528 2191.689941
-724.389160 2124.778809
-662.841431 2061.016113
-607.840759 2009.157593
-546.864502 1928.143188
-499.779572 1886.202759
-456.990448 1853.888672
-413.460052 1811.892212
-372.577759 1773.840454
-333.915741 1738.847534
-302.321472 1735.550293
-264.687103 1692.168701
-230.888168 1663.854736
-196.940857 1624.954590
-165.886673 1599.306274
-135.265717 1567.094116
-106.378624 1542.285156
-78.085243 1510.955322
-52.104950 1513.090454
-26.545111 1541.768311
-0.000000 1566.000000
26.230967 1523.771118
51.127762 1485.107544
75.730125 1466.016968
99.263466 1440.533691
102.756622 1195.513550
121.462074 1176.634399
139.418533 1156.472778
157.961472 1144.954224
175.675903 1130.173950
191.533936 1107.242920
209.317474 1097.844971
226.000015 1084.246460
242.272293 1070.396606
258.130676 1056.305542
273.830536 1042.949585
287.214111 1022.634705
301.727600 1007.906494
315.815369 992.979736
330.451691 980.701355
347.150452 974.788025
360.159790 959.248352
373.482788 945.402283
385.651611 929.538269
400.635590 920.842285
412.475433 905.556396
428.288605 899.121765
442.640747 889.731384
453.979004 874.810303
468.810913 866.757263
478.000000 848.920288
493.921509 843.023438
507.662659 833.430054
516.862427 816.898376
529.555664 806.098572
539.735413 791.822083
551.930359 780.666931
566.307922 772.515991
578.106140 760.942078
590.931824 750.740051
598.435242 734.187378
610.134888 722.879883
622.291443 712.124695
639.714478 707.009766
652.284180 696.460083
662.559082 683.559082
689.127502 686.482727
737.935913 709.136353
747.603699 694.145386
758.483154 680.339294
766.810486 664.430420
784.140259 655.984253
801.406921 647.127747
811.413696 632.444092
829.242432 623.479858
839.630859 608.915833
848.105408 593.054321
862.992004 581.433594
872.641479 566.286926
900.882812 562.304993
1391.702881 824.500000
1408.137695 801.543518
1433.023926 782.952332
1456.795654 763.274475
1472.224609 739.051941
1499.939331 720.433228
1515.571899 695.776062
1540.925171 675.083923
1562.304810 652.212097
1588.953857 630.942261
1607.814087 606.196472
1631.019531 582.605042
1649.131958 556.835449
1673.533325 532.650513
1703.355713 509.429382
1725.143555 483.250824
1758.175903 459.362488
1783.097168 432.660431
1809.573120 405.636627
1835.642822 377.812836
1857.347412 348.500458
1891.423218 320.571991
1952.338257 260.717010
1810.029907 211.241806
2012.313232 197.054596
2049.994141 164.349548
2088.134277 130.434479
2117.709229 94.952034
2157.671387 58.662292
2197.000000 21.000000
