180 2
-2978.000000 21.000000
-2981.545898 73.043076
-2976.185791 124.930702
-2974.917480 176.908813
-2969.748291 228.665024
-2967.664062 280.636963
-2960.691650 332.181244
-2953.817383 383.683167
-2745.023193 406.787842
-2737.872070 454.636322
-2733.826416 503.047333
-2727.941895 551.258179
-2725.119141 600.241943
-2714.594971 647.713623
-2719.739014 699.107056
-2706.524170 746.210938
-2706.912842 797.194824
-2910.991699 910.979492
-2903.575439 964.428894
-2906.524170 1021.796509
-2897.072266 1075.448120
-2687.778076 1052.741333
-2703.668213 1113.352783
-2675.907715 1156.855347
-2527.780273 1146.440308
-1712.015381 819.325867
-1695.125610 847.768005
-2393.243408 1240.418457
-2415.744629 1305.474243
-2409.577393 1356.650513
-2409.282715 1412.000000
-2400.925537 1463.621704
-2143.017578 1360.105957
-1727.714355 1186.358032
-1711.208618 1219.201172
-1945.685913 1434.623535
-2377.537842 1812.603271
-1779.328247 1411.163574
-1692.623901 1391.659790
-1645.463501 1401.707764
-1639.983887 1446.616211
-1633.432373 1491.749023
-3992.459961 3744.029053
-3729.776855 3622.803711
-3709.482178 3730.482178
-3699.750488 3852.203857
-3688.247070 3976.160889
-2908.710693 3251.450439
-2700.338867 3127.384521
-2592.362549 3110.457275
-2486.444824 3091.503662
-2389.997803 3080.057861
-2296.526123 3068.593018
-2204.782471 3055.622803
-2115.349854 3042.032715
-2028.751831 3028.748291
-1948.718506 3021.763184
-1953.812378 3147.753418
-1889.674683 3165.946777
-1815.000000 3164.672119
-1741.436157 3162.634033
-1668.971436 3159.878662
-1592.598633 3146.650879
-1522.024658 3141.613037
-1451.693726 3134.167236
-1382.904541 3127.054443
-1318.326782 3126.783447
-1250.811401 3116.866943
-1186.914673 3113.018311
-1123.536133 3107.890381
-1061.026611 3102.445068
-1001.524109 3103.374268
-939.682678 3094.563477
-878.180603 3083.579834
-819.938721 3081.052979
-761.812073 3076.461182
-706.346313 3080.521973
-648.684448 3072.820557
-591.698669 3065.025879
-535.357361 3057.162354
-480.566681 3055.178467
-421.137817 3017.551270
-368.411011 3021.467041
-314.003510 3008.543701
-260.944305 3003.606934
-206.688431 2976.782227
-155.280777 2983.933838
-113.737457 3278.014648
-63.125355 3637.449219
-0.000000 5635.000000
123.371063 7088.923340
327.950562 9412.275391
515.195129 9851.508789
687.031494 9846.008789
857.525330 9822.559570
1029.814453 9819.029297
2032.536865 16574.685547
2324.190674 16558.476562
2616.209961 16539.099609
1225.782471 6972.757812
714.388855 3696.212158
773.223572 3658.730957
838.167603 3651.502930
903.578308 3645.054443
969.018494 3637.426270
1037.223389 3638.227783
1102.533691 3627.225342
1094.847168 3390.593262
1240.089111 3622.480225
1306.174927 3609.686035
1375.416138 3604.081787
1445.606812 3599.002441
1515.255371 3590.717773
1589.120117 3590.222168
1634.687378 3526.598633
1486.954956 3069.709473
1808.698120 3570.770020
1606.531738 3042.446777
772.301697 1414.269165
763.500000 1343.420776
765.346558 1294.750610
759.904236 1237.100952
761.405396 1193.461426
757.147217 1143.516846
759.988770 1106.376465
767.059753 1076.767212
763.101440 1033.669800
769.576843 1006.013428
762.736328 962.900879
768.773987 937.189148
786.614746 925.896790
806.971497 917.232666
830.674011 911.788818
869.017639 920.894104
900.146912 921.146912
926.509644 915.719971
957.341980 913.735840
990.612061 912.951111
1023.386169 910.616028
1064.035767 913.831970
1081.787231 897.013977
1083.514771 867.534546
1078.956543 834.052124
1076.801636 803.342163
1072.270020 771.811584
1071.116577 743.477234
1068.466309 714.870117
1070.236694 689.758118
1068.887573 663.252502
1070.407349 639.000000
1067.036011 612.467712
1070.132446 589.999512
1058.515747 560.340698
1047.993896 532.140747
1050.410767 510.814575
1041.441772 484.679779
1041.090942 462.916901
1038.445923 440.559387
1044.676514 422.013733
1043.058838 400.642365
1045.743530 381.078369
1039.504761 358.755585
1042.372192 339.685150
1040.085205 319.239624
1043.199951 300.524567
1040.156982 280.340271
1044.524658 262.147522
1034.880127 240.970566
1054.267578 225.928864
1042.911377 204.893417
1050.900391 187.446274
1047.703613 168.245148
1044.158569 149.206543
1038.280884 130.127716
1040.027222 111.990593
1099.315552 97.871635
1100.489746 78.674225
1105.326294 59.598843
1101.832153 40.232552
1119.000000 21.000000
