181 2
-696.000000 21.000000
-695.893982 33.146873
-694.576599 45.255150
-695.046143 57.425827
-687.321655 69.062210
-684.385742 80.875992
-685.225586 93.020111
-685.849365 105.211716
-673.382263 115.637711
-669.652710 127.062569
-669.669250 139.080765
-667.506470 150.750122
-667.096680 162.795776
-665.494751 174.641571
-662.711975 186.232651
-651.999939 195.702850
-648.851624 207.055222
-645.505737 218.350906
-641.012085 229.277451
-648.625732 244.339752
-641.810059 254.599762
-637.635437 265.765320
-633.266602 276.856293
-628.704834 287.869354
-631.259888 302.055023
-627.164978 313.451843
-621.965454 324.352844
-617.467529 335.615417
-611.882690 346.343781
-613.108398 360.851532
-607.083801 371.500000
-600.874268 382.041687
-602.114136 397.242676
-595.456116 407.693726
-592.761841 420.822937
-585.693726 431.107147
-578.447144 441.266449
-579.010742 457.315887
-571.307800 467.354584
-571.979431 484.179810
-563.808716 494.091675
-562.258667 509.763977
-559.588074 524.855347
-549.977966 533.862793
-548.136902 550.329651
-544.472229 565.472229
-541.833557 582.085022
-540.142700 600.232117
-529.951416 609.570679
-525.503296 625.522400
-520.015198 640.729980
-514.154785 655.928223
-508.536377 671.896912
-508.533691 695.846985
-496.090759 703.810364
-496.143616 729.566528
-488.734589 745.578857
-484.728729 767.416809
-476.397430 783.395264
-474.350067 810.451111
-468.500000 832.465820
-458.145081 847.515625
-443.181152 854.502502
-435.376892 875.475281
-433.549072 909.907288
-435.719421 955.403320
-427.480225 981.136292
-421.208160 1013.304260
-410.568817 1037.193481
-403.163940 1071.277954
-391.271057 1096.008301
-381.240295 1128.202271
-370.511383 1161.316772
-359.909576 1198.211182
-350.335083 1242.763672
-335.947113 1274.771729
-323.449585 1318.285400
-312.007111 1372.451294
-296.066254 1413.882202
-280.489227 1463.991943
-264.987122 1523.816650
-247.479324 1583.522949
-229.078918 1650.981201
-208.396576 1718.253906
-185.538025 1786.276367
-162.022522 1872.925903
-135.467072 1958.269409
-106.556007 2054.209717
-74.894318 2165.692627
-39.512249 2284.655273
-0.000000 2427.000000
44.521088 2571.611572
95.624619 2759.330811
154.129395 2961.963867
222.313889 3200.236572
300.513000 3455.879395
396.058350 3789.243408
513.679260 4204.582031
625.583069 4472.254883
705.988770 4478.437500
794.961365 4529.449707
886.117004 4579.676758
979.471985 4629.053223
1084.713989 4719.412598
1186.626953 4780.300781
1289.436523 4833.242676
1399.686523 4902.287109
1509.222778 4957.445312
1624.811401 5021.655273
1794.857178 5233.644043
2223.472900 6129.941895
2177.443604 5693.434570
4752.259277 11783.253906
4968.537109 11726.139648
5173.283203 11640.384766
5407.400879 11617.208008
5623.863281 11551.628906
5843.765625 11490.036133
6064.633789 11426.916992
4997.902344 9037.454102
4003.500000 6955.265625
4087.342041 6823.479492
4381.372559 7032.661621
4353.299805 6724.493652
3243.318848 4829.417969
3277.415771 4701.634766
3317.459961 4587.091797
3433.354736 4577.215820
3538.206543 4549.697754
3753.266846 4655.898438
3681.887451 4408.902344
3623.414062 4189.261230
3557.098389 3971.557861
3504.107666 3778.695312
3448.978760 3592.522217
3396.940918 3417.940918
2993.172852 2911.473389
2966.370605 2787.185303
2932.449463 2661.389404
3013.555420 2640.643799
3087.159180 2611.434082
3161.429688 2581.075439
3132.342773 2468.254395
3097.108398 2354.838623
1440.859253 1067.845581
1465.463013 1047.128296
1498.899902 1032.020752
1539.799194 1020.957275
1581.609741 1009.299438
1613.188843 990.301636
1656.706543 977.500000
1702.884521 964.924316
1737.640869 944.920044
1782.013062 928.981018
1824.551880 910.893433
1867.900391 892.016235
1920.272583 875.960449
1968.039429 856.383179
1760.722168 732.377930
1762.599854 697.598694
1776.019043 667.418091
1787.030151 636.323792
1787.986206 601.951965
1795.940308 570.074036
1807.171997 539.198242
1766.678345 494.380035
1822.215332 475.329315
1818.174561 440.758667
1839.895630 412.081879
1843.495850 379.339294
812.466370 164.259750
783.236877 145.052536
1054.635498 169.219345
1823.307251 244.873978
2197.893311 252.007904
2122.890869 206.728882
2100.869873 167.907135
2086.137207 130.329819
2078.732910 93.590950
2058.686523 56.934505
2053.000000 21.000000
