181 2
-935.000000 21.000000
-765.883362 34.368542
-655.600403 43.894070
-664.088623 55.803410
-670.363037 67.876350
-588.751038 72.509041
-406.759460 63.752140
-412.899200 71.697647
-410.961243 78.756836
-417.792175 87.171776
-416.573669 94.453178
-414.246674 101.521393
-422.559753 110.817848
-420.927856 118.178856
-419.167755 125.510262
-427.905151 135.656830
-426.800201 143.382980
-424.599304 150.813034
-422.269104 158.203552
-429.265442 168.807938
-427.560150 176.619171
-423.845520 183.699051
-428.358948 194.068253
-426.193756 201.908508
-431.193451 212.979691
-427.777283 220.475815
-432.319946 231.856522
-437.484192 243.909332
-433.527283 251.510544
-437.309845 263.404816
-441.672943 276.000000
-444.012665 287.789734
-446.921356 300.267456
-441.979401 308.024780
-444.364136 320.727386
-445.618713 333.025574
-448.195404 346.633026
-449.631805 359.821869
-450.742157 373.158356
-458.516113 392.299042
-452.732269 400.887482
-459.618134 420.539948
-458.520355 433.853577
-464.409607 454.068970
-471.167572 476.001221
-468.104675 489.104675
-472.367706 510.151062
-476.034851 531.484863
-478.428375 552.348572
-481.547333 574.956848
-481.447906 594.767273
-482.059418 616.293823
-493.760498 652.984619
-498.302826 682.270203
-501.968597 711.900513
-504.173676 741.034668
-514.457458 783.714539
-520.130249 821.930420
-529.389343 868.200073
-591.778748 1005.885254
-563.000000 996.144592
-561.894348 1034.684204
-574.633179 1101.727905
-584.285767 1167.725342
-599.253357 1249.651489
-615.754822 1341.490479
-633.695679 1444.303833
-654.083923 1561.925171
-675.415710 1692.712524
-2007.577271 5250.917480
-1664.954102 4595.423828
-1609.283447 4694.698242
-1684.142578 5204.257812
-1589.332642 5219.472656
-1493.403198 5229.115723
-1400.211060 5246.658691
-657.543701 2658.263672
-766.408264 3340.678711
-538.283386 2553.424072
-626.616760 3244.663574
-935.269104 5325.174316
-400.785095 2551.457520
-351.829590 2524.397705
-305.282715 2507.328125
-254.317749 2440.671875
-209.871033 2419.836914
-169.089691 2439.095215
-130.787552 2516.575195
-87.807137 2535.467285
-44.486183 2569.611816
-0.000000 3185.000000
55.149605 3180.518799
110.387108 3182.073242
165.800308 3184.658447
221.965103 3195.248779
278.113983 3199.857178
498.078125 4759.896973
417.646240 3422.455566
733.442261 5239.712891
788.898987 5001.912109
957.843323 5453.199707
527.586853 2735.199219
580.281555 2751.010010
244.746750 1081.114624
251.840698 1031.077881
259.854309 990.789551
266.816956 951.501343
272.782806 913.232361
283.368591 893.118835
288.127808 857.783936
290.375092 818.799011
297.087036 794.938171
303.431335 772.018921
306.723938 743.596313
310.746796 718.948730
314.850616 696.199280
319.572571 676.220886
325.057190 658.960693
330.038513 641.712158
330.155365 616.616028
337.000000 604.701111
340.440155 587.587585
338.618408 562.902710
346.390411 554.394470
345.022034 532.516174
349.881622 520.682739
352.671143 506.410187
352.663605 489.000397
369.396881 493.806458
379.480194 489.619019
395.957153 492.883362
419.221710 503.259430
438.280548 507.759857
457.620911 511.738342
477.230286 515.186462
504.167145 525.167114
524.398743 527.405945
548.515259 532.498779
566.276367 530.877502
595.465881 538.630554
631.220642 550.656982
662.905518 557.810303
695.813477 564.629089
726.758301 568.651672
764.521057 576.457092
801.130676 581.957764
853.079651 596.409485
862.153320 580.888916
863.312988 560.457825
878.596497 548.914001
884.211914 531.500000
890.362854 514.536194
894.425903 496.574707
901.698608 480.438385
909.579590 464.631592
908.120422 444.463501
907.150635 424.889496
914.981812 409.386749
912.348938 389.612885
577.886292 242.829758
576.971252 231.000366
917.153015 336.801117
930.133301 323.218628
937.178650 307.524261
940.113953 290.573334
941.777710 273.348572
947.008606 257.115784
950.010803 240.327271
953.693909 223.713898
956.104858 206.847961
959.202759 190.133331
954.106934 172.115692
958.579468 155.719559
962.769775 139.213257
964.686218 122.392609
976.270813 106.412628
975.617615 89.221832
974.662415 72.079895
982.401184 55.306206
983.850159 38.173168
984.000000 21.000000
