179 2
-1316.000000 21.000000
-1528.901855 101.126350
-1604.083008 133.168411
-1611.843018 162.017990
-1578.306274 186.886673
-1463.013062 200.635406
-1439.849731 223.357681
-1447.951050 250.332932
-1466.378784 279.562134
-4060.010010 810.186035
-3842.163818 837.677124
-4134.251953 975.467346
-4010.232178 1020.863220
-3382.672363 927.384277
-3435.549316 1006.127930
-3488.599854 1087.572021
-3175.577637 1052.807739
-855.694336 315.639191
-782.763977 305.902771
-673.111511 279.383301
-661.082092 288.094513
-659.081482 300.763489
-648.617249 309.783020
-3547.288574 1675.127930
-3633.824219 1793.334595
-3574.718262 1842.409912
-3508.833740 1886.679932
-2698.201904 1516.637695
-2747.898682 1607.500000
-2820.080322 1715.475220
-2901.172607 1833.853760
-2392.727051 1574.855225
-2454.780273 1676.770142
-1251.664307 897.424805
-1209.480347 899.738953
-348.205078 283.391357
-341.996674 288.197083
-338.835632 295.383698
-333.995392 301.255402
-329.053375 307.041748
-315.093414 304.711365
-303.511780 304.029327
-298.526031 309.283234
-305.470123 326.470123
-298.703094 330.316101
-292.577301 334.750732
-295.755737 349.470001
-333.277985 404.392456
-371.531250 463.773682
-353.048737 456.978882
-345.386078 463.074036
-386.365234 533.723999
-416.151947 593.784058
-484.672089 713.183472
-480.346710 733.143250
-489.085846 774.126160
-475.867493 782.547180
-460.444031 787.307556
-442.500000 787.432495
-436.328644 808.157715
-418.299164 807.706299
-411.315399 828.251892
-1278.290283 2641.883545
-1500.294800 3238.392578
-527.944153 1206.781982
-506.778259 1214.894775
-1154.912109 2879.507812
-1019.556824 2677.036377
-541.759888 1509.473145
-462.957916 1365.527466
-434.477905 1358.185425
-1080.605835 3555.502441
-1023.992798 3592.087158
-967.983215 3633.562500
-824.227905 3326.797607
-631.437622 2756.056885
-587.766357 2786.223389
-611.352051 3166.133545
-541.434998 3091.630615
-485.572571 3086.784668
-491.698578 3519.617188
-178.538589 1475.080078
-152.507034 1472.007446
-278.026825 3198.861084
-251.541840 3618.216064
-190.502884 3656.011475
-128.569748 3702.755859
-65.132378 3752.431641
-0.000000 3787.000000
66.877625 3852.416260
135.724136 3907.630859
205.941986 3950.607178
278.607361 4005.270752
308.792786 3550.517822
377.347748 3611.224121
447.504242 3665.629395
542.079224 3878.094238
634.498169 4027.063965
714.562256 4073.483887
846.810303 4377.461426
805.865723 3812.300049
195.707413 868.701965
219.423157 901.058228
231.643051 885.503601
248.900528 889.019287
1027.978882 3383.367432
1112.152222 3443.852295
1020.981750 2986.146240
1097.542603 3036.473633
1181.180786 3098.081055
1190.874390 2968.517578
1334.346802 3164.524170
1425.611938 3222.976807
1301.241577 2811.521729
1395.335327 2881.861328
1491.358765 2947.956543
1591.039185 3013.309326
1431.642822 2603.751953
1533.000000 2676.233887
1629.065430 2732.220215
1711.639282 2760.195312
1831.621094 2841.449219
1969.477417 2940.870361
1777.513428 2559.552246
1793.920532 2490.119873
1760.910767 2357.807617
1851.909668 2391.336426
1881.038696 2343.889160
1923.220581 2313.004883
1966.208862 2282.864502
2041.517456 2288.334961
2103.282959 2276.494873
2337.525391 2441.578369
2629.022949 2650.022949
2668.031250 2597.487793
2135.552734 2012.435181
2420.422607 2200.358398
2882.990479 2527.145508
2921.693604 2472.592041
2957.817627 2416.193359
2998.380859 2363.591797
3038.808105 2310.906250
3066.983398 2249.293945
5186.870605 3652.885986
5249.465820 3561.809570
5319.687500 3475.645508
5378.320801 3381.748047
1984.342285 1213.313110
1224.559937 728.000000
1236.712280 706.520813
1256.434448 689.058044
1267.902344 667.028503
805.319458 413.780548
720.514709 356.981506
724.441528 343.542145
543.097839 251.531372
505.315186 225.160599
509.734924 216.668900
522.469116 211.163193
524.762817 201.690323
528.787415 192.813446
540.312195 186.190018
541.190308 176.183838
551.543640 168.785675
563.741821 161.556625
565.134644 151.471619
575.150818 143.252075
576.215149 133.004883
579.066956 123.105125
580.760742 112.983467
592.180298 104.225517
602.475525 94.974693
611.630981 85.285004
612.659729 74.600784
623.477539 64.597794
632.132507 54.128662
631.614990 43.056480
640.902344 32.186993
650.000000 21.000000
