178 2
-3744.000000 21.000000
-3954.397705 90.024269
-4763.096680 187.331009
-4732.505371 269.020111
-4832.200195 358.900360
-4882.350098 448.150299
-3647.906250 404.410400
-3707.159912 476.182007
-3851.152588 562.244202
-3524.072021 579.158142
-3504.930908 639.013855
-3566.251465 714.209106
-4211.903809 916.267761
-4180.047363 986.040039
-4159.657715 1058.119141
-4133.196777 1128.486694
-4107.471191 1198.798462
-4078.639893 1267.965332
-4056.256104 1338.957520
-4444.882812 1551.495850
-4418.434570 1629.178711
-4381.292969 1702.820801
-4352.201172 1779.403320
-8963.875977 3825.939697
-8855.909180 3963.905029
-8639.832031 4049.819824
-8641.005859 4235.500000
-8722.062500 4465.112793
-8636.993164 4613.370605
-3883.212158 2447.500244
-3341.263428 2190.841797
-3510.974121 2389.181885
-3267.597412 2308.996338
-3047.567139 2235.187012
-2809.599609 2138.185303
-2590.191406 2044.679321
-2419.255371 1980.074341
-2251.404541 1910.152832
-2107.149170 1852.716797
-1967.847534 1792.857788
-1676.994019 1584.822266
-1658.797607 1622.882202
-1636.952148 1657.952148
-1619.943359 1698.500366
-1602.696167 1739.681152
-1584.501221 1780.766968
-1559.452271 1814.944702
-1545.904175 1863.336914
-1524.843262 1904.024658
-1502.213989 1943.746216
-1479.261353 1984.046143
-1461.234131 2032.216309
-1441.971191 2080.348145
-1419.790771 2125.926514
-1393.186646 2166.319336
-1369.311401 2212.356201
-1349.399780 2266.778320
-1325.000000 2315.967285
-1375.889648 2503.170654
-1349.730713 2559.474365
-1327.014282 2625.412109
-1301.962280 2690.418213
-1274.616699 2754.424316
-1245.427612 2818.276123
-1217.908936 2890.213623
-1183.756836 2950.900879
-1153.586426 3026.195312
-491.140930 1370.398560
-1088.374390 3181.868652
-1059.001221 3280.270752
-699.645508 2309.437256
-566.434753 1996.392822
-524.626221 1978.931641
-483.601868 1960.621216
-445.178131 1949.278320
-407.091095 1936.213013
-370.169464 1925.356689
-283.393829 1628.206299
-294.566101 1880.817139
-260.392883 1873.791504
-225.702026 1859.195435
-191.600677 1843.958618
-158.013367 1827.100952
-125.073357 1809.632324
-61.390076 1192.392456
-45.090149 1312.212891
-30.628973 1775.732666
-0.000000 1768.000000
19.494337 1137.829834
38.703541 1129.324463
89.808502 1734.648315
112.656708 1632.065918
147.903290 1711.542358
176.653107 1701.741943
192.553558 1589.222900
232.697418 1676.728271
260.619812 1666.488770
287.387726 1650.856812
315.788879 1645.593018
342.638458 1632.987305
370.044495 1623.838745
396.268066 1610.344360
423.945587 1603.186523
449.013245 1586.895264
475.688751 1576.907837
503.388672 1570.271118
527.420410 1552.740112
557.150818 1551.759277
580.556091 1533.400269
606.862671 1523.037842
632.984436 1512.217896
632.882202 1442.476685
679.570190 1478.342896
466.426910 977.316895
524.812988 1051.003540
765.708130 1461.087524
790.724487 1447.504761
820.000000 1441.281616
844.662415 1426.754395
873.306946 1418.583252
896.475830 1401.451782
925.464233 1393.057129
865.526855 1257.100464
661.846191 931.953125
670.421936 910.679932
681.537231 893.327881
696.657654 881.300598
710.280334 867.479126
719.696777 848.916382
730.690613 832.514160
744.742188 819.638245
758.566956 806.519043
772.160583 793.160583
785.519043 779.566956
803.026367 769.834229
813.743591 753.697998
830.180542 742.664917
845.713074 730.637512
861.854858 718.916321
872.327881 702.537231
892.075867 693.227356
915.807251 686.372925
970.695190 700.688049
1614.965210 1110.307739
1651.342407 1093.394287
1692.703979 1078.718872
1727.192139 1058.801758
1768.423828 1042.000000
1799.092773 1018.253418
1855.955811 1007.829224
1903.189941 990.723694
1944.091553 969.196777
1992.970825 950.337585
1847.188965 843.421509
1713.979980 748.541382
2146.430664 888.214233
2150.969238 846.679749
2132.162598 797.043701
2112.288574 748.319275
2090.422119 700.219360
2077.093994 656.031372
2061.906250 612.242126
2037.137573 566.849365
2017.244873 523.955627
2004.279175 483.724304
1997.377441 445.555664
2050.619141 419.600006
2107.488525 392.607086
2174.889648 365.468689
2239.986328 335.809540
2316.602783 305.443054
2385.857910 271.763794
2430.715088 233.660019
2417.097656 190.019943
2395.712158 146.553955
2376.551270 103.991005
2360.640381 62.205132
2344.000000 21.000000
