180 2
-611.000000 21.000000
-609.907104 31.645967
-606.630249 42.183994
-606.168152 52.767925
-614.499451 63.969986
-610.667358 74.426468
-609.641907 85.075951
-615.378601 96.558990
-610.995422 106.869804
-617.305237 118.771538
-615.504822 129.530106
-613.516968 140.255615
-609.385925 150.528976
-608.981262 161.594406
-614.197205 174.136566
-611.431030 184.832458
-616.168762 197.683548
-612.991333 208.410263
-609.627197 219.079895
-612.696045 231.968170
-610.800232 243.313095
-616.163086 257.522858
-611.941345 268.240356
-615.817749 282.399139
-611.161926 293.106812
-613.570374 307.112549
-610.281128 318.654022
-613.012512 333.345459
-617.180359 349.160614
-622.729248 366.184448
-620.940186 379.500000
-592.302612 376.891296
-565.648071 374.456146
-540.103821 371.747528
-527.267883 376.646698
-507.055115 376.043823
-487.028229 374.846710
-468.799042 374.265411
-448.378113 371.311371
-436.756042 374.678070
-416.728180 370.676453
-405.279053 373.303711
-392.380463 374.300964
-377.378510 372.911163
-361.827911 370.413147
-345.068115 366.068115
-333.436005 366.283112
-340.999176 386.676849
-337.241821 395.544983
-322.781036 392.317108
-313.680359 394.829681
-318.436127 414.235870
-320.759644 431.553589
-306.925659 428.304108
-319.167389 460.296234
-636.096252 929.439636
-904.214905 1361.553711
-870.333191 1361.195557
-836.742493 1360.067993
-803.974426 1359.038208
-771.000000 1356.411133
-743.213135 1361.791992
-895.751770 1705.664062
-875.293701 1738.860596
-835.097046 1733.202637
-800.016357 1736.640625
-754.089722 1714.713257
-715.428711 1706.444336
-682.907837 1711.256226
-764.398865 2012.327026
-816.402100 2264.046387
-773.549927 2267.552246
-731.134216 2271.199707
-890.564209 2933.904297
-834.354248 2930.739258
-778.527710 2926.504883
-724.556091 2927.035645
-726.366943 3167.240967
-721.453552 3415.172119
-665.732605 3445.897217
-648.054993 3696.302490
-559.722534 3554.948975
-759.189270 5422.912109
-655.169617 5356.928223
-567.380493 5419.264648
-472.384125 5420.375488
-377.382538 5417.821289
-282.614166 5413.599609
-188.143188 5408.715820
-94.400070 5429.176270
-0.000000 5442.000000
94.260445 5421.177246
179.104218 5149.873535
284.341248 5446.554199
358.897064 5153.466797
473.604309 5434.321777
568.843872 5433.187988
664.553528 5433.354004
755.988281 5400.136230
846.310486 5364.394043
788.710022 4493.996582
930.575500 4808.395996
872.605347 4126.285645
965.714905 4203.970703
838.832520 3151.565674
836.835022 2939.390625
972.720642 3202.625977
1033.043823 3200.381836
1094.234619 3198.887939
933.030945 2584.481445
894.486389 2351.216797
923.030640 2305.581055
970.185364 2306.613525
1013.994446 2298.468750
1065.420654 2305.802002
936.799133 1941.722900
1080.043457 2140.704590
1020.161682 1939.645142
923.562317 1687.150513
962.500000 1688.098877
1000.718994 1686.476074
871.187256 1415.191040
899.743713 1406.483765
933.852173 1405.492798
968.197021 1403.728638
1003.349426 1401.992065
1038.130859 1398.646240
1077.407593 1400.018799
1113.267822 1395.771240
1155.089355 1397.581909
1190.091064 1390.043213
1233.876831 1391.359009
1276.700928 1390.094116
1326.102783 1394.219727
1364.009033 1385.009033
1407.028687 1379.751831
604.829529 585.012634
537.293701 504.781433
536.598511 487.457977
538.529236 472.879700
528.459229 448.937866
502.750854 413.792023
463.208588 370.052704
455.476562 351.923096
461.182587 343.923523
459.286804 330.792877
458.752808 318.917542
466.426453 312.455597
460.298828 297.575439
458.127441 285.500000
456.551483 274.070618
454.718018 262.777863
458.868347 254.805115
452.992188 241.939056
456.779114 233.999603
449.464355 221.114426
452.888397 213.239716
448.756989 202.309586
452.786499 194.808456
455.750916 186.879776
450.066833 175.970444
451.751831 167.783066
455.201050 160.168930
453.715515 151.100830
448.189575 141.092041
450.217224 133.251755
452.107697 125.377289
450.926056 116.847290
446.640381 107.818092
453.011566 100.878159
447.422821 91.864815
446.610901 83.767067
448.630859 76.084946
450.518433 68.351395
450.279999 60.394394
443.916016 52.041630
436.401093 43.870811
446.727692 36.600075
438.933136 28.661606
433.000000 21.000000
