181 2
-4612.000000 21.000000
-7012.931641 143.411179
-7061.695801 267.599854
-7019.367188 388.869446
-6368.448730 466.325317
-7103.864258 642.507629
-8148.117676 877.401672
-9538.368164 1192.164429
-10677.070312 1521.564331
-10668.021484 1710.648682
-10618.197266 1893.274658
-10577.033203 2076.967041
-10535.627930 2260.416748
-10463.759766 2436.749268
-10422.916992 2619.725098
-10417.509766 2812.363281
-10387.393555 2999.537354
-5618.290527 1738.683716
-5550.365723 1824.423218
-3340.517090 1171.232300
-3270.130371 1211.230103
-3309.542725 1291.414429
-3406.473389 1397.304565
-4303.360352 1847.667969
-3885.308838 1750.850952
-3551.820312 1677.240967
-3263.521240 1612.725586
-3026.749268 1563.205688
-2806.007568 1512.980591
-2621.235352 1473.974487
-2435.263428 1427.000000
-2286.922363 1395.121582
-2135.385010 1355.336670
-1150.656006 768.244751
-1093.500610 758.575439
-1050.972046 756.898560
-1001.563049 748.678162
-961.557129 745.585266
-920.396545 740.092590
-895.272156 745.977112
-1411.053833 1205.014771
-1346.401855 1191.409302
-1119.176147 1028.710693
-1075.089966 1023.537598
-1030.813965 1016.445435
-987.828186 1008.828186
-950.292664 1005.056824
-907.739807 994.431763
-871.877197 989.317688
-871.246399 1023.254333
-899.259888 1092.696167
-862.798279 1086.467163
-826.217712 1078.510376
-790.183105 1069.608398
-755.891846 1061.395874
-726.147766 1058.046509
-691.721619 1046.519531
-663.370361 1042.500732
-634.843262 1036.961670
-607.229919 1031.600220
-580.500000 1026.455444
-553.167786 1018.941101
-526.747070 1011.667175
-500.751526 1003.780212
-474.755951 994.393982
-455.159882 997.093506
-443.749664 1017.678101
-436.446655 1049.203979
-1172.518677 2923.085449
-1148.927612 3014.058838
-1126.272339 3115.407715
-1101.722656 3220.634766
-1073.216064 3324.019287
-1047.275391 3446.483643
-1020.685120 3580.552002
-987.135864 3705.041016
-956.317261 3856.579102
-921.849426 4013.968506
-883.832581 4179.105469
-842.612549 4355.865723
-799.476196 4555.054688
-751.198303 4763.879395
-698.788147 4993.135742
-947.412292 7737.053711
-854.520203 8151.216309
-746.053162 8548.426758
-686.403687 9837.030273
-512.997070 9809.566406
-360.721191 10350.703125
-180.894196 10384.420898
-0.000000 7519.000000
128.641693 7390.877441
357.370850 10254.761719
534.140747 10213.012695
716.050232 10260.995117
899.185791 10298.740234
1138.942139 10857.310547
1583.326538 12916.159180
1867.146362 13306.436523
2442.098389 15439.802734
2703.007568 15350.517578
2968.797119 15294.137695
2798.491455 13186.867188
437.529816 1916.149780
3256.268799 13081.180664
3481.892578 13015.600586
637.824829 2245.359619
3458.172607 11332.172852
3800.291016 11717.092773
3380.374268 9838.319336
1489.497681 4113.361328
1522.705444 3987.783203
1280.779907 3191.041504
1215.564575 2884.690674
1162.046631 2630.999268
1105.146729 2390.994873
824.137756 1710.732788
818.090881 1626.593750
709.371521 1355.133789
648.190491 1190.366577
602.500000 1064.560669
562.421570 957.026672
532.038940 872.440308
540.826538 853.799866
556.396912 845.892395
836.848022 1216.142822
549.579224 777.430908
571.122437 778.905090
568.871216 749.121948
585.267944 743.745728
613.219360 751.806396
629.816650 745.521179
647.718445 740.364197
666.312378 735.532593
688.406433 733.865723
684.479370 705.479370
669.705383 667.726929
652.367493 629.342529
650.994873 607.158386
635.465454 573.401672
632.752686 551.942566
619.385315 522.568359
619.376465 504.909912
608.560242 479.583038
599.481567 456.548859
591.427795 435.122192
588.616699 418.026947
582.037354 398.979492
580.912964 383.994690
570.016235 363.500305
574.174866 352.500000
572.875916 338.550293
558.905823 318.175507
558.661072 305.652039
549.163147 288.844757
548.316223 276.684052
543.559570 263.008301
533.892822 247.624054
534.985107 237.148010
533.074402 225.628098
529.046936 213.557343
527.599365 202.667023
523.081055 190.959351
520.229797 180.050201
522.926392 170.946716
513.872559 158.691727
514.256714 149.218597
503.749329 137.299698
502.767853 127.866608
504.556366 119.075821
490.434265 107.476791
496.807220 99.686539
491.172974 90.029861
497.265625 82.056541
490.299286 72.532532
480.165833 63.009068
475.838043 54.273838
476.346283 45.964252
470.713074 37.437664
472.927948 29.254988
466.000000 21.000000
