180 2
-1455.000000 21.000000
-1462.777222 46.532871
-1465.106934 72.162659
-1471.979980 98.143196
-1470.409424 123.821045
-1467.394775 149.380402
-1474.875977 176.015717
-1480.878906 202.829056
-1477.479980 228.646271
-1475.606323 254.713089
-1481.150879 282.166870
-1485.201904 309.694000
-1489.718750 337.649506
-1484.939941 363.825409
-1487.463379 391.866272
-1488.491699 419.840149
-1490.916870 448.513550
-1491.835449 477.099854
-1492.207642 505.847656
-1501.483521 538.002258
-1498.809692 566.522156
-1505.865234 599.047485
-1504.819336 628.986511
-1510.548462 662.189758
-1515.571899 695.776062
-1511.721436 725.927246
-1516.265503 760.532104
-1527.185181 799.139709
-1523.084595 830.838440
-1533.208374 870.871277
-1534.597046 907.000000
-1535.186646 943.433167
-1543.447510 985.453064
-1541.476562 1022.046570
-1539.522827 1059.421265
-1546.559082 1103.912354
-1548.458496 1146.020996
-1550.950195 1189.724731
-1553.169189 1234.468750
-1560.509033 1284.675293
-1560.432495 1330.358398
-1566.022339 1382.322510
-1571.008179 1435.542114
-1573.141846 1487.978516
-1573.915527 1540.912476
-1582.505005 1603.505005
-1587.989014 1665.410767
-1592.466187 1728.710938
-1593.869141 1791.171021
-1599.471924 1860.981934
-1607.611816 1936.877197
-1613.577515 2013.602295
-1616.727051 2090.316162
-1623.696899 2175.718506
-1623.462891 2255.504883
-2815.686768 4042.217285
-2726.065430 4062.558105
-2626.793945 4065.908203
-2619.390869 4212.901855
-2657.596436 4443.983398
-2667.000000 4640.379395
-2687.299805 4869.017090
-2703.217285 5105.012207
-3063.337646 6301.772949
-3092.720459 6653.360352
-2990.327881 6737.386230
-2856.244629 6749.890625
-2864.241943 7110.247559
-2830.031738 7393.484863
-2687.252197 7404.165039
-2548.547607 7422.519531
-1667.764771 5153.852051
-1525.595581 5010.998047
-2130.125488 7449.630371
-1995.753662 7469.253906
-1858.927856 7476.752441
-1756.867676 7630.830078
-1621.503296 7649.573242
-1602.986328 8267.650391
-1811.324097 10293.529297
-1683.704102 10651.489258
-1823.028442 12992.521484
-1595.269653 13013.428711
-1364.305542 13001.500000
-1137.295288 13020.344727
-764.670471 10956.296875
-573.863770 10970.972656
-382.812592 10983.318359
-191.417999 10987.329102
-0.000000 10992.000000
191.679779 11002.327148
327.741180 9406.279297
491.800995 9405.122070
688.217346 9862.966797
771.938416 8844.296875
837.063904 7985.131348
902.320618 7369.811523
990.077454 7065.767090
1116.942139 7073.094727
1020.530334 5808.715332
1064.141724 5495.534668
1089.249390 5145.515137
1112.382935 4839.259766
1125.420654 4534.815918
1164.168091 4365.734375
710.868713 2500.093994
702.569214 2319.000244
712.902222 2215.087402
722.435730 2119.105713
728.844910 2023.484985
738.237976 1944.175659
735.352722 1841.061890
752.548157 1793.892334
790.696045 1796.932373
832.980591 1807.332642
867.098145 1798.814575
887.551453 1762.917725
891.995972 1698.600464
899.806641 1644.294189
901.500000 1582.443848
908.527161 1533.043091
914.640625 1484.730957
918.261414 1434.998535
922.668274 1388.911987
924.031616 1340.653931
931.051819 1302.482910
931.609680 1257.287720
936.421082 1219.564331
808.047363 1018.855408
809.912415 986.216003
822.041992 966.651123
823.699768 935.811279
827.264038 908.132019
828.727417 879.172363
835.800232 856.800232
837.311523 829.582336
843.250793 807.344116
772.870605 716.895813
789.426208 707.237732
783.663452 678.571716
784.917419 656.613586
809.287048 653.284363
805.823242 628.231384
850.276855 638.762329
850.279846 616.372314
858.053894 599.764648
858.798645 578.710388
860.768799 558.868042
855.452942 535.007996
857.365173 516.000000
858.001953 496.598236
864.405701 480.612671
866.949341 462.732758
865.538696 443.151428
870.055481 426.713531
879.744263 412.687378
861.592529 386.724335
867.844116 371.631775
874.764832 356.790771
873.914124 339.078735
881.223328 324.429535
877.825134 306.222687
875.975159 288.812469
879.554443 273.208191
883.822144 257.819427
888.790894 242.600464
880.830566 224.355759
883.267273 208.744263
876.593079 191.392426
874.509277 175.199585
885.956421 161.321716
894.212036 146.673309
898.254272 131.291763
900.042297 115.598259
897.571411 99.527321
895.812500 83.641312
895.770691 67.945351
898.452332 52.374649
890.864319 36.550095
893.000000 21.000000
