181 2
-1003.000000 21.000000
-998.847839 38.434956
-997.392029 55.829697
-988.643250 72.812599
-991.578674 90.337936
-990.217529 107.632805
-979.604065 123.960533
-976.665405 140.919434
-974.423767 157.946335
-961.020752 173.210739
-958.217957 189.959671
-948.251831 205.321487
-944.890564 221.842697
-950.985168 240.552231
-938.275940 254.938477
-942.743591 273.607391
-933.385132 288.643860
-928.571899 304.892914
-923.475891 321.055511
-916.207520 336.475555
-910.562134 352.417511
-912.108093 371.125488
-904.931458 386.616028
-898.412720 402.353577
-898.928711 421.228851
-889.994263 436.011139
-884.413330 452.357208
-886.551514 472.720551
-878.532837 488.124207
-878.118164 507.748871
-869.489502 523.000000
-869.167664 543.248596
-859.072693 557.808228
-857.121338 577.621094
-853.908691 596.968689
-842.088318 610.636597
-838.950623 630.533325
-836.970032 651.702148
-832.927368 671.754150
-829.214722 692.484863
-824.263794 712.639465
-812.822205 727.575562
-807.055298 747.675842
-801.563660 768.470215
-794.870483 788.597473
-795.495117 816.495117
-787.742615 836.731323
-778.842102 856.205933
-770.169312 876.359680
-762.340576 897.972534
-752.704285 918.038025
-748.891235 945.803711
-738.793762 966.612915
-734.214355 995.335327
-727.678162 1022.563049
-721.559143 1051.493286
-714.648560 1080.510010
-705.852173 1107.917114
-696.313904 1135.335205
-691.181091 1171.318481
-680.500000 1199.660522
-669.037292 1227.975220
-661.485413 1265.073120
-652.838318 1302.267334
-642.213745 1337.733276
-631.391663 1375.023804
-618.646423 1410.502686
-609.149841 1456.067017
-597.872131 1500.785400
-585.573242 1546.470459
-571.515686 1591.226318
-556.395996 1636.891235
-542.942871 1692.006348
-530.654663 1756.693115
-512.409851 1807.985474
-496.156097 1872.679810
-470.538086 1908.225220
-458.225311 2005.791870
-437.446198 2079.022461
-412.529053 2143.278076
-391.055695 2238.787109
-364.648743 2323.301514
-337.355591 2421.409912
-307.720093 2527.178955
-275.014374 2637.587158
-240.026917 2764.520264
-201.596207 2903.960205
-159.101303 3056.833740
-112.132080 3232.042725
-59.303276 3418.482422
-0.000000 3635.000000
67.191765 3870.413574
144.763107 4166.473145
233.941727 4484.874023
340.132568 4885.122070
465.760284 5344.664551
577.937866 5519.711426
680.762146 5565.362793
786.606384 5617.995117
895.743774 5676.503418
1016.015503 5783.110352
1134.168701 5855.791992
1253.915405 5920.208008
1378.724976 5992.914062
1507.415283 6066.912598
1640.653931 6144.003906
2065.626465 7224.695312
1956.843872 6421.547852
4216.228027 12997.214844
4447.586426 12937.729492
4674.389160 12863.779297
4898.889648 12783.043945
5130.611816 12719.709961
5376.460449 12687.146484
5612.559082 12627.013672
424.731354 931.839355
431.795593 906.312134
4018.723877 7908.189941
3144.989990 5935.865723
3199.258789 5792.615234
3274.000000 5691.734375
3386.890381 5657.731934
3544.100098 5692.745605
768.485657 1204.364136
1415.876465 2120.123047
1455.736938 2100.007812
1501.203491 2087.229492
1546.664551 2073.493164
1589.022217 2054.855713
1634.345093 2039.248047
1679.604004 2022.674072
1726.091309 2006.640869
1778.549194 1996.278931
1818.889648 1971.520264
1720.668823 1802.804688
1740.189819 1761.189819
1745.118408 1706.241211
520.723816 506.582825
517.228821 486.714905
525.277893 477.617096
1563.496704 1332.929565
1771.115601 1455.221191
1821.092896 1443.793701
1828.875366 1399.156372
1832.423462 1352.333618
1853.741089 1319.003418
1973.938477 1352.438354
2084.096436 1374.427979
1177.938843 757.057861
1198.319946 741.023254
1204.641357 716.500000
1216.596069 695.370178
1228.180054 674.034973
1040.695679 551.260925
914.972351 467.261841
1267.018311 611.820312
1277.136597 589.617798
1284.104248 566.069946
1301.766113 546.947632
1308.879761 523.431885
1324.966553 503.248413
1336.963257 481.353363
1342.891846 457.332001
1358.909058 436.460205
1351.533936 408.546112
1264.396851 359.794128
1181.820190 315.660858
1111.756226 277.669159
1029.989380 239.931015
1029.726929 221.158630
1436.834473 274.352692
1448.938843 250.489365
1464.606445 226.837021
1477.901245 202.463455
1482.832153 176.851944
933.434448 102.664932
561.628540 60.272896
544.253113 49.523098
574.649719 41.067211
2117.677490 57.964195
2108.000000 21.000000
