180 2
-1652.000000 21.000000
-1353.793823 44.630558
-1345.180054 67.974724
-1329.175903 90.659157
-1323.767456 113.566841
-1326.931396 137.091446
-1361.500488 164.099472
-1431.251587 196.735596
-1498.275635 231.568909
-2015.871948 340.282745
-2049.385010 382.361847
-2034.913208 416.547058
-2030.634399 452.624664
-2022.792236 487.998383
-2005.601318 521.052551
-1996.568726 555.978943
-1986.927979 590.742432
-1976.681885 625.332336
-1964.882812 659.429138
-1953.441406 693.623779
-1949.862183 730.691772
-1935.312256 763.896790
-1930.396729 800.930908
-2034.315674 884.515808
-2315.837646 1052.077393
-2297.490234 1092.337280
-2287.430908 1136.654541
-2275.630615 1180.491699
-2277.121826 1231.767212
-6743.317871 3758.882080
-6141.852051 3567.000000
-5108.641602 3213.233643
-4553.142578 2977.845215
-4281.149902 2908.672119
-4195.696777 2958.858398
-4129.222656 3021.055908
-4025.123047 3054.147705
-3524.772217 2774.853760
-3389.133545 2765.466309
-3282.500488 2775.344971
-3169.025635 2775.791748
-2919.815918 2650.014160
-2893.235352 2718.985596
-2002.641968 1954.928955
-1891.510620 1912.510620
-1799.165161 1884.090088
-1702.267944 1846.458862
-1611.935669 1811.235840
-1533.865967 1785.510986
-1450.771606 1749.962280
-1380.728882 1726.058228
-1315.668579 1704.979004
-1286.680542 1728.482666
-1319.577881 1837.243164
-1257.279541 1816.581299
-1220.718140 1830.789062
-1173.152466 1827.496460
-1116.010010 1806.989258
-1064.583740 1792.764771
-1014.500000 1778.165527
-964.771118 1761.493164
-916.408508 1744.513672
-873.477722 1735.296509
-826.768005 1716.125610
-786.069946 1706.732544
-745.141541 1694.615234
-704.878967 1681.590698
-665.301331 1667.678467
-630.369202 1663.167969
-592.720886 1649.487305
-558.023804 1641.618896
-520.693665 1623.530273
-490.014984 1623.766724
-457.006744 1614.771851
-424.204407 1604.152466
-391.913483 1592.879028
-361.946259 1588.761475
-330.579590 1576.254639
-299.760925 1563.136353
-269.675629 1550.406494
-241.534821 1545.990845
-212.378159 1532.149048
-184.632050 1524.707397
-156.583633 1510.793823
-129.600586 1502.341553
-103.100067 1495.399658
-76.881523 1487.986816
-50.639172 1471.116089
-25.148918 1461.780518
-0.000000 1462.000000
24.991846 1452.781860
49.801582 1447.130737
74.317055 1439.053955
99.054192 1437.540894
123.761154 1435.596436
146.548904 1415.319702
171.592041 1418.505005
189.275421 1367.764526
215.097397 1379.071411
237.550705 1368.217041
261.217529 1364.847656
284.631104 1360.084106
308.407898 1356.861328
329.013763 1340.602173
351.993896 1334.659180
374.866791 1328.315918
610.472107 2017.764282
401.104065 1255.471313
423.238586 1250.174194
2826.112549 7785.680176
2961.911133 7737.041992
3099.494873 7692.519043
5922.311523 13973.091797
6168.161133 13874.916992
6184.172852 13283.001953
5664.193359 11634.318359
5294.891113 10412.809570
4973.112305 9374.063477
2614.578369 4737.824219
2493.000000 4339.002441
2390.291748 3999.113525
2294.550293 3693.048340
2213.413086 3429.357178
2144.504883 3200.359131
2078.067383 2988.787842
2017.866821 2798.355225
1969.740601 2634.934082
1919.632446 2478.017578
1508.480957 1883.818848
1464.270142 1766.049194
1497.126709 1743.247314
1539.000366 1730.233154
1582.918213 1718.471924
1630.363159 1709.290527
1672.307495 1693.307495
1715.625366 1677.760254
1756.711548 1659.160034
1738.958862 1586.765625
1853.566772 1632.281006
1899.024170 1614.470459
1947.527832 1598.076904
2003.123291 1586.011475
2052.493164 1567.664551
2107.489258 1552.180542
1749.708740 1246.159302
1716.936768 1179.088501
2190.607422 1443.597168
2019.202515 1282.737793
2343.495361 1429.114136
2462.110107 1442.500000
2525.027100 1420.645386
2592.334229 1399.368530
2656.981445 1374.799683
2731.435059 1353.209961
2064.569092 983.724426
2885.890137 1305.881104
2171.470947 942.734741
3051.362061 1253.830322
3144.298828 1227.983276
3240.999756 1200.627441
3331.062012 1167.976562
3141.339600 1041.683105
2599.236328 815.666321
2951.073486 867.206665
2828.230713 778.822144
2847.817871 731.040771
2883.161133 686.630188
2936.399170 645.150879
3002.797607 604.684692
3850.598389 699.964355
4230.269043 691.008789
4205.668457 612.068176
4180.604492 534.313660
4162.074219 458.451630
4253.751465 393.155029
4435.169922 331.137268
4608.675293 262.530426
4581.207520 180.979294
4551.306641 100.443352
4530.000000 21.000000
