22 4
-5443.0000000000 21.0000000000 -5500.6469726562 213.0868225098
-5500.6469726562 213.0868225098 -3942.2849121094 435.3508300781
-3947.2084960938 575.7439575195 -3547.2775878906 646.4807128906
-3541.8725585938 773.8482055664 -3896.7075195312 992.5583496094
-3896.7075195312 992.5583496094 -2998.6811523438 995.3305664062
-1511.8841552734 541.5834960938 -621.1259765625 560.9365844727
-621.1259765625 560.9365844727 -623.7149658203 1019.1525878906
-623.7149658203 1019.1525878906 -328.0410461426 1093.9738769531
-820.2967529297 2881.7148437500 -882.2891235352 3559.6684570312
-882.2891235352 3559.6684570312 -710.7420043945 4051.8181152344
-710.7420043945 4051.8181152344 -706.3016357422 4480.4130859375
-847.7033691406 6052.7226562500 -697.7019653320 5703.3266601562
-697.7019653320 5703.3266601562 -633.1289062500 6044.8193359375
-633.1289062500 6044.8193359375 -0.0000000000 6082.0000000000
-0.0000000000 6082.0000000000 201.9633941650 5804.4746093750
201.9633941650 5804.4746093750 318.0979309082 6090.6704101562
318.0979309082 6090.6704101562 634.1741943359 6054.7641601562
642.1509399414 3662.8190917969 865.2320556641 3250.0900878906
746.1503295898 2623.1354980469 994.9365844727 2754.5659179688
994.9365844727 2754.5659179688 868.9860229492 2068.2028808594
471.8145141602 1080.7127685547 408.9719848633 229.3816375732
542.1773681641 251.1406402588 564.0000000000 21.0000000000
