14 4
-431.0000000000 21.0000000000 -481.5397033691 502.5397033691
-478.8767700195 591.7031250000 -520.3502807617 1376.5588378906
-1488.4975585938 4343.9111328125 -1510.3922119141 4961.2705078125
-1223.5541992188 4288.0405273438 -1193.8845214844 4809.4091796875
-1193.8845214844 4809.4091796875 -1038.7268066406 4907.8251953125
-298.1087951660 2142.1542968750 -291.2677307129 2393.1853027344
-188.7793426514 2178.7578125000 34.1718101501 1978.7017822266
34.1718101501 1978.7017822266 224.1090240479 2153.2548828125
224.1090240479 2153.2548828125 331.9720764160 2724.6958007812
331.9720764160 2724.6958007812 523.5798950195 2714.5849609375
1269.3100585938 4447.6103515625 1471.5068359375 4834.0820312500
1471.5068359375 4834.0820312500 1537.9840087891 4487.6298828125
1849.8953857422 4840.1420898438 2159.3647460938 4871.0126953125
402.8768005371 747.8089599609 391.0000000000 21.0000000000
