30 4
-2214.0000000000 21.0000000000 -2757.8598632812 811.8035888672
-3536.4150390625 1102.1905517578 -3989.5668945312 1881.3656005859
-3989.5668945312 1881.3656005859 -3192.7385253906 1718.6091308594
-3192.7385253906 1718.6091308594 -3007.8000488281 1828.2685546875
-3007.8000488281 1828.2685546875 -2682.3762207031 1697.1346435547
-2682.3762207031 1697.1346435547 -3570.1918945312 2614.8962402344
-4329.3310546875 3403.4440917969 -4107.8842773438 3591.9291992188
-4107.8842773438 3591.9291992188 -4412.2568359375 4135.4960937500
-2715.4282226562 3144.7429199219 -3144.0847167969 3903.6213378906
-2014.7719726562 3008.0224609375 -1865.9333496094 2894.2854003906
-1865.9333496094 2894.2854003906 -1646.9062500000 3118.3801269531
-1490.1519775391 3216.6413574219 -713.8676757812 4069.5446777344
-713.8676757812 4069.5446777344 -566.4492187500 3597.4194335938
-566.4492187500 3597.4194335938 -559.7542114258 4003.8581542969
-559.7542114258 4003.8581542969 -387.6960754395 3709.6816406250
-260.1598815918 2994.6411132812 -223.0812072754 3211.2097167969
-223.0812072754 3211.2097167969 92.9373626709 2682.3776855469
92.9373626709 2682.3776855469 341.1123046875 2799.1367187500
341.1123046875 2799.1367187500 468.6268920898 2431.8764648438
468.6268920898 2431.8764648438 758.5540161133 2666.3920898438
758.5540161133 2666.3920898438 1370.5073242188 1597.5882568359
1370.5073242188 1597.5882568359 1256.9229736328 1368.8848876953
1256.9229736328 1368.8848876953 1366.6232910156 1167.7331542969
898.3807373047 748.4943847656 1415.1821289062 1087.4162597656
1415.1821289062 1087.4162597656 1150.0894775391 826.3013305664
1720.3769531250 974.6205444336 1808.8199462891 826.3385620117
1808.8199462891 826.3385620117 1438.9893798828 602.3894042969
1438.9893798828 602.3894042969 1506.7977294922 313.8918151855
848.4242553711 155.3772125244 1227.0037841797 106.8004608154
1227.0037841797 106.8004608154 1022.8441772461 38.8538131714
