22 4
-2784.2011718750 215.6903228760 -2989.5803222656 282.5543823242
-4803.1284179688 781.7407836914 -4359.2231445312 1189.0502929688
-4441.0288085938 1294.4445800781 -4159.1005859375 1617.5291748047
-4159.1005859375 1617.5291748047 -3182.7753906250 2507.6567382812
-3182.7753906250 2507.6567382812 -3389.9106445312 2766.0954589844
-7790.3872070312 7035.4960937500 -8016.3681640625 7496.3837890625
-8016.3681640625 7496.3837890625 -7756.9614257812 7777.9614257812
-12355.8886718750 12815.8974609375 -11931.2675781250 13272.0156250000
-3172.7014160156 3670.7756347656 -2897.7392578125 3866.4299316406
-2897.7392578125 3866.4299316406 -2565.0947265625 3551.5500488281
-2565.0947265625 3551.5500488281 -2804.7888183594 4026.6535644531
-2804.7888183594 4026.6535644531 -2558.7092285156 4279.4072265625
-1255.0000000000 2194.7238769531 -1041.2879638672 1979.3778076172
-1041.2879638672 1979.3778076172 -790.0665283203 2191.6899414062
-790.0665283203 2191.6899414062 -78.0852432251 1510.9553222656
-0.0000000000 1566.0000000000 102.7566223145 1195.5135498047
102.7566223145 1195.5135498047 662.5590820312 683.5590820312
662.5590820312 683.5590820312 900.8828125000 562.3049926758
900.8828125000 562.3049926758 1391.7028808594 824.5000000000
1391.7028808594 824.5000000000 1952.3382568359 260.7170104980
1810.0299072266 211.2418060303 2012.3132324219 197.0545959473
2012.3132324219 197.0545959473 2197.0000000000 21.0000000000
