15 4
-935.0000000000 21.0000000000 -406.7594604492 63.7521400452
-406.7594604492 63.7521400452 -675.4157104492 1692.7125244141
-1664.9541015625 4595.4238281250 -1684.1425781250 5204.2578125000
-1684.1425781250 5204.2578125000 -1400.2110595703 5246.6586914062
-400.7850952148 2551.4575195312 -209.8710327148 2419.8369140625
-209.8710327148 2419.8369140625 -44.4861831665 2569.6118164062
-0.0000000000 3185.0000000000 278.1139831543 3199.8571777344
733.4422607422 5239.7128906250 788.8989868164 5001.9121093750
788.8989868164 5001.9121093750 957.8433227539 5453.1997070312
244.7467498779 1081.1146240234 352.6636047363 489.0003967285
352.6636047363 489.0003967285 853.0796508789 596.4094848633
853.0796508789 596.4094848633 912.3489379883 389.6128845215
912.3489379883 389.6128845215 576.9712524414 231.0003662109
576.9712524414 231.0003662109 917.1530151367 336.8011169434
917.1530151367 336.8011169434 984.0000000000 21.0000000000
