12 4
-2400.0000000000 21.0000000000 -1953.8090820312 89.2285156250
-1953.8090820312 89.2285156250 -1324.0356445312 695.6298828125
-1324.0356445312 695.6298828125 -1617.2276611328 1031.5560302734
-1617.2276611328 1031.5560302734 -1442.2500000000 1274.7287597656
-5129.1855468750 4639.3393554688 -4435.8774414062 5307.4726562500
-4435.8774414062 5307.4726562500 -4208.8945312500 5218.5522460938
-4115.6967773438 5288.8520507812 -4166.9672851562 5550.7524414062
-2384.1066894531 3836.3684082031 -2284.5000000000 3977.8701171875
-2284.5000000000 3977.8701171875 -1595.3226318359 3151.9968261719
-834.2202758789 1731.4050292969 -340.9053955078 1136.0513916016
-340.9053955078 1136.0513916016 -184.9055328369 1188.4476318359
-184.9055328369 1188.4476318359 838.0000000000 21.0000000000
