35 4
-1316.0000000000 21.0000000000 -1604.0830078125 133.1684112549
-1604.0830078125 133.1684112549 -1466.3787841797 279.5621337891
-4060.0100097656 810.1860351562 -3842.1638183594 837.6771240234
-3842.1638183594 837.6771240234 -4134.2519531250 975.4673461914
-3382.6723632812 927.3842773438 -3488.5998535156 1087.5720214844
-3488.5998535156 1087.5720214844 -3175.5776367188 1052.8077392578
-855.6943359375 315.6391906738 -648.6172485352 309.7830200195
-2698.2019042969 1516.6376953125 -2901.1726074219 1833.8537597656
-2901.1726074219 1833.8537597656 -2392.7270507812 1574.8552246094
-348.2050781250 283.3913574219 -484.6720886230 713.1834716797
-1154.9121093750 2879.5078125000 -1019.5568237305 2677.0363769531
-541.7598876953 1509.4731445312 -434.4779052734 1358.1854248047
-967.9832153320 3633.5625000000 -824.2279052734 3326.7976074219
-631.4376220703 2756.0568847656 -611.3520507812 3166.1335449219
-485.5725708008 3086.7846679688 -491.6985778809 3519.6171875000
-278.0268249512 3198.8610839844 -251.5418395996 3618.2160644531
-251.5418395996 3618.2160644531 278.6073608398 4005.2707519531
278.6073608398 4005.2707519531 308.7927856445 3550.5178222656
308.7927856445 3550.5178222656 846.8103027344 4377.4614257812
846.8103027344 4377.4614257812 805.8657226562 3812.3000488281
1112.1522216797 3443.8522949219 1020.9817504883 2986.1462402344
1020.9817504883 2986.1462402344 1190.8743896484 2968.5175781250
1190.8743896484 2968.5175781250 1425.6119384766 3222.9768066406
1425.6119384766 3222.9768066406 1301.2415771484 2811.5217285156
1301.2415771484 2811.5217285156 1591.0391845703 3013.3093261719
1591.0391845703 3013.3093261719 1431.6428222656 2603.7519531250
1431.6428222656 2603.7519531250 1969.4774169922 2940.8703613281
1969.4774169922 2940.8703613281 1760.9107666016 2357.8076171875
1760.9107666016 2357.8076171875 2103.2829589844 2276.4948730469
2103.2829589844 2276.4948730469 2668.0312500000 2597.4877929688
2135.5527343750 2012.4351806641 2882.9904785156 2527.1455078125
2882.9904785156 2527.1455078125 3066.9833984375 2249.2939453125
5186.8706054688 3652.8859863281 5378.3208007812 3381.7480468750
1224.5599365234 728.0000000000 505.3151855469 225.1605987549
505.3151855469 225.1605987549 650.0000000000 21.0000000000
