20 4
-1402.5750732422 119.0775985718 -1141.6391601562 120.8804779053
-1141.6391601562 120.8804779053 -1151.7054443359 286.8921508789
-3496.9458007812 892.8865356445 -2893.2868652344 1017.2385253906
-2893.2868652344 1017.2385253906 -2405.6130371094 896.5715942383
-2405.6130371094 896.5715942383 -2107.5493164062 959.3414306641
-2107.5493164062 959.3414306641 -1659.4495849609 794.8140258789
-1659.4495849609 794.8140258789 -1383.4680175781 852.2714233398
-1383.4680175781 852.2714233398 -811.1979370117 987.7481079102
-811.1979370117 987.7481079102 -898.6544189453 1404.8063964844
-898.6544189453 1404.8063964844 -620.3485107422 1556.4165039062
-1577.8940429688 4131.5546875000 -1648.3515625000 4808.1606445312
-2052.1818847656 6336.9663085938 -1149.2036132812 6538.4575195312
-1149.2036132812 6538.4575195312 -997.7390136719 6320.4760742188
-997.7390136719 6320.4760742188 -922.9960327148 6588.4580078125
-922.9960327148 6588.4580078125 -694.4871215820 6628.6035156250
-694.4871215820 6628.6035156250 -399.6348266602 5736.0444335938
-148.3926544189 4270.4096679688 225.2436523438 3242.1342773438
141.1923065186 1634.8354492188 254.3633880615 852.9851074219
254.3633880615 852.9851074219 426.2801818848 822.7164306641
426.2801818848 822.7164306641 584.0000000000 21.0000000000
