23 4
-7012.9316406250 143.4111785889 -7019.3671875000 388.8694458008
-10677.0703125000 1521.5643310547 -10387.3935546875 2999.5373535156
-3270.1303710938 1211.2301025391 -3406.4733886719 1397.3045654297
-4303.3603515625 1847.6679687500 -2135.3850097656 1355.3366699219
-1150.6560058594 768.2447509766 -895.2721557617 745.9771118164
-1411.0538330078 1205.0147705078 -907.7398071289 994.4317626953
-899.2598876953 1092.6961669922 -436.4466552734 1049.2039794922
-1172.5186767578 2923.0854492188 -698.7881469727 4993.1357421875
-947.4122924805 7737.0537109375 -746.0531616211 8548.4267578125
-686.4036865234 9837.0302734375 -512.9970703125 9809.5664062500
-512.9970703125 9809.5664062500 -360.7211914062 10350.7031250000
-360.7211914062 10350.7031250000 -180.8941955566 10384.4208984375
-0.0000000000 7519.0000000000 128.6416931152 7390.8774414062
357.3708496094 10254.7617187500 899.1857910156 10298.7402343750
1583.3265380859 12916.1591796875 1867.1463623047 13306.4365234375
2442.0983886719 15439.8027343750 2968.7971191406 15294.1376953125
3256.2687988281 13081.1806640625 3481.8925781250 13015.6005859375
3458.1726074219 11332.1728515625 3800.2910156250 11717.0927734375
1280.7799072266 3191.0415039062 1105.1467285156 2390.9948730469
824.1377563477 1710.7327880859 532.0389404297 872.4403076172
532.0389404297 872.4403076172 836.8480224609 1216.1428222656
836.8480224609 1216.1428222656 549.5792236328 777.4309082031
688.4064331055 733.8657226562 466.0000000000 21.0000000000
