22 4
-552.0000000000 21.0000000000 -481.2064514160 276.8619995117
-8789.9277343750 4893.3369140625 -8612.8173828125 5196.1025390625
-3940.4675292969 2990.3552246094 -3353.3847656250 2736.5175781250
-3247.5153808594 2844.0219726562 -1675.8305664062 2165.9653320312
-1675.8305664062 2165.9653320312 -1090.4213867188 3823.7512207031
-583.5230102539 2548.5158691406 -328.8660278320 2361.0034179688
-328.8660278320 2361.0034179688 -164.7647857666 2377.2463378906
-164.7647857666 2377.2463378906 -60.8298225403 1762.9382324219
-60.8298225403 1762.9382324219 -40.1230812073 2319.6499023438
-40.1230812073 2319.6499023438 -0.0000000000 1803.0000000000
-0.0000000000 1803.0000000000 79.1171569824 2286.6188964844
79.1171569824 2286.6188964844 555.1668701172 2092.9108886719
555.1668701172 2092.9108886719 463.1167907715 1535.7867431641
463.1167907715 1535.7867431641 660.0603027344 2052.4567871094
797.1628417969 1994.0472412109 647.9314575195 1476.2779541016
647.9314575195 1476.2779541016 981.9800415039 1277.8771972656
1405.2724609375 1756.3669433594 1683.2551269531 1646.5006103516
1638.2322998047 1548.6762695312 1937.7183837891 1534.9116210938
1937.7183837891 1534.9116210938 1744.2199707031 1335.3640136719
1744.2199707031 1335.3640136719 2138.0878906250 1463.1584472656
2138.0878906250 1463.1584472656 1980.7075195312 1030.2208251953
782.8496093750 402.8212585449 650.0000000000 21.0000000000
