17 4
-1601.0000000000 21.0000000000 -1745.5874023438 949.1452636719
-1745.5874023438 949.1452636719 -1233.3315429688 1055.8880615234
-1233.3315429688 1055.8880615234 2559.1054687500 6687.6977539062
2908.4455566406 7219.6552734375 3146.5578613281 7433.8256835938
3146.5578613281 7433.8256835938 3683.1943359375 7572.6674804688
1575.8010253906 3113.6835937500 1936.0280761719 3243.0917968750
1936.0280761719 3243.0917968750 1709.5195312500 2756.8032226562
8763.7871093750 13516.0478515625 9226.5507812500 13197.8798828125
1755.1745605469 2188.4602050781 2238.1892089844 2338.7128906250
2238.1892089844 2338.7128906250 2030.1035156250 2051.1035156250
2030.1035156250 2051.1035156250 2284.6232910156 2227.2348632812
2284.6232910156 2227.2348632812 2328.0090332031 1974.4315185547
3087.4260253906 2433.1616210938 3268.4287109375 2395.6523437500
3268.4287109375 2395.6523437500 2982.3125000000 1957.7364501953
2821.7946777344 1716.5053710938 2061.2856445312 573.3198242188
2061.2856445312 573.3198242188 2219.4589843750 452.4191284180
997.6102294922 196.9056091309 873.0000000000 21.0000000000
