40 4
-6449.0000000000 0.0000000000 -6316.0000000000 110.0000000000
-2938.0000000000 842.0000000000 -2667.0000000000 918.0000000000
-2595.0000000000 1101.0000000000 -2420.0000000000 1233.0000000000
-2420.0000000000 1233.0000000000 -1910.0000000000 1015.0000000000
-1910.0000000000 1015.0000000000 -1661.0000000000 1207.0000000000
-1661.0000000000 1207.0000000000 -2547.0000000000 2637.0000000000
-10728.0000000000 12341.0000000000 -10495.0000000000 12508.0000000000
-11511.0000000000 14215.0000000000 -10985.0000000000 14577.0000000000
-4080.0000000000 5615.0000000000 -3044.0000000000 6242.0000000000
-1344.0000000000 3501.0000000000 -619.0000000000 3911.0000000000
-619.0000000000 3911.0000000000 -602.0000000000 4285.0000000000
-315.0000000000 4501.0000000000 -0.0000000000 4726.0000000000
-0.0000000000 4726.0000000000 78.0000000000 4454.0000000000
126.0000000000 3613.0000000000 201.0000000000 3838.0000000000
201.0000000000 3838.0000000000 228.0000000000 3264.0000000000
358.0000000000 4095.0000000000 448.0000000000 3652.0000000000
448.0000000000 3652.0000000000 747.0000000000 4237.0000000000
933.0000000000 4390.0000000000 1153.0000000000 4304.0000000000
1153.0000000000 4304.0000000000 1460.0000000000 4777.0000000000
1460.0000000000 4777.0000000000 1453.0000000000 4471.0000000000
1555.0000000000 4516.0000000000 1607.0000000000 4185.0000000000
1607.0000000000 4185.0000000000 1908.0000000000 4285.0000000000
2334.0000000000 5006.0000000000 2505.0000000000 5137.0000000000
2505.0000000000 5137.0000000000 2710.0000000000 4888.0000000000
2710.0000000000 4888.0000000000 4636.0000000000 6381.0000000000
4636.0000000000 6381.0000000000 4843.0000000000 6427.0000000000
4843.0000000000 6427.0000000000 5013.0000000000 6190.0000000000
5694.0000000000 6786.0000000000 5944.0000000000 6838.0000000000
6491.0000000000 7209.0000000000 6947.0000000000 6709.0000000000
6947.0000000000 6709.0000000000 6568.0000000000 5914.0000000000
7182.0000000000 6243.0000000000 7377.0000000000 5974.0000000000
4659.0000000000 3143.0000000000 4789.0000000000 2878.0000000000
4789.0000000000 2878.0000000000 5238.0000000000 2904.0000000000
5238.0000000000 2904.0000000000 4990.0000000000 2653.0000000000
5988.0000000000 2920.0000000000 5873.0000000000 2739.0000000000
5324.0000000000 2370.0000000000 5010.0000000000 2127.0000000000
5010.0000000000 2127.0000000000 5282.0000000000 2028.0000000000
8937.0000000000 2904.0000000000 9450.0000000000 2182.0000000000
8755.0000000000 1861.0000000000 6969.0000000000 487.0000000000
5450.0000000000 286.0000000000 5552.0000000000 0.0000000000
