35 4
-2573.0000000000 45.0000000000 -2674.0000000000 187.0000000000
-2674.0000000000 187.0000000000 -1849.0000000000 260.0000000000
-1849.0000000000 260.0000000000 -1940.0000000000 520.0000000000
-2985.0000000000 1206.0000000000 -3393.0000000000 1511.0000000000
-3393.0000000000 1511.0000000000 -3205.0000000000 1563.0000000000
-606.0000000000 804.0000000000 -823.0000000000 1133.0000000000
-2115.0000000000 3385.0000000000 -1592.0000000000 2758.0000000000
-1068.0000000000 2096.0000000000 -903.0000000000 2128.0000000000
-986.0000000000 2865.0000000000 -714.0000000000 2336.0000000000
-714.0000000000 2336.0000000000 -813.0000000000 2834.0000000000
-813.0000000000 2834.0000000000 -626.0000000000 2512.0000000000
-802.0000000000 9168.0000000000 -635.0000000000 9080.0000000000
-635.0000000000 9080.0000000000 -480.0000000000 9164.0000000000
-260.0000000000 7457.0000000000 -0.0000000000 8103.0000000000
711.0000000000 13570.0000000000 1216.0000000000 13903.0000000000
652.0000000000 6201.0000000000 845.0000000000 6015.0000000000
845.0000000000 6015.0000000000 1101.0000000000 6242.0000000000
1101.0000000000 6242.0000000000 1116.0000000000 5742.0000000000
1116.0000000000 5742.0000000000 1279.0000000000 5539.0000000000
1398.0000000000 5606.0000000000 1417.0000000000 5287.0000000000
1417.0000000000 5287.0000000000 1560.0000000000 5103.0000000000
1560.0000000000 5103.0000000000 1791.0000000000 5200.0000000000
1791.0000000000 5200.0000000000 2049.0000000000 5631.0000000000
2049.0000000000 5631.0000000000 2541.0000000000 5986.0000000000
2296.0000000000 4924.0000000000 2383.0000000000 4678.0000000000
2383.0000000000 4678.0000000000 2578.0000000000 4650.0000000000
2578.0000000000 4650.0000000000 3215.0000000000 5145.0000000000
3215.0000000000 5145.0000000000 3185.0000000000 4904.0000000000
5855.0000000000 8680.0000000000 6210.0000000000 8869.0000000000
7270.0000000000 10006.0000000000 7279.0000000000 9659.0000000000
7846.0000000000 7577.0000000000 8288.0000000000 7729.0000000000
8288.0000000000 7729.0000000000 8040.0000000000 7239.0000000000
1814.0000000000 1577.0000000000 1958.0000000000 1321.0000000000
1470.0000000000 955.0000000000 715.0000000000 275.0000000000
715.0000000000 275.0000000000 910.0000000000 0.0000000000
