31 4
-5336.0000000000 0.0000000000 -5213.0000000000 1300.0000000000
-5209.0000000000 1494.0000000000 -5613.0000000000 1716.0000000000
-3566.0000000000 1228.0000000000 -3394.0000000000 1235.0000000000
-3361.0000000000 1358.0000000000 -2182.0000000000 1260.0000000000
-2182.0000000000 1260.0000000000 -2158.0000000000 1511.0000000000
-2158.0000000000 1511.0000000000 -2335.0000000000 1760.0000000000
-2335.0000000000 1760.0000000000 -2319.0000000000 2163.0000000000
-2308.0000000000 2308.0000000000 -2291.0000000000 2545.0000000000
-2096.0000000000 2588.0000000000 -1921.0000000000 2459.0000000000
-1921.0000000000 2459.0000000000 -1751.0000000000 2500.0000000000
-1282.0000000000 2133.0000000000 -1045.0000000000 2240.0000000000
-3410.0000000000 8032.0000000000 -3241.0000000000 8022.0000000000
-2514.0000000000 6907.0000000000 -2350.0000000000 6824.0000000000
-2350.0000000000 6824.0000000000 -2113.0000000000 6911.0000000000
-2518.0000000000 8781.0000000000 -2263.0000000000 8447.0000000000
-2263.0000000000 8447.0000000000 -1978.0000000000 8567.0000000000
-719.0000000000 6837.0000000000 -469.0000000000 6706.0000000000
-941.0000000000 17955.0000000000 -620.0000000000 17740.0000000000
-134.0000000000 7687.0000000000 -0.0000000000 8079.0000000000
254.0000000000 7286.0000000000 396.0000000000 7555.0000000000
580.0000000000 5514.0000000000 849.0000000000 5361.0000000000
849.0000000000 5361.0000000000 1172.0000000000 5512.0000000000
1637.0000000000 7091.0000000000 1640.0000000000 6579.0000000000
1640.0000000000 6579.0000000000 1849.0000000000 6900.0000000000
1474.0000000000 5139.0000000000 1770.0000000000 5141.0000000000
1836.0000000000 4544.0000000000 1797.0000000000 3853.0000000000
1797.0000000000 3853.0000000000 2008.0000000000 3623.0000000000
2008.0000000000 3623.0000000000 2325.0000000000 3869.0000000000
2325.0000000000 3869.0000000000 2312.0000000000 3428.0000000000
722.0000000000 1030.0000000000 675.0000000000 528.0000000000
675.0000000000 528.0000000000 859.0000000000 105.0000000000
