15 4
-1802.0000000000 0.0000000000 -1553.0000000000 416.0000000000
-1553.0000000000 416.0000000000 -1988.0000000000 685.0000000000
-1988.0000000000 685.0000000000 -1090.0000000000 1966.0000000000
-2581.0000000000 4854.0000000000 -2398.0000000000 5142.0000000000
-936.0000000000 4402.0000000000 -670.0000000000 4230.0000000000
-507.0000000000 4131.0000000000 -278.0000000000 3979.0000000000
-0.0000000000 3837.0000000000 669.0000000000 3443.0000000000
669.0000000000 3443.0000000000 853.0000000000 3693.0000000000
969.0000000000 3614.0000000000 1167.0000000000 3816.0000000000
2119.0000000000 5822.0000000000 3141.0000000000 5227.0000000000
3141.0000000000 5227.0000000000 2946.0000000000 4715.0000000000
3176.0000000000 4536.0000000000 3536.0000000000 4866.0000000000
2018.0000000000 2582.0000000000 1472.0000000000 1635.0000000000
1472.0000000000 1635.0000000000 1739.0000000000 1408.0000000000
1739.0000000000 1408.0000000000 909.0000000000 0.0000000000
