26 4
-3094.0000000000 0.0000000000 -3644.0000000000 127.0000000000
-3644.0000000000 127.0000000000 -3588.0000000000 377.0000000000
-3588.0000000000 377.0000000000 -2527.0000000000 400.0000000000
-2527.0000000000 400.0000000000 -3074.0000000000 542.0000000000
-3074.0000000000 542.0000000000 -2968.0000000000 851.0000000000
-2968.0000000000 851.0000000000 -3365.0000000000 1093.0000000000
-3365.0000000000 1093.0000000000 -2811.0000000000 968.0000000000
-2811.0000000000 968.0000000000 -3318.0000000000 1274.0000000000
-3276.0000000000 1391.0000000000 -3154.0000000000 1821.0000000000
-3154.0000000000 1821.0000000000 -2613.0000000000 1570.0000000000
-2458.0000000000 1721.0000000000 -1722.0000000000 1497.0000000000
-1722.0000000000 1497.0000000000 -996.0000000000 3996.0000000000
-996.0000000000 3996.0000000000 -623.0000000000 3931.0000000000
-577.0000000000 4696.0000000000 -262.0000000000 5002.0000000000
-262.0000000000 5002.0000000000 -0.0000000000 5668.0000000000
-0.0000000000 5668.0000000000 673.0000000000 5482.0000000000
673.0000000000 4792.0000000000 817.0000000000 4634.0000000000
1021.0000000000 5252.0000000000 1482.0000000000 5169.0000000000
1661.0000000000 5113.0000000000 2019.0000000000 4997.0000000000
2200.0000000000 4942.0000000000 2386.0000000000 4891.0000000000
2138.0000000000 3054.0000000000 1817.0000000000 2090.0000000000
1880.0000000000 1947.0000000000 1512.0000000000 1512.0000000000
1740.0000000000 1087.0000000000 2032.0000000000 1221.0000000000
2893.0000000000 1670.0000000000 3199.0000000000 1701.0000000000
4811.0000000000 2142.0000000000 4634.0000000000 1596.0000000000
4500.0000000000 1122.0000000000 4253.0000000000 0.0000000000
