10 4
-1232.0000000000 0.0000000000 -1210.0000000000 279.0000000000
-1210.0000000000 279.0000000000 -512.0000000000 228.0000000000
-512.0000000000 228.0000000000 -718.0000000000 826.0000000000
-1136.0000000000 1354.0000000000 -551.0000000000 1365.0000000000
-551.0000000000 1365.0000000000 -427.0000000000 3041.0000000000
-427.0000000000 3041.0000000000 1942.0000000000 2879.0000000000
979.0000000000 1398.0000000000 1435.0000000000 1338.0000000000
1435.0000000000 1338.0000000000 1373.0000000000 267.0000000000
1373.0000000000 267.0000000000 797.0000000000 42.0000000000
13613.0000000000 238.0000000000 13150.0000000000 0.0000000000
