15 4
-1810.0000000000 0.0000000000 -1774.0000000000 186.0000000000
-1774.0000000000 186.0000000000 -2075.0000000000 838.0000000000
-2042.0000000000 952.0000000000 -1595.0000000000 1159.0000000000
-962.0000000000 725.0000000000 -742.0000000000 742.0000000000
-742.0000000000 742.0000000000 -1013.0000000000 1345.0000000000
-1013.0000000000 1345.0000000000 -543.0000000000 1578.0000000000
-543.0000000000 1578.0000000000 -226.0000000000 979.0000000000
-345.0000000000 1625.0000000000 513.0000000000 2059.0000000000
513.0000000000 2059.0000000000 837.0000000000 1451.0000000000
837.0000000000 1451.0000000000 1154.0000000000 1710.0000000000
1633.0000000000 2332.0000000000 1791.0000000000 1989.0000000000
1791.0000000000 1989.0000000000 3316.0000000000 2685.0000000000
3316.0000000000 2685.0000000000 4074.0000000000 1092.0000000000
1541.0000000000 244.0000000000 1304.0000000000 183.0000000000
1576.0000000000 166.0000000000 1426.0000000000 50.0000000000
