21 4
-2969.0000000000 208.0000000000 -3353.0000000000 352.0000000000
-1869.0000000000 397.0000000000 -1426.0000000000 329.0000000000
-2613.0000000000 1163.0000000000 -2732.0000000000 1274.0000000000
-2326.0000000000 1454.0000000000 -2754.0000000000 1789.0000000000
-1305.0000000000 1400.0000000000 -1111.0000000000 1234.0000000000
-963.0000000000 1428.0000000000 -757.0000000000 1166.0000000000
-1445.0000000000 2313.0000000000 -1151.0000000000 2585.0000000000
-1234.0000000000 3055.0000000000 -203.0000000000 3883.0000000000
1419.0000000000 5297.0000000000 1909.0000000000 4724.0000000000
1909.0000000000 4724.0000000000 2216.0000000000 4977.0000000000
2216.0000000000 4977.0000000000 2371.0000000000 4862.0000000000
3099.0000000000 6082.0000000000 3267.0000000000 5893.0000000000
3267.0000000000 5893.0000000000 3453.0000000000 5981.0000000000
3873.0000000000 6446.0000000000 4067.0000000000 6509.0000000000
4067.0000000000 6509.0000000000 4236.0000000000 6280.0000000000
809.0000000000 1156.0000000000 1354.0000000000 547.0000000000
5097.0000000000 1957.0000000000 5253.0000000000 1809.0000000000
7583.0000000000 2032.0000000000 7741.0000000000 1930.0000000000
5625.0000000000 1299.0000000000 5326.0000000000 1132.0000000000
7300.0000000000 639.0000000000 7108.0000000000 497.0000000000
6843.0000000000 239.0000000000 6696.0000000000 117.0000000000
