24 4
-508.0000000000 0.0000000000 -631.0000000000 350.0000000000
-631.0000000000 350.0000000000 -915.0000000000 594.0000000000
-915.0000000000 594.0000000000 -1603.0000000000 2468.0000000000
-2742.0000000000 4389.0000000000 -2916.0000000000 4853.0000000000
-4001.0000000000 7524.0000000000 -4100.0000000000 8048.0000000000
-4100.0000000000 8048.0000000000 -3804.0000000000 8157.0000000000
-4459.0000000000 10015.0000000000 -3029.0000000000 10564.0000000000
-1334.0000000000 5776.0000000000 -940.0000000000 4834.0000000000
-750.0000000000 4253.0000000000 -200.0000000000 2860.0000000000
-200.0000000000 2860.0000000000 1241.0000000000 3410.0000000000
1241.0000000000 3410.0000000000 1516.0000000000 2734.0000000000
1516.0000000000 2734.0000000000 2722.0000000000 3244.0000000000
2722.0000000000 3244.0000000000 3067.0000000000 3289.0000000000
3067.0000000000 3289.0000000000 3148.0000000000 3040.0000000000
3148.0000000000 3040.0000000000 3485.0000000000 3138.0000000000
4482.0000000000 3761.0000000000 4554.0000000000 3558.0000000000
4554.0000000000 3558.0000000000 4869.0000000000 3669.0000000000
9205.0000000000 6688.0000000000 9290.0000000000 6505.0000000000
9889.0000000000 6670.0000000000 10176.0000000000 5875.0000000000
10176.0000000000 5875.0000000000 10573.0000000000 5861.0000000000
10573.0000000000 5861.0000000000 10526.0000000000 5597.0000000000
15660.0000000000 7638.0000000000 16303.0000000000 5934.0000000000
11029.0000000000 3798.0000000000 11109.0000000000 3610.0000000000
3300.0000000000 884.0000000000 978.0000000000 0.0000000000
