44 4
-2987.0000000000 0.0000000000 -3031.0000000000 159.0000000000
-1912.0000000000 512.0000000000 -2445.0000000000 701.0000000000
-4660.0000000000 1978.0000000000 -4788.0000000000 2654.0000000000
-4788.0000000000 2654.0000000000 -5116.0000000000 3074.0000000000
-5116.0000000000 3074.0000000000 -5198.0000000000 3376.0000000000
-5285.0000000000 3701.0000000000 -4880.0000000000 3678.0000000000
-4880.0000000000 3678.0000000000 -4463.0000000000 3487.0000000000
-4463.0000000000 3487.0000000000 -4614.0000000000 3736.0000000000
-4614.0000000000 3736.0000000000 -4454.0000000000 3871.0000000000
-4454.0000000000 3871.0000000000 -4500.0000000000 4052.0000000000
-4500.0000000000 4052.0000000000 -4167.0000000000 3886.0000000000
-4609.0000000000 4451.0000000000 -4436.0000000000 4594.0000000000
-4816.0000000000 5165.0000000000 -4443.0000000000 4934.0000000000
-4318.0000000000 5146.0000000000 -4304.0000000000 5509.0000000000
-4641.0000000000 6158.0000000000 -4369.0000000000 6239.0000000000
-4369.0000000000 6239.0000000000 -4996.0000000000 8654.0000000000
-4996.0000000000 8654.0000000000 -4709.0000000000 8856.0000000000
-4949.0000000000 9714.0000000000 -4990.0000000000 10702.0000000000
-4990.0000000000 10702.0000000000 -4386.0000000000 10855.0000000000
-4386.0000000000 10855.0000000000 -4000.0000000000 10421.0000000000
-4000.0000000000 10421.0000000000 -3816.0000000000 10484.0000000000
-3816.0000000000 10484.0000000000 -3759.0000000000 10916.0000000000
-3759.0000000000 10916.0000000000 -3355.0000000000 10975.0000000000
-1964.0000000000 7331.0000000000 -1259.0000000000 7139.0000000000
-1259.0000000000 7139.0000000000 -1025.0000000000 7295.0000000000
-1025.0000000000 7295.0000000000 -642.0000000000 7342.0000000000
-604.0000000000 8644.0000000000 -445.0000000000 8486.0000000000
-388.0000000000 11119.0000000000 595.0000000000 11346.0000000000
749.0000000000 10716.0000000000 1127.0000000000 9178.0000000000
1114.0000000000 5241.0000000000 1487.0000000000 5185.0000000000
1598.0000000000 4919.0000000000 1640.0000000000 4505.0000000000
1640.0000000000 4505.0000000000 1916.0000000000 4743.0000000000
1916.0000000000 4743.0000000000 1804.0000000000 3868.0000000000
1804.0000000000 3868.0000000000 2020.0000000000 3645.0000000000
2338.0000000000 3600.0000000000 2517.0000000000 3731.0000000000
1378.0000000000 1156.0000000000 1684.0000000000 1364.0000000000
3303.0000000000 2228.0000000000 3291.0000000000 1977.0000000000
3055.0000000000 1490.0000000000 2886.0000000000 1285.0000000000
2886.0000000000 1285.0000000000 3108.0000000000 1256.0000000000
2721.0000000000 937.0000000000 2987.0000000000 971.0000000000
2965.0000000000 850.0000000000 3213.0000000000 742.0000000000
3221.0000000000 626.0000000000 2780.0000000000 490.0000000000
2780.0000000000 490.0000000000 3245.0000000000 514.0000000000
3264.0000000000 286.0000000000 3538.0000000000 247.0000000000
