24 4
-1013.0000000000 0.0000000000 -795.0000000000 84.0000000000
-795.0000000000 84.0000000000 -1096.0000000000 213.0000000000
-1096.0000000000 213.0000000000 -1289.0000000000 1335.0000000000
-1289.0000000000 1335.0000000000 -1103.0000000000 1225.0000000000
-1103.0000000000 1225.0000000000 -1118.0000000000 1484.0000000000
-1118.0000000000 1484.0000000000 -743.0000000000 1524.0000000000
-743.0000000000 1524.0000000000 -596.0000000000 1278.0000000000
-596.0000000000 1278.0000000000 -631.0000000000 1833.0000000000
-631.0000000000 1833.0000000000 -105.0000000000 2006.0000000000
-100.0000000000 2857.0000000000 71.0000000000 2043.0000000000
71.0000000000 2043.0000000000 241.0000000000 1959.0000000000
241.0000000000 1959.0000000000 1584.0000000000 2262.0000000000
2547.0000000000 3260.0000000000 2811.0000000000 3472.0000000000
3067.0000000000 3528.0000000000 3338.0000000000 3580.0000000000
3338.0000000000 3580.0000000000 3298.0000000000 3298.0000000000
3336.0000000000 3111.0000000000 3086.0000000000 2779.0000000000
3833.0000000000 3217.0000000000 3996.0000000000 3236.0000000000
3129.0000000000 2110.0000000000 2757.0000000000 1790.0000000000
5022.0000000000 3138.0000000000 5108.0000000000 2831.0000000000
5108.0000000000 2831.0000000000 4312.0000000000 2197.0000000000
2796.0000000000 1364.0000000000 3667.0000000000 1633.0000000000
3667.0000000000 1633.0000000000 3389.0000000000 1439.0000000000
5239.0000000000 2117.0000000000 4437.0000000000 1615.0000000000
566.0000000000 184.0000000000 588.0000000000 0.0000000000
