41 4
-7186.0000000000 0.0000000000 -7320.0000000000 128.0000000000
-2979.0000000000 472.0000000000 -2816.0000000000 496.0000000000
-2819.0000000000 651.0000000000 -2236.0000000000 557.0000000000
-2236.0000000000 557.0000000000 -2751.0000000000 737.0000000000
-2751.0000000000 737.0000000000 -2597.0000000000 894.0000000000
-1582.0000000000 576.0000000000 -2053.0000000000 788.0000000000
-2053.0000000000 788.0000000000 -1881.0000000000 1000.0000000000
-1881.0000000000 1000.0000000000 -3019.0000000000 2194.0000000000
-12956.0000000000 10123.0000000000 -13029.0000000000 10551.0000000000
-14090.0000000000 11823.0000000000 -13655.0000000000 12295.0000000000
-5156.0000000000 4808.0000000000 -4254.0000000000 5646.0000000000
-2066.0000000000 3307.0000000000 -1588.0000000000 3740.0000000000
-1588.0000000000 3740.0000000000 -1412.0000000000 3495.0000000000
-1412.0000000000 3495.0000000000 -1458.0000000000 4235.0000000000
-1309.0000000000 4280.0000000000 -935.0000000000 4810.0000000000
-630.0000000000 3572.0000000000 -597.0000000000 3767.0000000000
-522.0000000000 4253.0000000000 -252.0000000000 3601.0000000000
-0.0000000000 4691.0000000000 240.0000000000 4573.0000000000
240.0000000000 4573.0000000000 447.0000000000 5113.0000000000
447.0000000000 5113.0000000000 503.0000000000 4782.0000000000
595.0000000000 4847.0000000000 721.0000000000 4554.0000000000
721.0000000000 4554.0000000000 1004.0000000000 4725.0000000000
1250.0000000000 5416.0000000000 1415.0000000000 5675.0000000000
1415.0000000000 5675.0000000000 1682.0000000000 5502.0000000000
1682.0000000000 5502.0000000000 3269.0000000000 7343.0000000000
3269.0000000000 7343.0000000000 3455.0000000000 7409.0000000000
3455.0000000000 7409.0000000000 3670.0000000000 7202.0000000000
4228.0000000000 7952.0000000000 4903.0000000000 8493.0000000000
4903.0000000000 8493.0000000000 5458.0000000000 8091.0000000000
5256.0000000000 7507.0000000000 5260.0000000000 7240.0000000000
5789.0000000000 7683.0000000000 6294.0000000000 7241.0000000000
4179.0000000000 4642.0000000000 3913.0000000000 4197.0000000000
3913.0000000000 4197.0000000000 4151.0000000000 3871.0000000000
4151.0000000000 3871.0000000000 4088.0000000000 3553.0000000000
4088.0000000000 3553.0000000000 4692.0000000000 3047.0000000000
8201.0000000000 4735.0000000000 8601.0000000000 4382.0000000000
8227.0000000000 3837.0000000000 6694.0000000000 2047.0000000000
5258.0000000000 1508.0000000000 5677.0000000000 1001.0000000000
5677.0000000000 1001.0000000000 5554.0000000000 880.0000000000
4285.0000000000 602.0000000000 4655.0000000000 572.0000000000
4042.0000000000 425.0000000000 4329.0000000000 379.0000000000
