26 4
-3771.0000000000 871.0000000000 -4101.0000000000 1099.0000000000
-3993.0000000000 1145.0000000000 -2684.0000000000 977.0000000000
-3564.0000000000 1513.0000000000 -3536.0000000000 1802.0000000000
-3536.0000000000 1802.0000000000 -3037.0000000000 1615.0000000000
-3446.0000000000 2325.0000000000 -3793.0000000000 2756.0000000000
-3793.0000000000 2756.0000000000 -3498.0000000000 2636.0000000000
-2112.0000000000 1772.0000000000 -1710.0000000000 1487.0000000000
-2506.0000000000 2256.0000000000 -2690.0000000000 2598.0000000000
-2690.0000000000 2598.0000000000 -2373.0000000000 2636.0000000000
-2881.0000000000 3558.0000000000 -2697.0000000000 3852.0000000000
-2502.0000000000 3852.0000000000 -2547.0000000000 4077.0000000000
-2547.0000000000 4077.0000000000 -2429.0000000000 4208.0000000000
-2890.0000000000 5672.0000000000 -2975.0000000000 6100.0000000000
-1114.0000000000 4827.0000000000 -1092.0000000000 5137.0000000000
-905.0000000000 5712.0000000000 -701.0000000000 5708.0000000000
-463.0000000000 4403.0000000000 -81.0000000000 4619.0000000000
122.0000000000 7003.0000000000 913.0000000000 7436.0000000000
1489.0000000000 4582.0000000000 1910.0000000000 3916.0000000000
1910.0000000000 3916.0000000000 3281.0000000000 4686.0000000000
4490.0000000000 6179.0000000000 4693.0000000000 6007.0000000000
6387.0000000000 7887.0000000000 6894.0000000000 6894.0000000000
7350.0000000000 6854.0000000000 7483.0000000000 6738.0000000000
5827.0000000000 2717.0000000000 6138.0000000000 2605.0000000000
2410.0000000000 877.0000000000 3122.0000000000 1015.0000000000
3122.0000000000 1015.0000000000 2292.0000000000 529.0000000000
2323.0000000000 285.0000000000 2580.0000000000 45.0000000000
