11 4
-891.0000000000 0.0000000000 -902.0000000000 1075.0000000000
-3327.0000000000 4109.0000000000 -511.0000000000 4161.0000000000
-1217.0000000000 13907.0000000000 -993.0000000000 14196.0000000000
-993.0000000000 14196.0000000000 -735.0000000000 14033.0000000000
-735.0000000000 14033.0000000000 -248.0000000000 14182.0000000000
-0.0000000000 7334.0000000000 257.0000000000 7347.0000000000
553.0000000000 7907.0000000000 651.0000000000 7442.0000000000
353.0000000000 3356.0000000000 516.0000000000 3674.0000000000
516.0000000000 3674.0000000000 539.0000000000 934.0000000000
539.0000000000 934.0000000000 939.0000000000 907.0000000000
939.0000000000 907.0000000000 951.0000000000 0.0000000000
