181 2
-5775.000000 21.000000
-5751.124023 121.386238
-5534.626465 214.273407
-5398.591309 303.928192
-5401.809570 398.731293
-5393.397949 492.861206
-5392.297852 587.753357
-5390.518066 682.872375
-5394.980469 779.215027
-4345.828613 709.311646
-3956.957520 718.718384
-3949.086182 788.624573
-3953.672607 861.379028
-4131.329102 974.792480
-4113.083496 1046.506958
-4105.184570 1120.980957
-4073.827148 1189.151123
-4067.164062 1264.456909
-4053.402832 1338.030396
-3931.466309 1374.712402
-3929.794434 1451.328247
-3992.923584 1553.739746
-3788.473145 1551.642578
-3600.094482 1549.149414
-3415.746582 1541.788330
-2647.324951 1255.467896
-3108.928711 1537.325806
-2968.833740 1533.696289
-2840.442383 1531.290039
-2719.192627 1528.273071
-2603.272461 1524.000000
-2502.071289 1524.396118
-2396.583984 1518.551880
-2303.828125 1517.123413
-2222.649658 1520.196167
-2133.891113 1515.166626
-2092.117920 1541.012695
-2019.749146 1542.990234
-1941.658447 1537.989868
-1874.476074 1538.920776
-1807.864868 1537.978760
-1741.114990 1534.528198
-1680.993652 1534.573486
-1622.142456 1533.672363
-1562.406006 1529.797974
-1509.672974 1530.672974
-1452.530640 1525.139526
-1406.962646 1529.782715
-1355.658569 1526.611450
-1283.251465 1497.211914
-1242.508423 1501.763916
-1198.226074 1500.685913
-1160.521851 1506.400269
-1116.968628 1503.267456
-1073.295898 1498.265015
-1037.599731 1502.846069
-995.922546 1497.515869
-959.109314 1497.898926
-917.820190 1489.819336
-887.410583 1497.899292
-852.000000 1496.707275
-817.873840 1496.483398
-784.017517 1495.522461
-754.078247 1500.961792
-719.367065 1495.921021
-691.826111 1504.625854
-686.164734 1562.151245
-684.951660 1634.645020
-684.780823 1715.892090
-683.049316 1800.404297
-680.962097 1891.927979
-677.181763 1987.678589
-674.584106 2097.156494
-673.039673 2222.413574
-669.798767 2356.865967
-665.941406 2506.327148
-660.204834 2668.937012
-652.358032 2846.673096
-647.852844 3068.907959
-642.072266 3324.175537
-635.552307 3625.396484
-626.050720 3973.728760
-619.041931 4425.712402
-627.870850 5134.597656
-588.704285 5622.147461
-563.461853 6461.398926
-714.515564 10239.048828
-535.239807 10233.984375
-356.463470 10228.778320
-178.136719 10226.445312
-0.000000 10219.000000
347.076019 19904.970703
471.143219 13512.776367
701.040161 13397.642578
985.310181 14111.591797
815.429138 9341.397461
929.258057 8862.299805
885.502625 7232.840332
976.995178 6972.681641
1100.829346 6971.362793
1225.087891 6968.818848
1247.318359 6437.896973
1228.758057 5801.852539
1213.161011 5275.777832
1204.045288 4850.161621
1200.402710 4500.963867
1188.823975 4166.921875
1183.228271 3891.165283
1176.736694 3642.623291
1172.045410 3424.866943
1169.366821 3233.809082
1162.545654 3049.534912
1160.531250 2893.415527
1154.610474 2741.091797
1151.878174 2608.160645
1145.295532 2477.093994
1142.833618 2364.156006
1161.761719 2301.085693
1158.186401 2199.231689
1157.725342 2109.591797
1159.000000 2028.446899
1158.835693 1949.626465
1154.164185 1868.048706
1155.179443 1799.820312
1154.733398 1732.962646
1151.741455 1665.857300
1150.883545 1605.055298
1154.883057 1553.581543
1153.133911 1496.944092
1117.672974 1401.211182
1114.593750 1349.321045
753.811829 888.161316
750.764526 854.808472
752.244202 827.683105
744.673767 792.132263
748.118958 769.118958
743.078003 738.582092
740.129944 711.182312
741.658508 688.792358
741.124817 665.249939
743.063110 644.503967
740.620117 620.742310
739.942078 599.106140
748.321472 584.900696
750.767761 566.464722
743.790039 541.807434
742.817688 522.036865
745.578125 505.184113
740.346008 483.619507
745.735535 469.083130
740.451721 448.500000
739.053650 430.664124
737.261230 413.008759
736.862366 396.450134
743.302673 383.532928
741.359741 366.701752
738.144714 349.643219
735.483398 333.194183
742.674255 321.059875
747.797913 308.052734
744.236572 291.879944
737.504517 274.943146
742.775146 262.342285
740.179871 247.295700
734.403931 231.586945
738.933228 218.996567
739.365356 205.344482
735.649414 190.838043
738.501465 177.973328
738.183655 164.488358
734.666565 150.541534
733.852417 137.230804
731.808105 123.848923
735.476685 111.305183
733.957153 98.142006
735.191711 85.320938
727.224182 71.852470
743.979004 59.990288
966.410950 54.747814
1084.834717 39.935860
1095.000000 21.000000
