165 2
-3732.000000 21.000000
-10563.390625 205.384674
-11160.683594 605.906677
-2773.228027 214.923004
-10890.400391 973.786560
-2166.728271 287.040771
-11280.143555 1606.320801
-14255.091797 2534.557373
-13657.875000 2924.071045
-13081.892578 3041.192871
-12561.448242 3152.920898
-12092.425781 3261.155518
-11653.375977 3362.551758
-9915.923828 3052.602295
-9851.994141 3222.106934
-9895.797852 3428.396240
-9951.344727 3642.993408
-8124.017090 3139.517822
-8112.858887 3298.807617
-7890.567383 3370.347168
-7675.520508 3600.154053
-7628.963867 3741.894287
-7969.162109 4081.490967
-6895.820801 3687.572998
-6893.752441 3842.269531
-6792.237305 3942.500000
-6789.622070 4100.616699
-5644.607910 3548.142578
-5354.911621 3498.520264
-5231.227051 3549.507324
-5223.013672 3815.741699
-5979.384277 4526.789062
-5848.615723 4590.439453
-5996.458008 4876.835938
-4642.995605 3916.935791
-4429.390625 3871.410400
-4374.893555 3960.171875
-4369.106934 4095.258301
-4297.335938 4170.889160
-4276.582031 4297.582031
-3985.255127 4147.852539
-3857.382812 4157.536621
-3538.362549 3950.749756
-3303.257324 3820.962646
-3188.226562 3820.580322
-3161.076416 3924.604248
-3218.062500 4139.932129
-3084.302002 4114.006836
-2943.628662 4072.557129
-2983.744629 4282.229004
-2748.992432 4096.548828
-2677.445557 4143.904297
-2597.664307 4178.131836
-2548.408447 4262.263672
-2515.500000 4377.973633
-2161.281250 3920.054688
-1969.902710 3725.848145
-1872.256836 3695.510986
-1801.267090 3714.144775
-1726.818237 3724.173584
-1801.436646 4067.092773
-1730.157471 4096.995605
-1652.764282 4111.735352
-1697.104004 4683.754883
-1513.891968 4417.661133
-1386.559204 4288.390625
-1343.447998 4415.220215
-1195.163574 4189.030762
-1083.157715 4063.399658
-913.739014 3685.806885
-827.819885 3606.681885
-747.442505 3537.440674
-671.838501 3477.309326
-617.666565 3523.961182
-563.946228 3581.616455
-508.816864 3641.420166
-457.010040 3743.048096
-392.399841 3754.435303
-329.797333 3790.600830
-270.097076 3883.568115
-130.803314 3766.716797
-67.697884 3899.409180
-0.000000 3759.000000
79.932022 4600.302246
158.722916 4566.229492
236.139832 4526.816406
308.393372 4431.230469
388.801758 4465.024414
461.388641 4410.819824
370.726532 3040.325439
607.351440 4342.529785
467.113312 2970.237305
749.812805 4273.399902
833.644531 4309.729004
933.315552 4411.904785
719.168518 3136.061035
797.858398 3221.035400
886.714050 3330.261963
897.475220 3150.868164
941.144531 3099.344971
1007.086365 3120.493164
1056.468628 3089.207764
1115.669678 3086.277344
1017.764954 2672.368408
1210.353882 3016.730957
1840.734375 4357.498535
1906.374634 4302.787598
1957.990356 4219.923828
1714.469604 3536.183594
1856.821167 3665.216797
1991.498413 3766.463623
2247.092529 4074.862305
1949.934204 3266.235352
2028.530884 3267.328125
1214.545044 1891.235352
1234.697876 1851.515015
2113.055664 3038.756104
1353.669434 1884.166138
2186.995850 2923.241455
2250.242676 2901.179199
2305.200684 2867.685547
2319.177734 2784.888428
2369.685303 2747.010986
2370.729736 2653.962158
2453.148193 2651.679199
2466.731934 2575.375732
2486.894531 2507.894531
2536.392090 2470.365479
2590.454834 2436.638184
1815.502808 1655.686035
1958.009644 1663.965088
3043.535400 1997.495117
3076.718506 1943.547119
3123.517578 1897.798706
1836.839844 1081.500000
3174.869629 1780.858887
3026.744385 1630.348511
1949.522217 1014.331238
3250.039307 1606.150024
3247.300781 1535.241211
2506.768799 1137.085327
3316.579102 1428.804199
2750.027344 1132.083130
1649.636597 654.236145
3367.858398 1246.800171
3388.738525 1187.836304
2247.346436 751.207153
3417.833252 1065.936523
3555.707031 1040.582520
3031.075195 833.174133
2338.412598 604.031738
2098.793213 505.544586
3532.091064 771.769104
3555.453613 712.110168
3589.624268 653.947632
3407.524658 560.698914
2276.626221 340.958954
3380.612305 436.086975
3488.782715 387.685852
3513.578613 328.398315
2618.605713 204.110748
3063.795410 181.566711
3680.756348 149.534851
2599.604004 66.376259
3708.000000 21.000000
