164 2
-4652.291504 102.206047
-4597.197754 181.537689
-4630.645020 263.681824
-3703.955322 280.005798
-4286.625977 396.031158
-4314.235840 474.444489
-4357.277832 556.006409
-3841.249756 560.852478
-4616.455078 752.174683
-4962.446289 896.013184
-4991.574219 991.263733
-5035.503906 1091.329346
-5077.442383 1193.219971
-5117.339844 1296.896118
-4447.122559 1212.602905
-5204.270996 1513.300659
-5244.375488 1624.366455
-5115.732910 1683.202393
-4565.026855 1682.533813
-4448.510742 1728.623291
-4339.220215 1774.158813
-4221.435059 1812.892944
-4116.436035 1853.755371
-4017.662354 1894.466797
-3911.551758 1928.791260
-3823.309082 1969.073242
-3820.514160 2052.403564
-3948.033447 2209.430664
-3989.779053 2324.500000
-4042.400879 2449.919678
-4093.528076 2578.920410
-4134.645996 2706.070557
-4196.588379 2851.634521
-4250.580078 2997.288086
-4307.206543 3150.368652
-4370.932129 3314.733643
-4430.984375 3482.864502
-4499.675293 3664.765137
-4582.478027 3866.155518
-4660.331543 4072.164551
-4753.897461 4301.428711
-4747.216797 4447.851562
-4626.793457 4489.042480
-4513.462402 4534.462402
-4428.447266 4606.791016
-4872.196289 5245.791016
-4843.167480 5399.882324
-4801.695801 5544.719238
-4951.393066 5921.840332
-5037.080566 6241.276367
-4956.690430 6365.274414
-4822.945801 6421.265137
-4682.885254 6466.438477
-4550.181641 6519.333008
-4414.828125 6566.251465
-4028.150391 6223.807617
-3745.999268 6015.852051
-3975.578857 6637.474609
-3854.500000 6697.189941
-3729.640381 6749.449219
-3599.907959 6791.442383
-1944.441284 3837.180908
-2101.551270 4329.818848
-1780.490723 3839.274658
-1642.402588 3709.896484
-1546.513794 3664.358154
-1476.324585 3675.031494
-1415.195068 3707.708984
-1359.188110 3755.338379
-1302.598145 3804.019775
-1768.813232 5464.847656
-1254.274658 4123.547363
-1299.354492 4552.387695
-1014.311829 3806.463379
-964.542603 3889.569092
-826.245239 3599.861328
-785.490356 3716.441650
-708.855408 3667.744873
-656.390137 3743.573242
-567.231384 3602.357910
-570.609741 4081.099121
-590.700684 4831.871094
-507.799286 4852.387207
-343.306458 3945.010986
-296.395264 4259.649414
-211.803619 4062.453613
-138.132202 3976.588867
-68.326172 3935.403809
-0.000000 3975.000000
132.690643 7622.841797
267.260345 7674.334961
404.347595 7736.411621
540.124390 7745.138672
620.548889 7113.906250
730.340393 6969.724609
824.202393 6733.589844
910.887939 6502.304688
993.671692 6294.796387
1069.672729 6087.415527
1142.182617 5897.020508
1213.372681 5729.469238
1278.621826 5559.319336
1340.731201 5398.378906
1399.434570 5243.760742
1456.743408 5101.268066
1507.760864 4952.663574
1608.433472 4971.249023
1658.118652 4836.525879
1704.286377 4703.488281
1757.436401 4599.278320
1372.933105 3419.128906
1420.698364 3367.955566
1507.772705 3407.512939
1593.693481 3438.686768
1685.975464 3477.761963
1781.004761 3516.418701
1877.416748 3551.907471
1978.992920 3591.197754
2024.500000 3527.536865
2059.122314 3447.954834
2089.471680 3364.853760
2133.351074 3306.072510
2243.481934 3347.098633
2359.693359 3390.991455
2466.934814 3416.444336
2564.333740 3423.985840
2013.828735 2598.583252
2019.489136 2514.861328
2053.063721 2467.745850
1889.449951 2194.563477
2849.158203 3185.310547
2477.699951 2678.008057
2507.021973 2617.097412
2586.596680 2607.596680
2160.177490 2107.059082
2698.695068 2537.573975
3476.309570 2937.970215
3530.574219 2880.002441
2098.472656 1660.506470
10235.304688 7187.837402
3321.974121 2178.315186
2116.728027 1343.678467
3419.240479 2075.486816
3699.550293 1988.085815
2524.221436 1307.155029
3598.455566 1623.135620
3609.299561 1553.056763
3695.754883 1514.181885
3668.037598 1429.027710
2723.229248 1012.174377
3710.214844 1298.529419
3733.847900 1234.200684
2820.142822 883.204163
3835.691406 1048.770386
3756.014648 957.479675
3316.755615 786.733398
10503.123047 1310.621338
2694.159912 304.167603
11139.449219 995.575500
3406.681152 259.218353
5316.703613 299.636627
5271.786621 205.094849
4675.287598 102.607452
3501.000000 21.000000
