178 2
-4904.000000 21.000000
-5050.230469 109.152107
-5205.826660 202.791473
-5283.749023 297.909546
-5192.320801 384.082458
-5130.402832 469.852081
-4013.890381 442.876892
-5026.253906 638.146362
-4972.135742 719.788147
-4929.552734 801.764404
-5111.152344 922.234070
-5457.847168 1081.898071
-5671.299805 1226.471924
-5850.117676 1371.606079
-5851.853516 1480.031006
-5790.725098 1572.620117
-5975.202637 1734.361816
-5916.657715 1829.903687
-5857.557129 1924.235718
-4911.969238 1712.326538
-5568.618652 2047.811401
-4882.625488 1895.264404
-4668.370605 1907.144165
-4721.269531 2025.059937
-4669.130859 2099.831055
-4661.141113 2194.525635
-4799.560059 2361.901855
-2600.848145 1346.198242
-2568.494629 1386.692749
-2210.164062 1246.113892
-2049.882080 1204.500000
-2046.915527 1250.910889
-2014.114258 1279.558228
-1991.842651 1314.517700
-1971.451294 1350.760742
-1951.220215 1387.259033
-1942.449829 1432.272339
-1915.127930 1464.152466
-1904.621948 1509.053833
-1859.710327 1526.963745
-1847.699219 1571.403687
-1817.340698 1600.790161
-1791.722168 1634.273926
-1772.070068 1673.482056
-2132.842529 2080.662109
-1701.298950 1722.298950
-1718.584839 1800.646606
-1575.416260 1710.427002
-1543.684326 1735.435059
-1809.410767 2102.489014
-2134.697754 2565.033691
-2079.903809 2589.467285
-843.456238 1100.574707
-831.106567 1123.915649
-810.555847 1136.634399
-757.120911 1102.280640
-710.174988 1073.877686
-667.727478 1049.210083
-624.774841 1020.848694
-589.718567 1002.456543
-555.500000 983.154236
-520.200745 959.466919
-492.006195 946.329102
-462.162323 928.044617
-430.918823 904.514526
-408.249237 896.493347
-348.573303 803.908447
-331.339996 801.588135
-279.831116 713.606323
-260.175140 698.779419
-246.254501 697.578674
-232.781235 697.045776
-219.402069 696.250122
-210.800003 710.495728
-205.349823 737.139954
-193.855469 744.478455
-185.312180 764.246521
-173.887161 774.188049
-164.873978 796.671021
-153.028809 808.265015
-142.565155 829.527161
-131.248520 849.670532
-118.157959 861.737610
-106.757545 890.470459
-93.134857 907.119019
-79.311729 927.537170
-65.292061 954.719971
-49.823830 971.695312
-34.236404 1001.402405
-17.609478 1029.846313
-0.000000 1061.000000
18.691526 1091.836914
38.668644 1128.325073
60.343357 1172.419800
82.382393 1199.123169
107.550186 1250.304199
128.779068 1246.250977
147.705643 1223.965942
167.564407 1213.282715
188.347092 1210.176758
207.509567 1197.845215
225.727036 1182.265015
243.880417 1168.367188
268.366608 1183.423462
305.305420 1245.513184
427.569061 1616.709473
483.192291 1706.091797
545.273254 1804.508423
621.433167 1933.574707
705.831787 2070.884277
798.617004 2215.182373
914.554993 2403.497314
1055.641357 2633.804199
1228.067993 2914.146729
1445.135254 3266.826904
1726.395630 3723.267334
2244.021973 4621.926758
2669.918213 5261.009277
3579.251221 6752.592285
3972.045166 7186.759277
4095.000000 7113.748047
4205.800781 7020.628418
4314.072754 6924.959473
4419.745605 6826.811523
4523.870605 6727.914062
4631.629883 6635.652832
4732.259277 6534.395996
4638.790039 6176.882324
4751.675293 6102.867188
4866.534668 6030.669922
4988.031738 5965.504883
5101.515137 5889.621582
4339.555664 4674.603516
4436.783203 4615.423340
4734.787109 4755.787109
4813.821777 4669.653809
4848.875000 4542.648926
3866.582520 3502.486572
3996.453857 3374.422852
4013.181641 3270.810547
4227.177734 3206.406982
4377.590820 3201.506104
4248.941895 2996.140869
1004.793518 698.741821
993.824646 666.397278
990.520203 639.945679
988.313904 614.838928
982.938843 588.500000
976.950195 562.532349
971.242371 537.418701
954.268005 507.223816
954.519287 486.550171
946.185303 462.213470
945.519531 441.972412
944.437988 421.890137
934.601318 398.603455
931.713257 378.651215
930.295715 359.599945
926.608215 340.056793
923.475891 321.055511
919.965149 302.261566
915.121155 283.406769
907.970276 264.289917
905.285889 246.713135
909.087280 230.879333
899.895813 212.278763
888.372620 193.682144
884.357361 176.936066
888.919495 161.791016
886.289917 145.559921
880.388428 129.098114
872.195679 112.671463
871.670349 97.261276
863.890442 81.409103
864.813171 66.322937
856.477966 50.908867
857.869324 35.974163
848.000000 21.000000
