181 2
-1246.000000 21.000000
-1257.808350 42.955128
-1394.150146 69.684799
-1394.086792 94.060997
-1398.584839 118.798576
-1388.695435 142.495102
-1387.358032 166.817200
-1390.557129 191.738953
-1391.326660 216.538208
-1396.591309 242.198334
-1242.827393 240.143997
-1236.850220 261.419342
-1197.252686 275.483917
-1053.294067 264.172089
-940.216553 255.422318
-873.196960 254.972412
-784.389526 245.920090
-956.304749 313.371704
-1371.423462 466.602509
-1371.947510 493.399384
-1364.433716 517.613220
-1361.160278 543.500488
-1362.033081 571.297058
-1360.506226 598.500610
-1358.442139 625.817383
-1347.679688 649.433350
-1346.393433 677.679993
-1349.874878 708.795593
-1342.080322 734.596802
-1339.917358 763.728333
-1342.339355 796.000000
-1342.323975 827.549622
-1338.219849 857.212585
-1335.163574 888.065369
-1328.947266 917.386230
-1328.664673 951.341003
-1287.955078 956.754150
-1163.611938 897.844482
-1118.975220 895.239319
-1074.792847 891.350098
-1030.329834 885.549316
-995.461914 886.341858
-956.427368 882.171082
-922.237000 880.999939
-887.665283 878.208435
-854.892090 875.892090
-821.780823 871.979004
-796.574097 875.221130
-764.147156 869.671387
-737.410339 869.293579
-711.565857 869.011169
-686.588562 868.866272
-659.373413 864.959534
-633.711243 861.963196
-613.647827 865.613770
-750.237976 1092.450928
-722.477234 1092.116577
-694.959412 1091.143677
-667.168335 1088.692505
-638.647217 1083.887451
-615.000000 1086.211304
-592.437378 1089.785278
-586.369995 1123.801514
-1715.630127 3388.113770
-1673.701050 3452.595703
-1529.878052 3301.834229
-1493.943726 3376.452393
-1484.778320 3518.918457
-1478.197632 3679.667480
-1465.366577 3838.410400
-1428.618164 3946.096191
-1348.503296 3937.337891
-1296.635254 4011.633057
-1356.897095 4459.210449
-1342.353882 4702.344238
-1328.000488 4977.165527
-1308.797485 5270.299805
-1292.793701 5620.704590
-1272.627441 6008.241699
-1245.410278 6428.080566
-1217.447388 6925.487305
-1206.891846 7641.015625
-1148.734741 8194.672852
-1101.333252 8990.639648
-394.176849 3771.342041
-298.769897 3435.955322
-218.895813 3151.355957
-157.007874 3016.888672
-121.380447 3496.881348
-60.716923 3499.470215
-0.000000 3494.000000
60.612209 3493.470947
121.205956 3491.884277
181.710434 3488.241699
242.264236 3485.540039
302.691895 3480.784180
363.027344 3474.974609
424.105316 3475.060547
484.322388 3467.132812
545.643433 3466.056885
672.192078 3833.190918
740.148071 3828.731934
808.152771 3823.059814
875.959412 3815.197021
946.640381 3817.767090
1017.676514 3819.020264
1085.459961 3806.448486
1162.177490 3822.311523
1233.595825 3817.617676
1262.227783 3686.775635
1381.419312 3816.418457
1262.171875 3309.070312
1242.195435 3095.541748
1329.658081 3153.478027
1381.684326 3124.313965
1435.211670 3098.821289
1470.296875 3035.555176
1565.813232 3094.081543
1645.497803 3115.731201
1926.148682 3495.864014
1917.500000 3342.207520
1912.851440 3204.519287
1900.290527 3062.100586
2097.405029 3250.720459
2147.300781 3204.504395
2545.532227 3656.396729
2675.598389 3703.645264
2662.429688 3554.163574
2673.202148 3442.542725
2404.003906 2989.697510
939.112671 1140.190918
930.291687 1091.178223
928.084167 1051.741821
932.291748 1020.760498
930.842224 984.915344
926.309875 947.309875
925.070984 914.330688
926.625122 885.091919
921.499573 850.721924
920.745667 821.392029
915.423096 789.131165
914.700806 761.710083
914.880493 735.782959
917.632202 712.485474
914.998230 685.785095
913.354553 660.537720
912.770386 636.671387
915.828247 615.745850
907.411438 588.013611
912.026001 569.000488
906.728577 544.500000
909.604492 525.202026
902.372437 500.799927
905.262634 482.254333
902.389221 461.124634
907.214111 444.040894
902.582886 422.855804
903.015259 404.307251
899.368347 384.368408
899.971558 366.466705
895.527039 346.945190
901.079224 331.266449
898.748413 313.021057
895.101257 294.659912
899.740967 278.996552
896.379150 261.184082
896.553223 244.535828
898.369202 228.404877
898.917664 212.070847
889.354248 193.872955
880.418152 176.241470
887.931824 161.634583
888.270447 145.838272
891.306458 130.438675
879.157349 113.403160
881.632324 98.132835
871.870972 81.967155
871.803589 66.689293
872.468201 51.467262
874.866760 36.270855
873.000000 21.000000
