180 2
-1839.000000 21.000000
-1854.717529 53.374214
-1827.885864 84.831177
-1338.163574 91.130180
-648.416626 66.341705
-638.560791 76.866829
-654.395386 89.779732
-633.244446 98.752640
-657.538025 113.410942
-707.184875 133.007080
-706.107178 145.505737
-694.010437 155.901962
-708.178833 171.528061
-696.674622 181.839996
-702.494080 196.151459
-699.330322 208.384995
-704.604797 223.042175
-700.971375 235.308456
-697.124451 247.509460
-702.520325 262.897125
-696.312256 274.436920
-698.318176 289.059235
-702.805359 304.951813
-701.424683 318.737122
-701.602905 333.373749
-704.201172 349.374390
-710.047302 367.313202
-704.786133 380.106476
-706.358093 396.577240
-707.567322 413.210968
-703.212646 427.000000
-696.877014 439.725952
-697.943604 457.123566
-696.935242 473.595032
-694.733459 489.603668
-694.640930 507.392822
-694.136597 525.319763
-692.416992 542.773621
-691.085449 560.935120
-687.774170 577.948547
-684.843750 595.652100
-690.559265 621.294006
-683.693237 636.600159
-670.651367 646.392517
-663.950623 662.169678
-659.023499 680.023499
-645.337646 689.266663
-645.852417 713.591980
-645.041931 737.391602
-644.249939 762.124817
-635.716919 778.617981
-625.544495 793.483093
-635.978333 835.015137
-640.932983 871.546814
-644.800415 908.491638
-640.684875 935.992859
-631.328796 956.983398
-623.067078 980.439148
-625.304749 1021.696777
-618.045715 1049.600708
-620.500000 1095.737549
-834.357361 1526.220459
-614.538269 1176.778442
-595.181519 1189.109497
-753.998352 1566.925781
-740.004578 1607.944946
-944.442505 2142.252441
-897.900146 2136.320068
-929.024353 2320.416016
-872.984314 2295.201904
-838.291382 2324.186523
-806.432312 2363.049561
-784.285156 2434.781494
-749.056335 2471.052734
-838.213196 2944.196777
-812.174133 3052.075195
-927.286621 3740.143555
-858.413208 3739.196289
-788.609070 3731.113770
-763.999207 3951.435303
-806.595764 4595.432129
-655.303955 4158.426270
-748.612122 5347.651855
-645.176331 5275.539551
-626.334534 5980.175293
-475.041595 6814.411133
-416.070862 7960.104980
-279.614777 8028.119141
-138.729172 7968.789551
-0.000000 7970.000000
138.380127 7948.792480
277.381195 7964.158203
416.280182 7964.099121
554.284912 7947.644043
693.411072 7946.725098
832.360168 7940.377930
752.908813 6152.950195
1046.860107 7469.796387
1042.166382 6600.979492
892.030701 5079.957520
1108.218628 5722.290527
1044.340454 4934.235352
791.152832 3447.859619
840.678589 3392.777588
880.243591 3306.113770
915.667297 3214.311279
680.641357 2247.277588
648.935669 2018.218628
688.902222 2021.717285
711.401917 1975.560669
766.907410 2018.862061
805.404175 2014.445312
843.979248 2009.290527
885.872437 2010.702026
927.647095 2010.345581
697.448486 1450.981323
664.188110 1324.542603
833.312012 1588.231934
1099.548218 2004.637451
1143.500000 2001.600098
1188.192871 1998.484985
1237.361450 2001.192261
1284.803467 1999.423828
1335.352661 2000.741699
1381.745605 1994.337280
1437.722778 1999.855591
1358.296509 1823.520386
1369.231079 1773.535889
1456.876709 1820.092896
1644.250732 1980.541626
1562.732666 1818.718262
1349.636475 1519.923096
1393.322632 1515.155640
1578.263794 1655.339966
1337.846069 1358.846069
1341.568726 1316.537842
1407.855835 1333.846802
1559.860962 1425.505127
1728.284912 1523.375122
1561.198608 1331.001099
1558.177612 1282.787354
2239.526611 1770.709961
2217.810791 1692.240356
2244.213135 1651.516235
2450.083740 1736.567139
2437.370361 1665.027100
2230.863770 1469.739868
2198.988770 1395.080688
4720.420410 2857.314697
2195.374512 1288.500000
2191.796875 1235.932861
2418.393555 1306.882568
2419.082764 1253.584229
2419.553467 1201.095093
4613.106445 2172.126953
4757.744629 2139.284424
4967.964844 2129.775879
5200.574219 2122.168457
5257.924805 2039.328247
5336.514160 1963.332397
5809.266113 2021.290771
6123.853027 2010.760376
6456.013184 1994.801392
6836.493164 1981.332886
7256.034668 1965.248657
7727.435059 1947.666016
8239.273438 1923.186157
8935.377930 1920.273315
4738.314453 942.035034
4407.014648 798.075623
4845.599121 788.467468
4841.420410 701.417297
4834.692383 614.625549
4837.354492 529.426453
4827.559570 443.356720
4825.217285 358.412048
4820.384766 273.625671
4816.064453 189.180679
4808.267578 104.928619
5177.000000 21.000000
