166 2
-4888.255371 106.324814
-4900.013184 192.112228
-5184.884766 292.728271
-2990.576416 282.641541
-3899.393555 638.603271
-3832.871826 696.838684
-5478.461426 1085.905029
-3259.187744 713.761780
-5275.239746 1238.885010
-3708.189209 1014.606323
-3821.976562 1116.934082
-3225.615967 1007.169739
-3202.207275 1061.460205
-4133.807129 1444.383911
-2818.138184 1046.718384
-2799.807617 1095.745483
-2844.600098 1170.292969
-4113.736328 1767.177368
-4152.977539 1870.024780
-4082.010254 1924.472656
-3283.294678 1622.369751
-2762.120117 1428.370605
-2745.967041 1481.056519
-3903.427734 2184.705322
-3111.517334 1890.588257
-2786.686035 1762.314697
-2754.194092 1809.594604
-3345.166504 2277.343262
-3379.821289 2387.576416
-3308.879395 2425.041748
-3464.480957 2631.673584
-3560.232666 2802.558594
-3240.698730 2645.266113
-3228.111328 2729.707031
-2658.087158 2331.639893
-3131.612305 2840.716309
-3125.074463 2935.178955
-4123.255859 4002.781738
-3339.665283 3360.665283
-3178.062012 3311.979492
-3024.662842 3264.553711
-2976.292969 3326.508301
-2935.208008 3397.570557
-2909.256836 3488.117188
-2909.348145 3613.745850
-4148.311035 5525.994629
-4014.573242 5546.585938
-4775.597168 6841.259766
-3168.386963 4718.326660
-3105.531738 4803.099609
-3058.694092 4915.933594
-3201.476562 5349.151855
-3388.500000 5890.054199
-3253.557373 5890.572754
-4102.242676 7736.196289
-3966.968994 7806.615234
-3891.859131 8000.493652
-3483.699463 7845.516602
-3348.175049 7908.806152
-2973.252441 7380.058105
-3109.200439 8120.743652
-2831.926758 7801.654785
-2620.172607 7630.533691
-2897.343262 8938.105469
-2889.217285 9471.203125
-2267.668457 7929.299805
-2115.586914 7916.477539
-1984.969116 7982.276367
-1911.955933 9016.044922
-1624.166138 8376.610352
-1494.937134 8499.209961
-1482.529419 9381.322266
-1118.395020 9129.595703
-951.418091 9073.138672
-831.814392 9528.682617
-779.668091 11170.773438
-506.559723 9686.735352
-370.353455 10626.535156
-208.277023 11953.182617
-0.000000 12038.000000
211.715149 12150.152344
195.018387 5605.595703
285.649658 5471.520020
310.067535 4455.172363
376.687134 4326.553711
447.068237 4274.570312
517.457214 4235.351074
588.841370 4210.824219
666.723694 4230.527832
772.039795 4399.455078
862.456665 4457.955078
901.603821 3926.275146
1093.970825 4408.677246
1437.739746 5386.717773
1496.710815 5240.650879
1561.557251 5128.623535
1351.331299 4179.970215
1445.522583 4219.102539
1493.943970 4125.577148
1546.357666 4049.399658
1630.287842 4056.104248
1734.846191 4108.041504
1842.516968 4159.360840
1974.472534 4255.270020
2037.110718 4197.695801
2150.552979 4241.697754
2288.673828 4325.369629
2424.048096 4394.098633
2531.500000 4405.686523
2672.017578 4467.983887
2885.940430 4639.469727
2955.756104 4572.465332
3111.908447 4634.594238
5138.671387 7359.783203
5321.807617 7345.839844
5288.750488 7039.408691
5403.044922 6936.582520
5506.553223 6821.027344
5504.833008 6581.404785
5760.198242 6647.350098
5804.708008 6467.781250
6028.183594 6485.435547
6670.845215 6691.845215
7487.607910 7251.699219
8016.368164 7496.383789
8599.671875 7764.179199
3722.227539 3256.683105
3719.145752 3141.733887
3774.597900 3077.609131
3779.299561 2973.712402
2797.620117 2129.157959
3893.798828 2850.010498
3817.248535 2693.866211
3960.312500 2692.264404
3316.942139 2175.047363
4023.140137 2534.937012
4344.236328 2429.049316
4389.132324 2354.743164
4429.193359 2277.786865
4467.905273 2200.143066
4504.349609 2121.412842
4527.531250 2036.786743
4573.067871 1962.152222
4607.176758 1882.420166
3167.638428 1236.942505
3889.387695 1436.621338
3920.120117 1370.805542
3951.639893 1304.965576
3979.184082 1237.558716
4015.190186 1172.337280
4046.263184 1105.192993
4032.549072 1026.427368
4274.561523 1007.860291
4973.880371 1078.230957
4895.375000 972.564453
5056.002930 912.509766
5050.050293 820.849426
4679.016602 678.592896
4699.706055 598.051331
4251.581055 467.859192
4777.750000 438.998932
4818.234375 357.923767
5328.687012 300.264648
5376.722656 208.759293
5424.173828 115.679306
5460.000000 21.000000
