171 2
-4865.000000 21.000000
-4863.259277 105.888504
-4851.042969 190.402161
-4851.342285 275.248077
-4838.185547 359.318909
-4834.532715 443.966827
-4821.442383 527.753967
-4801.938477 610.603882
-4800.819824 695.711182
-4791.276367 779.863586
-4802.907227 867.882141
-4784.450684 951.003052
-4767.491211 1034.361572
-4753.951660 1118.536255
-4726.310547 1199.401611
-4705.990723 1281.966431
-5456.121582 1585.517578
-6355.601562 1964.102295
-3078.569824 1021.288025
-2922.597900 1027.331177
-2904.589844 1078.184204
-2884.763428 1128.356934
-2880.760254 1184.902710
-2478.919678 1073.238892
-2332.281494 1059.398682
-2267.582031 1078.390869
-2131.939453 1060.816406
-1937.048218 1007.975342
-1845.360474 1002.195557
-1752.737915 992.558472
-1723.390503 1016.000000
-1703.191406 1044.380615
-1696.944214 1081.368408
-1694.114502 1121.170898
-1689.578613 1160.635132
-1686.634033 1201.993896
-1681.946289 1243.005493
-1677.134521 1284.811523
-1803.756592 1430.249146
-1851.938843 1520.670532
-1846.167114 1570.118164
-1846.019653 1625.720337
-1841.512817 1679.105591
-1832.772339 1730.087891
-1817.052368 1775.707031
-1828.578125 1849.578125
-1827.646118 1913.583008
-1820.935669 1973.714355
-1817.358765 2039.381348
-1811.379028 2104.753174
-1666.748291 2007.353271
-1800.485596 2244.414551
-1789.112305 2310.959229
-1255.509277 1749.060303
-1447.133301 2087.720703
-2423.541992 3614.048828
-2317.866943 3730.362305
-2244.020996 3755.677979
-2172.500000 3783.880371
-2051.714355 3722.390625
-1018.283813 1936.113281
-832.164612 1654.214966
-958.279297 1985.763794
-916.236389 1985.875244
-824.048462 1871.843140
-747.468628 1781.925781
-717.746216 1797.484253
-683.407654 1801.337891
-650.522339 1808.295410
-624.439697 1834.504639
-597.020813 1858.441162
-571.294312 1889.619507
-546.864502 1928.143188
-507.026520 1913.248657
-604.893372 2641.081055
-520.195068 2468.325195
-485.799713 2520.222900
-445.754883 2549.001465
-400.785095 2551.457520
-357.257355 2563.018066
-310.523102 2550.007568
-262.889099 2522.222656
-223.293015 2573.250732
-500.502686 7178.521973
-382.994537 7328.970703
-113.842049 6543.006348
-0.000000 6456.000000
111.608139 6415.025879
544.239990 7803.994629
680.512024 7799.288086
811.349915 7740.479004
829.320862 6775.276367
1002.463867 7153.900879
1009.158752 6392.577637
1133.922607 6451.794434
1613.377075 6491.902344
1737.452271 6505.260254
1850.353516 6473.949707
1942.809937 6375.645020
2194.020752 6773.501465
2297.534424 6693.524414
2392.430908 6594.149902
2005.785400 5246.249512
2587.782227 6425.985840
2676.117432 6325.537598
2150.823486 4851.828613
2209.025635 4758.270996
2293.996094 4724.389160
2158.270752 4256.845215
2179.756348 4120.525879
2768.747803 5015.953125
2912.500000 5065.598145
3796.341553 6096.416504
2301.099854 3564.383057
2331.834473 3478.086670
2373.459229 3410.651123
2419.324219 3350.914062
2477.070557 3308.183838
2544.528809 3277.848389
2744.466309 3410.133545
2926.612061 3508.800293
2768.569092 3205.874512
2798.304199 3128.831543
2828.247314 3053.923828
2853.656494 2976.047852
2581.646973 2602.646973
2601.132812 2532.884766
2674.560547 2515.068115
2769.700684 2514.849854
2838.462646 2488.437988
2783.039551 2356.247314
3033.200684 2477.237549
1053.570435 844.139404
1041.420654 805.766785
1048.486084 782.769714
1050.972046 756.898560
1052.877686 731.174988
1055.886230 706.700562
1033.770630 666.971558
1033.743774 642.135925
1030.570190 616.000000
1031.176636 592.590515
1034.814575 571.220642
1034.458618 548.082947
1037.208374 526.880310
1045.879150 508.701477
1045.095947 486.306732
1045.693481 464.870575
1044.009033 442.807037
1040.008545 420.221893
1055.274780 405.088623
1053.307739 383.682922
1056.623779 364.317871
1055.760498 343.778351
1061.232910 325.303650
1058.654663 304.665680
1068.295654 287.356018
1072.781494 268.671112
1076.940552 249.910767
1070.955200 229.172607
1079.349243 211.318405
1080.531006 192.139297
1090.285156 174.229584
1085.845459 154.325058
1089.995972 135.563202
1098.802734 117.132782
1112.283936 98.778465
1113.471924 79.354591
1121.316528 60.157234
1144.825562 40.983006
1154.000000 21.000000
