180 2
-1271.000000 21.000000
-1921.707275 54.543526
-1947.812744 89.019119
-1972.293335 124.363510
-1998.120850 160.722214
-2012.313232 197.054596
-2049.709717 236.433167
-2081.369385 276.560028
-1672.562744 256.063354
-1738.331421 296.324646
-2246.346436 417.091492
-2243.999756 457.189362
-2199.854004 488.593384
-1568.735840 383.171204
-816.989014 224.698242
-567.964355 173.185593
-936.268921 289.470795
-538.399597 185.605270
-692.369141 245.964371
-535.163513 205.271576
-809.075317 315.479340
-764.602356 314.503357
-594.324829 261.122833
-487.867584 228.087494
-657.752747 313.850372
-817.489624 402.201660
-1545.026978 774.559998
-1519.552856 828.960571
-1517.465210 862.144714
-1512.946411 894.500000
-1492.328247 917.681274
-1506.133423 962.136597
-1009.759338 676.745422
-1166.455811 807.784424
-1396.654175 998.947815
-754.812866 569.403625
-1296.984009 998.347595
-1074.846680 860.762268
-701.762817 589.276306
-1060.205566 910.618042
-1262.629150 1118.586792
-1243.281250 1140.455444
-1218.435303 1157.209229
-1191.946045 1172.048950
-1166.726196 1187.726196
-1148.964966 1210.788086
-1121.887329 1224.076782
-1101.389038 1244.216431
-1075.936768 1258.723755
-1056.742798 1280.377075
-1030.197510 1293.187988
-1002.296875 1303.881470
-979.754883 1321.178589
-958.089966 1339.697754
-934.929565 1356.217773
-912.602844 1373.989258
-888.850891 1389.710327
-863.768372 1403.318359
-838.997009 1417.325562
-441.500000 785.700439
-404.816040 751.307434
-192.013870 382.125580
-321.425262 651.832642
-275.297089 585.442688
-265.404266 590.161316
-171.236130 405.602631
-176.610474 437.068207
-270.465973 690.426758
-225.771805 609.155640
-200.423798 571.659851
-146.180099 445.537842
-143.383881 462.290222
-186.533142 631.122437
-216.099686 774.629150
-207.572876 795.672485
-185.312180 764.246521
-163.089508 727.418274
-145.122360 703.747009
-126.506363 671.818848
-109.745651 643.398499
-96.207199 628.428345
-81.694611 602.287354
-69.465523 586.751282
-56.654427 560.030884
-45.756763 544.002197
-35.994339 535.743042
-26.010971 517.318909
-16.996056 507.703339
-8.167727 488.928711
-0.000000 481.000000
7.853583 470.931458
15.320879 459.732574
22.556797 451.409332
29.367476 440.974457
36.605412 439.401764
42.961197 429.748505
48.991474 420.003540
54.416683 408.194824
59.757965 398.296936
66.159958 396.211761
71.171753 387.146942
75.471947 376.067566
81.657234 374.696320
85.640350 364.484680
89.551392 355.210327
94.543610 350.712769
99.991119 348.056213
102.284622 335.799713
107.111923 332.075623
109.788467 322.641327
115.394478 321.612885
117.251862 311.208557
122.298843 309.118011
123.647942 298.717804
131.011658 301.955414
131.511337 290.638214
134.835175 285.628937
138.024643 280.586578
145.927689 284.260529
153.000000 286.003784
166.872330 298.722198
177.522949 305.096100
193.891495 319.566711
197.395096 313.650269
208.781830 319.171356
233.938538 342.988770
355.672668 492.993591
378.631805 505.626617
412.834167 530.807739
446.094604 552.634827
486.795807 580.994507
538.650146 619.231567
575.606628 638.262512
635.612427 679.195923
702.864136 723.864136
786.238403 780.261597
889.326111 850.309998
1015.878967 935.701538
1263.383789 1119.242798
1407.223633 1201.800781
1740.807007 1430.677734
2251.346680 1779.944824
2332.814209 1778.901733
2355.048584 1732.042847
2385.370850 1691.254639
2415.815430 1650.488159
2441.370117 1606.444214
2475.452393 1567.834351
2502.071289 1524.396118
2527.928223 1480.500000
4192.926758 2345.177246
2432.520508 1314.394165
2370.968262 1229.068726
2379.107910 1181.368408
2439.780518 1158.688354
2537.829346 1150.914429
4474.574219 1920.343994
4520.021484 1847.207153
4543.735840 1765.176758
4541.534668 1673.983398
4286.035645 1496.800415
4065.766602 1342.047607
4167.576172 1295.155884
4042.105469 1180.055054
4110.014160 1122.275024
4834.983398 1226.496826
4891.337891 1150.254272
4937.688965 1070.538208
4861.999512 966.076965
4689.654297 847.912598
4520.649414 737.000549
4547.311035 660.082886
5222.777832 662.276489
5285.883789 576.568787
5340.599609 488.241943
5398.816406 398.522034
5451.518555 306.701996
5521.634277 213.819717
5583.149414 118.454239
5517.000000 21.000000
