168 2
-269.000000 21.000000
-262.959930 25.589983
-259.841614 30.073870
-262.639557 34.764355
-262.359344 39.345951
-267.976379 44.444897
-258.575684 48.177399
-251.114182 51.832943
-253.508621 56.628315
-243.959015 59.639313
-240.293091 63.370155
-245.406799 68.702248
-235.733566 71.106720
-234.823181 75.213203
-236.752151 80.028946
-235.685898 84.151848
-237.431641 89.082428
-229.513138 91.169212
-228.253571 95.164078
-218.414795 96.206245
-230.224686 104.794937
-228.727203 108.800148
-226.232864 112.404007
-222.762177 115.556931
-221.991547 119.837006
-215.701248 121.583145
-215.710571 126.209076
-221.860626 134.043640
-215.439209 135.551056
-218.654922 142.202408
-219.104431 147.500000
-210.863159 147.699371
-205.227646 149.240463
-200.442261 151.168732
-201.456131 156.883881
-199.053940 160.379074
-199.018173 165.595169
-193.269791 166.639236
-193.062637 171.837067
-186.515030 172.036896
-181.552536 173.340668
-181.130295 178.454163
-183.556778 186.275253
-180.644363 189.453598
-179.834946 194.664597
-174.655380 195.655380
-171.580612 198.676926
-168.453598 201.644363
-169.290039 209.015640
-167.951111 214.205658
-164.553635 217.107376
-162.993988 222.280807
-159.456329 225.094788
-154.064651 225.450684
-158.114227 238.625565
-154.292068 241.351898
-148.745316 241.523987
-146.507904 246.602386
-142.548279 249.124939
-143.180588 259.292511
-142.500000 267.817230
-134.777069 264.144287
-135.207809 275.288910
-130.749268 277.609894
-130.196228 287.941833
-123.827148 286.548187
-124.461411 300.544922
-121.517380 307.277008
-114.629616 304.718262
-113.244270 316.011414
-112.866646 331.098572
-105.809647 328.293549
-101.975609 334.848663
-99.114006 345.187317
-93.441063 346.867706
-91.104301 361.005890
-84.914589 361.573792
-81.207329 372.747589
-76.927322 382.914612
-70.599327 384.202057
-66.507256 398.181366
-61.635178 410.149200
-55.390896 415.126678
-49.113346 420.996094
-43.797424 437.704681
-36.518257 438.405579
-30.065041 450.950104
-23.341837 466.388763
-15.983970 478.721008
-8.324798 497.927338
-0.000000 514.000000
8.865823 528.922607
18.496733 550.677124
28.784777 570.246216
39.691433 588.613953
51.247578 606.762512
63.866890 628.652893
77.630775 653.251892
94.916054 696.362793
110.755600 720.283325
129.888840 757.636169
201.303497 1056.616699
246.167435 1179.126709
281.638733 1240.911377
324.175354 1321.196289
371.664154 1408.069458
427.237915 1510.955688
448.790558 1488.927856
574.153564 1788.062988
489.003357 1441.168945
495.929199 1383.554321
551.169922 1456.846680
554.043152 1392.304932
793.184204 1889.624878
839.097717 1905.644287
873.974548 1895.244507
905.674805 1877.908447
933.858459 1853.800415
969.928223 1845.169678
999.192627 1823.591187
1028.500000 1802.414307
1059.433350 1784.193115
1094.283325 1772.219360
1124.679565 1752.854736
1160.325317 1741.252930
1189.023926 1719.102173
1223.181152 1704.564331
1250.571655 1680.564575
1285.501221 1666.366455
1321.572876 1653.006470
1337.640991 1615.138428
1367.227051 1593.814819
8621.748047 9596.420898
8627.279297 9272.624023
9766.896484 10134.917969
9055.916992 9076.916992
9286.676758 8989.040039
9851.871094 8891.664062
10648.017578 8955.748047
10797.666016 8764.777344
12318.953125 9303.997070
13583.395508 9889.914062
13878.074219 9738.532227
8614.529297 5831.573242
7776.992188 5071.437988
7699.428711 4832.137207
7752.221191 4679.004395
9893.474609 5733.000000
7681.784668 4279.083008
9187.167969 4702.096191
8263.512695 4051.384277
8182.146484 3836.397705
8315.090820 3723.116943
8641.699219 3689.183838
8617.247070 3502.593750
8817.666992 3405.785400
9001.315430 3297.210938
9185.712891 3183.894531
9456.354492 3093.555908
9555.397461 2942.378174
7392.839355 1592.396606
8482.149414 1516.631714
8605.429688 1230.414307
7600.965332 685.998291
8492.262695 614.836853
7947.093750 437.489532
2348.568359 103.013817
7359.878906 149.467163
