181 2
-816.000000 21.000000
-811.876343 35.171352
-819.500488 49.617588
-818.876221 63.915485
-810.022034 77.642258
-817.875854 92.554863
-816.502502 106.817871
-814.880371 121.054733
-813.010071 135.261108
-817.805969 150.527740
-816.405640 164.954346
-813.768921 179.180664
-809.906189 193.150879
-818.470825 209.958893
-814.078125 223.972473
-818.139160 240.219727
-816.111206 255.016113
-810.946411 268.931213
-809.349121 283.973450
-810.309448 300.011902
-813.773804 317.189453
-808.480652 331.346649
-809.431519 348.031555
-810.964783 365.234131
-813.968994 383.402344
-815.677002 401.356445
-808.914612 415.534027
-821.507996 439.579254
-814.077698 453.852783
-815.145569 472.842560
-814.063904 491.000000
-822.023438 514.921509
-813.278137 529.192566
-818.542480 552.567688
-816.601990 571.804993
-815.056274 591.708557
-813.062073 611.724182
-816.205505 636.054932
-814.015137 656.978333
-819.111816 684.303711
-813.539185 703.640442
-815.841064 730.199829
-817.459290 757.043640
-812.533936 778.700195
-812.854004 805.963928
-812.465698 833.465698
-815.528931 865.504944
-812.942017 892.773621
-810.317139 920.948364
-806.952576 949.292786
-826.624878 1006.133179
-831.332214 1047.609863
-829.296021 1082.450439
-831.708374 1124.714233
-833.479492 1168.186157
-827.670776 1203.036377
-827.046326 1247.146606
-829.485229 1298.295288
-827.733887 1345.651123
-829.211304 1401.039307
-826.000000 1451.673950
-828.054810 1514.850464
-828.147827 1578.519531
-825.808716 1641.740845
-825.452881 1713.429199
-821.992493 1783.768677
-800.864441 1819.770996
-795.528564 1895.147827
-791.543762 1980.139526
-795.218506 2092.614990
-791.776611 2196.388428
-788.526062 2311.045898
-787.066284 2443.341064
-788.526489 2600.153809
-787.220276 2766.363525
-783.445251 2944.857422
-781.891541 3156.995850
-771.357178 3362.114990
-1393.424194 6576.545410
-1275.748901 6584.159180
-1155.628662 6574.895508
-1038.568359 6578.262695
-921.743469 6579.545410
-804.215820 6570.812012
-689.574280 6581.860840
-573.310486 6573.968750
-457.672211 6566.017578
-343.323883 6572.009766
-590.220276 16922.697266
-282.065796 16180.538086
-0.000000 16277.000000
172.237793 9888.497070
339.816406 9752.068359
510.484924 9761.632812
735.861023 10544.302734
535.484863 6141.620117
683.511597 6524.178711
684.905701 5599.109375
673.876160 4815.877930
666.410828 4228.552246
662.294128 3777.056885
650.658691 3368.348633
704.612732 3335.942139
764.608643 3332.883789
826.405212 3335.530273
888.784607 3337.989258
951.224487 3338.314209
1014.529785 3339.377441
1041.387329 3226.060547
1040.841431 3043.822998
1039.741211 2877.665527
1035.324951 2718.113770
1036.161865 2585.590576
1034.656006 2458.496826
1031.077393 2336.837646
1029.075439 2227.859375
1031.048950 2134.963623
1030.104492 2042.693848
1029.551147 1957.304077
1026.826782 1873.444580
1026.500000 1798.950195
1029.046021 1733.620239
1026.983521 1664.517212
1029.912476 1606.926025
1030.033325 1548.087158
1029.569702 1491.377930
1027.448608 1435.161743
1029.705444 1387.465332
1030.617310 1340.130005
1029.568115 1292.410767
1032.959717 1252.033447
1029.356567 1205.139282
1031.130249 1166.186157
1027.089478 1122.418701
1028.094360 1085.622925
1028.133301 1049.133301
1025.778564 1011.582825
1030.477417 981.935669
1027.769287 946.407654
1030.178589 916.520569
1023.435364 879.764221
1031.272705 856.108154
1030.718018 826.285217
1032.635742 799.146851
1029.878662 769.250610
1028.035767 740.838440
1023.861389 711.603210
1029.048828 689.272095
1024.442139 661.142456
1027.743652 638.530640
1030.570190 616.000000
1025.054321 589.196899
1028.633911 567.934387
1029.112549 545.359009
1030.916748 523.811707
1030.471924 501.516968
1030.479248 479.798920
1029.124390 457.837402
1027.319702 436.064117
1025.071289 414.488007
1025.204590 394.143982
1032.506226 376.520416
1028.092041 355.047363
1026.114990 334.714844
1030.472534 316.483246
1033.540649 297.936371
1028.513428 277.437195
1026.011719 257.873474
1027.054932 239.307281
1019.910645 219.250549
1025.184814 201.767746
1026.208130 183.535416
1022.946899 164.765808
1027.285278 147.134766
1020.379456 128.246201
1025.084351 110.683258
1023.500732 92.570145
1016.604858 74.278000
1015.381104 56.457890
1023.844055 38.871265
1024.000000 21.000000
