172 2
-2346.000000 21.000000
-2345.642578 61.943344
-2344.570801 102.874222
-2340.787598 143.675476
-2347.268311 185.136978
-2353.011963 226.861862
-2349.060791 267.896240
-2344.394043 308.855377
-2159.774658 324.536530
-2350.698242 393.314026
-1908.557373 357.530182
-1508.760986 314.273438
-2337.772705 517.908936
-2345.308838 562.457214
-2344.234375 605.483276
-2342.370117 648.636169
-2258.003662 668.472168
-2134.472168 673.573669
-2013.386597 675.188965
-1885.364014 670.182922
-1787.295410 671.522339
-1686.979858 668.570862
-1480.712646 619.246704
-1438.749146 631.712769
-1437.006958 660.796753
-1438.310425 691.695190
-1435.374146 721.078735
-1437.193481 753.286682
-1431.258057 782.013428
-1430.003174 813.663757
-1428.941895 846.000000
-1420.326172 874.418091
-1426.416870 912.324219
-1416.514648 940.895325
-1415.996216 976.101501
-1413.856445 1010.992920
-1416.588745 1050.212036
-1413.584839 1086.212646
-1412.115234 1124.265381
-1409.742798 1162.587158
-1404.159424 1199.229736
-1406.023926 1243.237915
-1406.773193 1287.664185
-1406.393188 1332.482788
-1401.993286 1374.889160
-1400.778564 1421.778564
-1401.125977 1471.908325
-1397.414673 1519.543701
-1398.482910 1574.172729
-1401.342041 1633.059692
-1387.135620 1674.123901
-1412.194946 1764.915527
-1396.320190 1808.208374
-1386.581787 1861.056274
-1390.699951 1935.134155
-1394.937866 2013.177734
-1395.745483 2090.277832
-1380.659912 2147.029785
-1382.029419 2232.709473
-1374.121582 2307.922363
-1380.500000 2412.096191
-1349.730713 2559.474365
-1327.468262 2626.302979
-1303.277466 2693.114746
-1600.032715 3452.281250
-4470.035645 10060.864258
-4414.089355 10419.943359
-3967.083740 9839.876953
-3717.709229 9705.962891
-3322.383789 9149.173828
-3127.733154 9104.596680
-3639.911133 11223.495117
-5387.825684 17643.783203
-2975.781006 10398.781250
-2524.003418 9440.708984
-2074.542969 9780.957031
-1815.929199 9363.145508
-1643.232666 9340.235352
-1702.632690 10771.000000
-1290.840088 10534.048828
-1081.137939 10307.339844
-849.768494 9733.898438
-668.406555 9579.659180
-466.470367 8921.785156
-308.511536 8855.615234
-154.698135 8883.650391
165.553528 9505.555664
319.051208 9157.430664
475.419830 9092.550781
181.297073 2613.668945
225.559067 2599.151855
271.042297 2599.795166
316.129089 2595.664795
361.850067 2595.697021
408.137512 2597.878906
453.048096 2590.363525
503.735748 2612.495850
723.948486 3426.909912
723.667542 3155.548584
779.714294 3148.263184
828.997375 3114.860352
786.669006 2764.440918
818.056030 2696.740723
866.174622 2686.811523
918.753357 2689.253418
971.679199 2690.666748
1021.707031 2682.637695
1075.120972 2682.017578
1127.650024 2677.576904
1391.446045 3146.239014
1361.253418 2940.217285
1348.868042 2786.589355
1352.891724 2676.199463
1397.616821 2649.534912
1455.883301 2647.482910
1516.000000 2646.789062
1571.381226 2636.217529
1636.390747 2639.772461
1698.729126 2636.813477
2385.516846 3557.674316
2435.979004 3499.938721
2483.980469 3439.905762
2543.872070 3396.832275
2635.031006 3393.686035
5342.300781 6618.191895
5488.763184 6562.253418
5964.888672 6882.819336
5358.397949 5972.104004
6729.850098 6989.963867
6443.157227 6464.157227
5569.128906 5399.044922
5633.617676 5274.433594
5732.619141 5182.673340
7165.212891 6249.624512
7150.258789 6020.779785
7521.218750 6111.562988
6167.760254 4839.782227
5921.882324 4483.458496
6051.076172 4258.009277
7262.048340 4737.029297
6283.188477 3947.171875
6342.180664 3831.766602
4466.092773 2599.500000
4485.049805 2507.103760
4464.183105 2394.648193
4472.852539 2300.032227
4480.488281 2206.280273
4492.567871 2115.918701
4500.125000 2024.584717
4510.473633 1935.582520
4520.948242 1847.581787
4536.267090 1762.309814
4545.292969 1675.351440
4546.053223 1586.331665
4552.707520 1500.264404
4572.093262 1418.829102
4579.450684 1334.136353
4585.250000 1249.614014
4597.261230 1167.225952
4606.821777 1084.568604
4618.812988 1002.759033
4663.710938 927.533508
4672.912598 844.960632
5023.382812 816.625671
5220.792969 662.032776
5219.250977 569.565369
5170.250488 473.338318
5168.379395 382.408295
5154.925781 291.158203
5140.866211 200.523010
888.864624 36.515190
1300.000000 21.000000
