16 4
-269.0000000000 21.0000000000 574.1535644531 1788.0629882812
574.1535644531 1788.0629882812 495.9291992188 1383.5543212891
495.9291992188 1383.5543212891 839.0977172852 1905.6442871094
839.0977172852 1905.6442871094 1367.2270507812 1593.8148193359
8621.7480468750 9596.4208984375 8627.2792968750 9272.6240234375
9055.9169921875 9076.9169921875 9851.8710937500 8891.6640625000
10648.0175781250 8955.7480468750 10797.6660156250 8764.7773437500
13583.3955078125 9889.9140625000 13878.0742187500 9738.5322265625
7776.9921875000 5071.4379882812 7752.2211914062 4679.0043945312
8263.5126953125 4051.3842773438 8182.1464843750 3836.3977050781
8182.1464843750 3836.3977050781 8641.6992187500 3689.1838378906
8641.6992187500 3689.1838378906 8617.2470703125 3502.5937500000
8617.2470703125 3502.5937500000 9456.3544921875 3093.5559082031
9456.3544921875 3093.5559082031 9555.3974609375 2942.3781738281
8482.1494140625 1516.6317138672 8605.4296875000 1230.4143066406
8492.2626953125 614.8368530273 7947.0937500000 437.4895324707
