52 4
-4957.2446289062 107.5290298462 -4427.3012695312 175.6047668457
-4427.3012695312 175.6047668457 -4819.3862304688 273.5733337402
-4819.3862304688 273.5733337402 -4778.6777343750 523.2592773438
-4778.6777343750 523.2592773438 -4469.4355468750 569.7776489258
-4469.4355468750 569.7776489258 -4770.1210937500 691.3968505859
-4770.1210937500 691.3968505859 -4771.4038085938 1035.1932373047
-1729.5068359375 420.2881164551 -2288.9277343750 591.6937255859
-8969.5332031250 2592.9721679688 -8868.0185546875 3074.5036621094
-1650.1002197266 621.5873413086 -2196.7148437500 864.2398071289
-8676.5869140625 3526.5686035156 -8612.9062500000 3855.7131347656
-8552.9238281250 4192.5400390625 -8370.2382812500 5050.3466796875
-5700.4438476562 3722.9116210938 -5266.8754882812 3573.5524902344
-5266.8754882812 3573.5524902344 -5593.1699218750 3937.3798828125
-5593.1699218750 3937.3798828125 -4921.1918945312 3729.3842773438
-4921.1918945312 3729.3842773438 -4851.7221679688 3949.8471679688
-4851.7221679688 3949.8471679688 -5037.5083007812 4247.9711914062
-5447.4936523438 4756.4340820312 -4552.6767578125 4266.4399414062
-4444.0810546875 4312.5996093750 -4313.8286132812 4488.1000976562
-4313.8286132812 4488.1000976562 -4441.1733398438 4783.5751953125
-4313.2158203125 4811.3115234375 -4428.8066406250 5299.0463867188
-5994.9062500000 7424.0922851562 -3735.5852050781 7046.6137695312
-3108.4729003906 6121.7216796875 -2847.2578125000 6728.7187500000
-2697.9167480469 6698.5781250000 -2486.4863281250 6852.5654296875
-2486.4863281250 6852.5654296875 -2002.1210937500 6182.8950195312
-1700.7261962891 5583.8247070312 -1463.1040039062 5481.3789062500
-1463.1040039062 5481.3789062500 -1444.0317382812 5812.6953125000
-1444.0317382812 5812.6953125000 -1308.9902343750 5690.8593750000
-990.4891967773 5638.3432617188 -723.9038696289 5916.7241210938
-290.6215515137 5566.3896484375 -0.0000000000 5439.0000000000
-0.0000000000 5439.0000000000 198.6828308105 5710.5317382812
456.6956481934 6552.0517578125 639.7141723633 6107.4741210938
787.4414062500 5623.9365234375 1064.5234375000 5497.4980468750
1025.2125244141 4844.2456054688 1335.7386474609 4679.2744140625
1335.7386474609 4679.2744140625 1517.9938964844 4986.1342773438
1741.4641113281 5078.5791015625 2056.8671875000 4640.7993164062
2056.8671875000 4640.7993164062 2284.3520507812 4704.6157226562
2284.3520507812 4704.6157226562 2596.8256835938 5117.5571289062
2596.8256835938 5117.5571289062 2563.7841796875 4842.7768554688
2563.7841796875 4842.7768554688 2693.0000000000 4685.4125976562
2693.0000000000 4685.4125976562 2876.9316406250 4625.0532226562
2876.9316406250 4625.0532226562 3191.8730468750 4753.1464843750
3191.8730468750 4753.1464843750 3039.9550781250 4362.5058593750
3039.9550781250 4362.5058593750 3184.2011718750 4096.5917968750
3267.4313964844 4055.9418945312 3688.9580078125 4417.3291015625
3688.9580078125 4417.3291015625 3620.7897949219 4186.2421875000
4291.3808593750 3621.8962402344 4438.8164062500 3365.8879394531
4438.8164062500 3365.8879394531 4706.8476562500 3316.7702636719
5370.0874023438 2876.3259277344 5597.3032226562 2872.9682617188
6265.3056640625 2942.5600585938 6540.9853515625 2933.2343750000
7243.6176757812 2515.1777343750 7791.0551757812 2552.4672851562
1700.4719238281 508.6024780273 2180.0944824219 605.1546020508
941.2414550781 238.3027191162 889.0000000000 21.0000000000
