33 4
-1839.0000000000 21.0000000000 -1338.1635742188 91.1301803589
-648.4166259766 66.3417053223 -620.5000000000 1095.7375488281
-620.5000000000 1095.7375488281 -834.3573608398 1526.2204589844
-834.3573608398 1526.2204589844 -595.1815185547 1189.1094970703
-595.1815185547 1189.1094970703 -944.4425048828 2142.2524414062
-944.4425048828 2142.2524414062 -929.0243530273 2320.4160156250
-929.0243530273 2320.4160156250 -749.0563354492 2471.0527343750
-749.0563354492 2471.0527343750 -812.1741333008 3052.0751953125
-788.6090698242 3731.1137695312 -763.9992065430 3951.4353027344
-806.5957641602 4595.4321289062 -655.3039550781 4158.4262695312
-416.0708618164 7960.1049804688 832.3601684570 7940.3779296875
791.1528320312 3447.8596191406 915.6672973633 3214.3112792969
680.6413574219 2247.2775878906 648.9356689453 2018.2186279297
648.9356689453 2018.2186279297 927.6470947266 2010.3455810547
697.4484863281 1450.9813232422 1099.5482177734 2004.6374511719
1099.5482177734 2004.6374511719 1437.7227783203 1999.8555908203
1437.7227783203 1999.8555908203 1369.2310791016 1773.5358886719
1369.2310791016 1773.5358886719 1644.2507324219 1980.5416259766
1644.2507324219 1980.5416259766 1349.6364746094 1519.9230957031
1349.6364746094 1519.9230957031 1578.2637939453 1655.3399658203
1578.2637939453 1655.3399658203 1341.5687255859 1316.5378417969
1341.5687255859 1316.5378417969 1728.2849121094 1523.3751220703
1728.2849121094 1523.3751220703 1558.1776123047 1282.7873535156
2244.2131347656 1651.5162353516 2450.0837402344 1736.5671386719
2450.0837402344 1736.5671386719 2198.9887695312 1395.0806884766
2195.3745117188 1288.5000000000 2418.3935546875 1306.8825683594
4613.1064453125 2172.1269531250 5200.5742187500 2122.1684570312
5200.5742187500 2122.1684570312 5336.5141601562 1963.3323974609
5336.5141601562 1963.3323974609 8239.2734375000 1923.1861572266
4738.3144531250 942.0350341797 4407.0146484375 798.0756225586
4407.0146484375 798.0756225586 4845.5991210938 788.4674682617
4845.5991210938 788.4674682617 4808.2675781250 104.9286193848
4808.2675781250 104.9286193848 5177.0000000000 21.0000000000
