46 4
-2747.0000000000 21.0000000000 -2810.1435546875 168.2733764648
-2939.3605957031 486.5489807129 -3006.8256835938 660.1205444336
-3006.8256835938 660.1205444336 -2780.8520507812 663.0103149414
-2173.4624023438 562.9050292969 -2687.6877441406 791.6820678711
-2687.6877441406 791.6820678711 -2496.9116210938 784.3825073242
-3136.7912597656 1550.9152832031 -2772.0791015625 1686.6331787109
-2772.0791015625 1686.6331787109 -2426.2656250000 1537.0989990234
-2426.2656250000 1537.0989990234 -2744.9946289062 2015.3553466797
-898.1023559570 858.4939575195 -537.6655883789 577.7689819336
-1152.9119873047 1301.4384765625 -899.9026489258 1093.4622802734
-2161.7155761719 2690.4963378906 -1962.7287597656 2533.1782226562
-1982.5996093750 2749.8142089844 -1806.5676269531 2802.8703613281
-1806.5676269531 2802.8703613281 -1260.8132324219 2119.3454589844
-613.0000000000 1082.7471923828 -378.1740722656 763.2084350586
-941.1828613281 1950.7108154297 -958.6782836914 2174.2265625000
-631.7608032227 2224.2119140625 -583.1923217773 2764.7041015625
-315.2164611816 1642.6480712891 -209.5933532715 1209.6629638672
-209.5933532715 1209.6629638672 -257.1918945312 1851.0153808594
-149.5336914062 1238.8541259766 -97.7635650635 1886.4399414062
-97.5440902710 2814.2973632812 -41.5716323853 2402.6372070312
-41.5716323853 2402.6372070312 88.1561279297 2545.4611816406
88.1561279297 2545.4611816406 164.2764892578 2370.2634277344
1401.3408203125 7968.3984375000 1713.4002685547 8081.9145507812
1474.1042480469 6406.0468750000 1922.8461914062 6726.7617187500
4442.1577148438 12225.7275390625 4840.1176757812 12629.9375000000
2091.1931152344 4947.5419921875 2184.9365234375 4706.6113281250
2184.9365234375 4706.6113281250 2595.2387695312 4901.9340820312
2595.2387695312 4901.9340820312 2402.2316894531 4354.7407226562
2402.2316894531 4354.7407226562 2625.7048339844 4064.2307128906
2625.7048339844 4064.2307128906 2636.2167968750 3649.4411621094
2636.2167968750 3649.4411621094 2827.1174316406 3639.5454101562
2827.1174316406 3639.5454101562 3378.4916992188 4047.3295898438
3378.4916992188 4047.3295898438 3349.9758300781 3613.4094238281
3349.9758300781 3613.4094238281 3467.6516113281 3488.6516113281
3467.6516113281 3488.6516113281 3667.1943359375 3562.3684082031
3667.1943359375 3562.3684082031 3636.4130859375 3072.3127441406
3636.4130859375 3072.3127441406 3969.8464355469 2905.2622070312
4841.5795898438 3286.6865234375 4743.5205078125 3101.4782714844
8653.1035156250 5220.3095703125 9010.3320312500 5015.5087890625
8386.2363281250 4480.0410156250 8336.2568359375 4268.5351562500
9814.2187500000 4390.5717773438 9830.0712890625 4193.6176757812
9830.0712890625 4193.6176757812 9551.8476562500 3880.1970214844
8693.5009765625 3358.1223144531 8825.5927734375 3233.2531738281
8626.8251953125 2658.4851074219 9123.3349609375 2637.0742187500
3425.1730957031 938.7723388672 2187.5717773438 289.6000366211
2187.5717773438 289.6000366211 2042.0136718750 163.7915039062
