30 4
-4904.0000000000 21.0000000000 -5283.7490234375 297.9095458984
-5283.7490234375 297.9095458984 -5130.4028320312 469.8520812988
-5026.2539062500 638.1463623047 -4929.5527343750 801.7644042969
-4929.5527343750 801.7644042969 -5850.1176757812 1371.6060791016
-5850.1176757812 1371.6060791016 -5790.7250976562 1572.6201171875
-5790.7250976562 1572.6201171875 -5975.2026367188 1734.3618164062
-5975.2026367188 1734.3618164062 -5857.5571289062 1924.2357177734
-4882.6254882812 1895.2644042969 -4668.3706054688 1907.1441650391
-4668.3706054688 1907.1441650391 -4661.1411132812 2194.5256347656
-4661.1411132812 2194.5256347656 -4799.5600585938 2361.9018554688
-2600.8481445312 1346.1982421875 -2049.8820800781 1204.5000000000
-2049.8820800781 1204.5000000000 -1772.0700683594 1673.4820556641
-1772.0700683594 1673.4820556641 -2132.8425292969 2080.6621093750
-2132.8425292969 2080.6621093750 -1701.2989501953 1722.2989501953
-1543.6843261719 1735.4350585938 -2079.9038085938 2589.4672851562
-843.4562377930 1100.5747070312 -219.4020690918 696.2501220703
-219.4020690918 696.2501220703 107.5501861572 1250.3041992188
107.5501861572 1250.3041992188 268.3666076660 1183.4234619141
268.3666076660 1183.4234619141 427.5690612793 1616.7094726562
427.5690612793 1616.7094726562 1726.3956298828 3723.2673339844
3579.2512207031 6752.5922851562 3972.0451660156 7186.7592773438
3972.0451660156 7186.7592773438 4732.2592773438 6534.3959960938
4732.2592773438 6534.3959960938 4638.7900390625 6176.8823242188
4638.7900390625 6176.8823242188 5101.5151367188 5889.6215820312
4436.7832031250 4615.4233398438 4734.7871093750 4755.7871093750
4734.7871093750 4755.7871093750 4848.8750000000 4542.6489257812
3866.5825195312 3502.4865722656 4013.1816406250 3270.8105468750
4013.1816406250 3270.8105468750 4377.5908203125 3201.5061035156
4377.5908203125 3201.5061035156 4248.9418945312 2996.1408691406
1004.7935180664 698.7418212891 848.0000000000 21.0000000000
