32 4
-1337.0000000000 21.0000000000 -1312.6932373047 372.7350769043
-1312.6932373047 372.7350769043 -803.8127441406 329.5548095703
-803.8127441406 329.5548095703 -1058.8439941406 448.8007202148
-1058.8439941406 448.8007202148 -625.3523559570 312.6065979004
-625.3523559570 312.6065979004 -1084.3549804688 573.5064086914
-1084.3549804688 573.5064086914 -558.2077026367 560.0548706055
-3371.4851074219 3392.4851074219 -3191.7529296875 3565.8007812500
-3191.7529296875 3565.8007812500 -3366.2348632812 4177.9536132812
-2199.7585449219 2836.5625000000 -1455.8312988281 2759.0205078125
-1455.8312988281 2759.0205078125 -1419.1354980469 3364.2736816406
-1419.1354980469 3364.2736816406 -1249.3995361328 3453.6972656250
-1249.3995361328 3453.6972656250 -1316.2720947266 3843.7316894531
-1316.2720947266 3843.7316894531 -1141.2158203125 6493.1567382812
-1127.1103515625 7137.2944335938 -1070.3803710938 7637.1518554688
-326.0242919922 3122.9138183594 -127.7520675659 2458.6547851562
-127.7520675659 2458.6547851562 -102.0461273193 2943.2187500000
-102.0461273193 2943.2187500000 615.0028076172 2914.3605957031
615.0028076172 2914.3605957031 751.5614624023 3276.3703613281
751.5614624023 3276.3703613281 1309.6246337891 3262.4348144531
1315.5916748047 3120.3398437500 1435.7803955078 3245.8154296875
1435.7803955078 3245.8154296875 1278.8912353516 2530.9653320312
1278.8912353516 2530.9653320312 1531.9965820312 2472.7070312500
1531.9965820312 2472.7070312500 1942.6361083984 2901.0764160156
1942.6361083984 2901.0764160156 1935.0240478516 2497.7177734375
1935.0240478516 2497.7177734375 2253.5964355469 2803.9597167969
2253.5964355469 2803.9597167969 2140.7207031250 2483.6174316406
2780.9067382812 3109.5100097656 2451.5100097656 2388.3957519531
2451.5100097656 2388.3957519531 3064.1777343750 2592.1503906250
3064.1777343750 2592.1503906250 3048.8137207031 2402.9941406250
3770.3581542969 2862.1687011719 3734.8037109375 2354.7644042969
3734.8037109375 2354.7644042969 3930.9692382812 2382.9645996094
960.3324584961 553.3209838867 929.0000000000 21.0000000000
