20 4
-738.0000000000 21.0000000000 -1413.1927490234 4949.3886718750
-1501.6680908203 5625.3017578125 -1339.1336669922 5821.4248046875
-1339.1336669922 5821.4248046875 -605.6379394531 5783.2597656250
-605.6379394531 5783.2597656250 -401.7275390625 5765.9711914062
-401.7275390625 5765.9711914062 -283.2945251465 5426.5815429688
-283.2945251465 5426.5815429688 288.0047607422 5516.4584960938
324.1583251953 4656.6801757812 427.1033020020 4084.6164550781
573.3931884766 4100.9042968750 684.4007568359 4342.1367187500
684.4007568359 4342.1367187500 900.8813476562 4259.3134765625
1001.2571411133 4357.9213867188 1033.2484130859 4165.1328125000
1033.2484130859 4165.1328125000 1223.8298339844 4289.0019531250
1223.8298339844 4289.0019531250 1271.2958984375 3933.6464843750
1140.4652099609 3333.1516113281 1327.0382080078 3667.0073242188
1327.0382080078 3667.0073242188 1174.7662353516 2928.6486816406
1281.2204589844 2898.6682128906 1412.8128662109 3050.7868652344
1412.8128662109 3050.7868652344 1723.8754882812 976.5597534180
1723.8754882812 976.5597534180 4795.7343750000 1396.1547851562
10351.7080078125 2410.8798828125 10422.2207031250 1858.7186279297
13679.2714843750 1700.6032714844 13682.6318359375 1459.1025390625
7362.5122070312 278.1045837402 7401.0000000000 21.0000000000
