26 4
-3999.0000000000 21.0000000000 -4034.3520507812 587.9912109375
-4533.0703125000 820.3025512695 -4399.0019531250 1365.9097900391
-4399.0019531250 1365.9097900391 -4584.8193359375 1599.6799316406
-4584.8193359375 1599.6799316406 -4342.3198242188 1601.4750976562
-4342.3198242188 1601.4750976562 -4431.8452148438 2087.6032714844
-4431.8452148438 2087.6032714844 -4209.0112304688 2258.9709472656
-6407.4638671875 3572.7153320312 -6651.0751953125 3861.0000000000
-6549.6152343750 3956.4060058594 -6615.6230468750 4154.9003906250
-6615.6230468750 4154.9003906250 -6119.0659179688 4305.6162109375
-6101.5439453125 5140.8032226562 -5902.5834960938 5152.0375976562
-1437.6525878906 1562.6936035156 -1428.9168701172 1723.9167480469
-1428.9168701172 1723.9167480469 -551.6057739258 939.0261840820
-551.6057739258 939.0261840820 -525.6378784180 1638.7471923828
-403.1407775879 1917.6281738281 -365.1821289062 2092.0507812500
-295.5331726074 2427.9243164062 -270.4151306152 2593.8281250000
-351.4991149902 4038.6533203125 -194.8990936279 3739.8964843750
-0.0000000000 1223.0000000000 183.4976348877 1179.5584716797
183.4976348877 1179.5584716797 280.4728698730 1340.5211181641
2842.4814453125 12333.1406250000 3716.6291503906 12177.5458984375
2607.9035644531 7186.1562500000 2462.6638183594 6116.3066406250
2329.1481933594 5508.1293945312 2093.3500976562 4129.4311523438
2093.3500976562 4129.4311523438 3594.8134765625 3875.9653320312
1139.8560791016 1160.8560791016 1971.0552978516 982.3479003906
2059.2753906250 853.0012207031 2965.9824218750 705.7510375977
3094.0888671875 622.4299316406 3019.8557128906 179.2639312744
2150.6889648438 96.1037139893 2986.0000000000 21.0000000000
