43 4
-3935.0000000000 21.0000000000 -3260.0129394531 134.8421630859
-3260.0129394531 134.8421630859 -3594.0676269531 209.3571014404
-3690.9912109375 605.5955810547 -3300.0908203125 602.8950195312
-3300.0908203125 602.8950195312 -3725.2751464844 745.1201171875
-3725.2751464844 745.1201171875 -3508.6052246094 1027.0762939453
-3508.6052246094 1027.0762939453 -3110.8593750000 972.0851440430
-4702.0234375000 1548.7800292969 -4275.6015625000 1577.1916503906
-2986.5236816406 1167.4190673828 -3091.0554199219 1333.0750732422
-3510.1301269531 1657.8005371094 -3326.1787109375 1864.7309570312
-3326.1787109375 1864.7309570312 -2663.6977539062 1817.6867675781
-2663.6977539062 1817.6867675781 -2874.4045410156 2033.6796875000
-2739.3198242188 2085.2255859375 -3093.7302246094 2438.0869140625
-3093.7302246094 2438.0869140625 -2860.3645019531 2596.4836425781
-2860.3645019531 2596.4836425781 -3169.2526855469 3190.2526855469
-3169.2526855469 3190.2526855469 -2691.8474121094 2907.6530761719
-2691.8474121094 2907.6530761719 -2778.8994140625 3107.2805175781
-2778.8994140625 3107.2805175781 -2400.8117675781 2882.1760253906
-2400.8117675781 2882.1760253906 -2478.2636718750 3081.4008789062
-2478.2636718750 3081.4008789062 -2290.5080566406 3060.6066894531
-3379.7651367188 4672.8476562500 -3270.7192382812 4870.0405273438
-2369.7988281250 3813.4711914062 -2435.1000976562 4073.6870117188
-2435.1000976562 4073.6870117188 -2334.3583984375 4232.2939453125
-2642.5678710938 5956.3046875000 -2249.5126953125 5588.7392578125
-2166.3342285156 5664.4936523438 -1774.6719970703 5175.0219726562
-1774.6719970703 5175.0219726562 -1755.8345947266 5424.9033203125
-1755.8345947266 5424.9033203125 -1364.9233398438 5495.4086914062
-1364.9233398438 5495.4086914062 -1337.7038574219 6314.4018554688
-1337.7038574219 6314.4018554688 -995.0040283203 5663.9482421875
-995.0040283203 5663.9482421875 -694.0458984375 5673.5502929688
-694.0458984375 5673.5502929688 -464.5781250000 6664.7763671875
-311.8699645996 5971.8334960938 -107.3322982788 6170.0634765625
120.0725555420 6899.9521484375 574.3563232422 6585.9228515625
574.3563232422 6585.9228515625 993.2784423828 7088.5429687500
1628.6462402344 9257.5117187500 2730.1879882812 9542.2968750000
1110.5129394531 3246.1638183594 1354.2724609375 3549.0004882812
1526.1958007812 3616.4919433594 1404.4616699219 3175.4724121094
1404.4616699219 3175.4724121094 1807.4042968750 3726.7277832031
2226.1975097656 2493.4428710938 2277.5908203125 2298.5908203125
2277.5908203125 2298.5908203125 1750.1293945312 1653.0220947266
1931.9326171875 1424.6312255859 2092.9648437500 1181.1494140625
2092.9648437500 1181.1494140625 3578.0024414062 1466.6068115234
17753.3710937500 5789.4204101562 17916.9570312500 5158.6044921875
7066.7133789062 1914.5201416016 7284.1757812500 658.2827758789
