40 4
-1296.0000000000 21.0000000000 -1058.2687988281 1007.8516235352
-1814.8942871094 1773.6230468750 -1706.6136474609 2205.3657226562
-1641.7904052734 2455.0541992188 -1474.8824462891 2292.1198730469
-1474.8824462891 2292.1198730469 -1610.9545898438 2599.0661621094
-1610.9545898438 2599.0661621094 -1465.6401367188 3164.0754394531
-1465.6401367188 3164.0754394531 -1265.5781250000 3002.5151367188
-1119.8999023438 2938.4387207031 -747.3988647461 3866.0336914062
-346.8798522949 3985.8549804688 -143.4718322754 4129.4956054688
-143.4718322754 4129.4956054688 -68.1516494751 3925.4052734375
-68.1516494751 3925.4052734375 75.6561813354 4355.3398437500
201.1794128418 3859.7319335938 419.2636718750 4010.0273437500
401.5594787598 3291.4394531250 536.5701904297 3408.7709960938
810.7235717773 3532.6296386719 926.3189086914 3736.2624511719
926.3189086914 3736.2624511719 874.0319213867 3282.9313964844
816.4229125977 2533.6914062500 761.6788330078 2113.6955566406
761.6788330078 2113.6955566406 1184.5061035156 2952.7553710938
1437.4073486328 3249.4697265625 1382.8070068359 2986.4389648438
1382.8070068359 2986.4389648438 1638.1929931641 3379.7934570312
1638.1929931641 3379.7934570312 1421.5599365234 2694.5654296875
1421.5599365234 2694.5654296875 1599.3869628906 2906.3703613281
1182.5000000000 2069.1501464844 1619.7564697266 2515.2062988281
1619.7564697266 2515.2062988281 1953.4315185547 2349.0090332031
5999.4248046875 6684.0366210938 6670.4379882812 6462.5668945312
5565.6015625000 5211.0073242188 6033.1484375000 5265.5356445312
6778.2670898438 5509.9326171875 6920.3105468750 5427.7392578125
5155.0561523438 3766.3676757812 5085.3164062500 3451.0893554688
5085.3164062500 3451.0893554688 5334.2226562500 3354.1921386719
5334.2226562500 3354.1921386719 5083.0019531250 3075.1757812500
5083.0019531250 3075.1757812500 5015.0693359375 2800.8984375000
5136.1059570312 2751.9160156250 4905.8818359375 2520.6716308594
4905.8818359375 2520.6716308594 4846.9340820312 2281.1623535156
4846.9340820312 2281.1623535156 5095.9150390625 2184.0876464844
5095.9150390625 2184.0876464844 5706.9770507812 2211.7033691406
5706.9770507812 2211.7033691406 5435.7861328125 1892.6912841797
5435.7861328125 1892.6912841797 5606.3686523438 1418.8247070312
5606.3686523438 1418.8247070312 5349.2915039062 1255.9813232422
5349.2915039062 1255.9813232422 5473.5615234375 986.1365966797
6260.4746093750 900.8523559570 6081.7685546875 553.0858154297
11805.7988281250 639.7156982422 12143.5976562500 445.0637817383
12143.5976562500 445.0637817383 11675.2216796875 224.7917480469
