19 4
-683.0000000000 21.0000000000 -1346.9564208984 4426.6958007812
-1570.5139160156 5882.2377929688 -1437.8870849609 6249.1733398438
-1437.8870849609 6249.1733398438 -540.9757080078 6204.3803710938
-540.9757080078 6204.3803710938 -307.4214172363 5886.9497070312
-307.4214172363 5886.9497070312 207.5473022461 5964.3774414062
261.9414672852 5019.1406250000 396.2099914551 4549.7011718750
396.2099914551 4549.7011718750 675.6854248047 4828.7514648438
675.6854248047 4828.7514648438 830.3855590820 4730.3505859375
936.6813354492 4839.8076171875 980.3036499023 4632.9658203125
779.0054931641 3395.2436523438 843.7500610352 3169.9182128906
843.7500610352 3169.9182128906 1028.9542236328 3609.3898925781
1028.9542236328 3609.3898925781 999.0341186523 3288.6933593750
1108.8851318359 3241.4362792969 1374.4316406250 3422.8376464844
1374.4316406250 3422.8376464844 1716.7055664062 1461.4870605469
1716.7055664062 1461.4870605469 6100.4858398438 2121.5656738281
10278.3632812500 3163.4111328125 10394.5800781250 2420.7778320312
9630.3574218750 1374.4583740234 9804.3710937500 1224.8253173828
7355.4838867188 794.0925292969 7396.9375000000 538.2442626953
4881.2563476562 106.2026519775 4309.0000000000 21.0000000000
