42 4
-13657.8750000000 2924.0710449219 -11653.3759765625 3362.5517578125
-9915.9238281250 3052.6022949219 -9951.3447265625 3642.9934082031
-8112.8588867188 3298.8076171875 -7890.5673828125 3370.3471679688
-7890.5673828125 3370.3471679688 -7628.9638671875 3741.8942871094
-7628.9638671875 3741.8942871094 -7969.1621093750 4081.4909667969
-6895.8208007812 3687.5729980469 -6789.6220703125 4100.6166992188
-5644.6079101562 3548.1425781250 -5231.2270507812 3549.5073242188
-5231.2270507812 3549.5073242188 -5223.0136718750 3815.7416992188
-5848.6157226562 4590.4394531250 -5996.4580078125 4876.8359375000
-4642.9956054688 3916.9357910156 -4429.3906250000 3871.4104003906
-4429.3906250000 3871.4104003906 -4276.5820312500 4297.5820312500
-4276.5820312500 4297.5820312500 -3188.2265625000 3820.5803222656
-3188.2265625000 3820.5803222656 -3218.0625000000 4139.9321289062
-3218.0625000000 4139.9321289062 -2943.6286621094 4072.5571289062
-2943.6286621094 4072.5571289062 -2983.7446289062 4282.2290039062
-2983.7446289062 4282.2290039062 -2748.9924316406 4096.5488281250
-2748.9924316406 4096.5488281250 -2515.5000000000 4377.9736328125
-2515.5000000000 4377.9736328125 -1969.9027099609 3725.8481445312
-1969.9027099609 3725.8481445312 -1726.8182373047 3724.1735839844
-1726.8182373047 3724.1735839844 -1801.4366455078 4067.0927734375
-1652.7642822266 4111.7353515625 -1697.1040039062 4683.7548828125
-1697.1040039062 4683.7548828125 -1386.5592041016 4288.3906250000
-1343.4479980469 4415.2202148438 -913.7390136719 3685.8068847656
-913.7390136719 3685.8068847656 -671.8385009766 3477.3093261719
-671.8385009766 3477.3093261719 -270.0970764160 3883.5681152344
-270.0970764160 3883.5681152344 -130.8033142090 3766.7167968750
79.9320220947 4600.3022460938 461.3886413574 4410.8198242188
749.8128051758 4273.3999023438 933.3155517578 4411.9047851562
719.1685180664 3136.0610351562 886.7140502930 3330.2619628906
886.7140502930 3330.2619628906 941.1445312500 3099.3449707031
941.1445312500 3099.3449707031 1115.6696777344 3086.2773437500
1115.6696777344 3086.2773437500 1017.7649536133 2672.3684082031
1017.7649536133 2672.3684082031 1210.3538818359 3016.7309570312
1840.7343750000 4357.4985351562 1957.9903564453 4219.9238281250
1714.4696044922 3536.1835937500 2247.0925292969 4074.8623046875
2186.9958496094 2923.2414550781 2590.4548339844 2436.6381835938
3174.8696289062 1780.8588867188 3026.7443847656 1630.3485107422
3555.7070312500 1040.5825195312 3031.0751953125 833.1741333008
2338.4125976562 604.0317382812 2098.7932128906 505.5445861816
3589.6242675781 653.9476318359 3407.5246582031 560.6989135742
3380.6123046875 436.0869750977 3513.5786132812 328.3983154297
2618.6057128906 204.1107482910 3063.7954101562 181.5667114258
