18 4
-1685.0000000000 21.0000000000 -1583.1979980469 474.9747314453
-1583.1979980469 474.9747314453 -833.6873168945 341.0225830078
-833.6873168945 341.0225830078 -638.7042236328 1601.8485107422
-528.4190673828 1647.3066406250 -434.7433471680 2066.3066406250
-370.7418823242 1928.3016357422 -164.9858245850 1906.7965087891
-164.9858245850 1906.7965087891 -77.6513824463 2244.6445312500
-58.6400871277 3380.4882812500 115.8663253784 3338.9775390625
115.8663253784 3338.9775390625 182.8618316650 3510.2116699219
660.5938110352 9467.9316406250 1465.1651611328 9271.6894531250
1465.1651611328 9271.6894531250 1868.4017333984 9633.0937500000
3138.4270019531 14786.1376953125 4685.6245117188 14441.8701171875
3501.6132812500 9143.0146484375 3569.2517089844 8855.2080078125
3569.2517089844 8855.2080078125 4066.4328613281 8741.4931640625
4066.4328613281 8741.4931640625 4092.2702636719 8052.5327148438
3603.1049804688 6521.1738281250 3411.0971679688 5698.0190429688
2322.6362304688 3737.9948730469 2242.0432128906 2692.9631347656
2242.0432128906 2692.9631347656 1964.8372802734 2128.0300292969
1964.8372802734 2128.0300292969 1491.0000000000 21.0000000000
