9 4
-933.0000000000 21.0000000000 -1258.5843505859 242.9223785400
-1258.5843505859 242.9223785400 -622.9887695312 1192.6715087891
-622.9887695312 1192.6715087891 -27.0471096039 795.5278930664
-27.0471096039 795.5278930664 105.7199172974 1229.3841552734
204.8757934570 1970.2629394531 514.6149291992 1815.6755371094
514.6149291992 1815.6755371094 1467.3305664062 3167.7006835938
1467.3305664062 3167.7006835938 3313.4130859375 1934.0000000000
1849.8206787109 1046.3723144531 2186.0390625000 773.7135620117
2186.0390625000 773.7135620117 1680.0000000000 21.0000000000
