18 4
-976.0000000000 0.0000000000 -744.0000000000 65.0000000000
-744.0000000000 65.0000000000 -891.0000000000 173.0000000000
-891.0000000000 173.0000000000 -716.0000000000 192.0000000000
-716.0000000000 192.0000000000 -870.0000000000 266.0000000000
-870.0000000000 266.0000000000 -814.0000000000 683.0000000000
-1543.0000000000 1341.0000000000 -1080.0000000000 1287.0000000000
-1080.0000000000 1287.0000000000 -775.0000000000 991.0000000000
-775.0000000000 991.0000000000 -913.0000000000 1304.0000000000
-913.0000000000 1304.0000000000 -654.0000000000 1133.0000000000
-654.0000000000 1133.0000000000 -583.0000000000 1442.0000000000
-1963.0000000000 6846.0000000000 -1750.0000000000 6533.0000000000
-1357.0000000000 7693.0000000000 -1309.0000000000 8262.0000000000
-381.0000000000 4359.0000000000 -332.0000000000 4749.0000000000
428.0000000000 12257.0000000000 649.0000000000 12386.0000000000
649.0000000000 12386.0000000000 1296.0000000000 12328.0000000000
1012.0000000000 8245.0000000000 1136.0000000000 8082.0000000000
913.0000000000 4699.0000000000 838.0000000000 3359.0000000000
725.0000000000 2372.0000000000 537.0000000000 0.0000000000
