17 4
-1467.0000000000 0.0000000000 -1178.0000000000 1355.0000000000
-2797.0000000000 3334.0000000000 48.0000000000 2734.0000000000
48.0000000000 2734.0000000000 101.0000000000 2905.0000000000
253.0000000000 4826.0000000000 521.0000000000 4962.0000000000
816.0000000000 6648.0000000000 1500.0000000000 6498.0000000000
1447.0000000000 5802.0000000000 1492.0000000000 5569.0000000000
1492.0000000000 5569.0000000000 2294.0000000000 5403.0000000000
2294.0000000000 5403.0000000000 2696.0000000000 5781.0000000000
1775.0000000000 3639.0000000000 1696.0000000000 2938.0000000000
1696.0000000000 2938.0000000000 3543.0000000000 2574.0000000000
5738.0000000000 4018.0000000000 5445.0000000000 2539.0000000000
5445.0000000000 2539.0000000000 5825.0000000000 2473.0000000000
5825.0000000000 2473.0000000000 5789.0000000000 2107.0000000000
5919.0000000000 2038.0000000000 7291.0000000000 1683.0000000000
8707.0000000000 1851.0000000000 8674.0000000000 1529.0000000000
1948.0000000000 308.0000000000 1869.0000000000 164.0000000000
11272.0000000000 788.0000000000 11091.0000000000 0.0000000000
