20 4
-1945.0000000000 102.0000000000 -1321.0000000000 116.0000000000
-507.0000000000 136.0000000000 -629.0000000000 587.0000000000
-629.0000000000 587.0000000000 -422.0000000000 602.0000000000
-422.0000000000 602.0000000000 -393.0000000000 882.0000000000
-722.0000000000 1702.0000000000 -899.0000000000 2470.0000000000
-763.0000000000 2497.0000000000 -758.0000000000 2828.0000000000
-1094.0000000000 4390.0000000000 -790.0000000000 4481.0000000000
-790.0000000000 4481.0000000000 -723.0000000000 5141.0000000000
-559.0000000000 6395.0000000000 228.0000000000 6532.0000000000
225.0000000000 4288.0000000000 451.0000000000 4289.0000000000
418.0000000000 3408.0000000000 917.0000000000 3422.0000000000
1254.0000000000 4374.0000000000 2635.0000000000 4386.0000000000
3626.0000000000 5803.0000000000 4007.0000000000 5515.0000000000
4974.0000000000 6601.0000000000 5150.0000000000 6592.0000000000
5150.0000000000 6592.0000000000 5155.0000000000 6366.0000000000
1233.0000000000 1469.0000000000 1246.0000000000 1122.0000000000
1246.0000000000 1122.0000000000 1564.0000000000 1359.0000000000
1564.0000000000 1359.0000000000 1328.0000000000 1114.0000000000
1328.0000000000 1114.0000000000 2003.0000000000 1204.0000000000
2003.0000000000 1204.0000000000 1999.0000000000 175.0000000000
