28 4
-7741.0000000000 135.0000000000 -6366.0000000000 445.0000000000
-5026.0000000000 440.0000000000 -3889.0000000000 686.0000000000
-3889.0000000000 686.0000000000 -3731.0000000000 793.0000000000
-3731.0000000000 793.0000000000 -3783.0000000000 1085.0000000000
-3783.0000000000 1085.0000000000 -1805.0000000000 1461.0000000000
-1805.0000000000 1461.0000000000 -1923.0000000000 2212.0000000000
-1923.0000000000 2212.0000000000 -2087.0000000000 2487.0000000000
-1503.0000000000 2711.0000000000 -1351.0000000000 2652.0000000000
-1351.0000000000 2652.0000000000 -1378.0000000000 2826.0000000000
-1378.0000000000 2826.0000000000 -1247.0000000000 2675.0000000000
-1247.0000000000 2675.0000000000 -1502.0000000000 3914.0000000000
-2351.0000000000 8201.0000000000 -1917.0000000000 8305.0000000000
-3057.0000000000 15729.0000000000 -1960.0000000000 15963.0000000000
-890.0000000000 10171.0000000000 -711.0000000000 10172.0000000000
-325.0000000000 9311.0000000000 -0.0000000000 9132.0000000000
-0.0000000000 9132.0000000000 153.0000000000 8763.0000000000
153.0000000000 8763.0000000000 1102.0000000000 8979.0000000000
1102.0000000000 8979.0000000000 1329.0000000000 8388.0000000000
1329.0000000000 8388.0000000000 1485.0000000000 8424.0000000000
1485.0000000000 8424.0000000000 1606.0000000000 8262.0000000000
1523.0000000000 7163.0000000000 1806.0000000000 5908.0000000000
1038.0000000000 3196.0000000000 1140.0000000000 2821.0000000000
1268.0000000000 2848.0000000000 1181.0000000000 2532.0000000000
1181.0000000000 2532.0000000000 1274.0000000000 2207.0000000000
1274.0000000000 2207.0000000000 1553.0000000000 2303.0000000000
1553.0000000000 2303.0000000000 1637.0000000000 1950.0000000000
1637.0000000000 1950.0000000000 2333.0000000000 2100.0000000000
2573.0000000000 1671.0000000000 2977.0000000000 0.0000000000
