23 4
-3384.0000000000 0.0000000000 -3493.0000000000 183.0000000000
-5221.0000000000 365.0000000000 -5972.0000000000 1053.0000000000
-5972.0000000000 1053.0000000000 -8568.0000000000 2950.0000000000
-10841.0000000000 4602.0000000000 -11244.0000000000 5006.0000000000
-2530.0000000000 1461.0000000000 -1840.0000000000 1777.0000000000
-1840.0000000000 1777.0000000000 -2062.0000000000 2136.0000000000
-2062.0000000000 2136.0000000000 -1407.0000000000 1677.0000000000
-1407.0000000000 1677.0000000000 -778.0000000000 2544.0000000000
-1014.0000000000 4067.0000000000 -790.0000000000 4064.0000000000
-323.0000000000 2628.0000000000 179.0000000000 3407.0000000000
301.0000000000 3436.0000000000 515.0000000000 4195.0000000000
515.0000000000 4195.0000000000 527.0000000000 3749.0000000000
527.0000000000 3749.0000000000 905.0000000000 4257.0000000000
2560.0000000000 11087.0000000000 2743.0000000000 11000.0000000000
2743.0000000000 11000.0000000000 3664.0000000000 11985.0000000000
3664.0000000000 11985.0000000000 5263.0000000000 10791.0000000000
5756.0000000000 10383.0000000000 6155.0000000000 10662.0000000000
9481.0000000000 14599.0000000000 9720.0000000000 14410.0000000000
10929.0000000000 15609.0000000000 12252.0000000000 14601.0000000000
7179.0000000000 7973.0000000000 7104.0000000000 7619.0000000000
7544.0000000000 7285.0000000000 7686.0000000000 7167.0000000000
7686.0000000000 7167.0000000000 7692.0000000000 6926.0000000000
3090.0000000000 2593.0000000000 1108.0000000000 0.0000000000
