31 4
-1808.0000000000 0.0000000000 -1998.0000000000 105.0000000000
-5328.0000000000 560.0000000000 -5712.0000000000 803.0000000000
-6698.0000000000 1424.0000000000 -6502.0000000000 1742.0000000000
-3969.0000000000 1685.0000000000 -3503.0000000000 1785.0000000000
-3503.0000000000 1785.0000000000 -2993.0000000000 1592.0000000000
-2993.0000000000 1592.0000000000 -3409.0000000000 1968.0000000000
-3409.0000000000 1968.0000000000 -2999.0000000000 1802.0000000000
-2999.0000000000 1802.0000000000 -2893.0000000000 1951.0000000000
-2893.0000000000 1951.0000000000 -2102.0000000000 1527.0000000000
-2102.0000000000 1527.0000000000 -1931.0000000000 1620.0000000000
-1059.0000000000 920.0000000000 -1231.0000000000 1109.0000000000
-1231.0000000000 1109.0000000000 -1135.0000000000 1306.0000000000
-1003.0000000000 1380.0000000000 -765.0000000000 1093.0000000000
-3010.0000000000 5906.0000000000 -2834.0000000000 5811.0000000000
-2465.0000000000 5286.0000000000 -2510.0000000000 5637.0000000000
-2510.0000000000 5637.0000000000 -2278.0000000000 5367.0000000000
-2278.0000000000 5367.0000000000 -2023.0000000000 5271.0000000000
-1048.0000000000 3654.0000000000 -851.0000000000 3684.0000000000
-535.0000000000 2515.0000000000 -122.0000000000 2336.0000000000
-122.0000000000 2336.0000000000 687.0000000000 3895.0000000000
687.0000000000 3895.0000000000 948.0000000000 3801.0000000000
724.0000000000 2702.0000000000 1112.0000000000 2619.0000000000
981.0000000000 2104.0000000000 925.0000000000 1897.0000000000
925.0000000000 1897.0000000000 1210.0000000000 1728.0000000000
1202.0000000000 1596.0000000000 1606.0000000000 1914.0000000000
1606.0000000000 1914.0000000000 1556.0000000000 1668.0000000000
1494.0000000000 1346.0000000000 1328.0000000000 1001.0000000000
1328.0000000000 1001.0000000000 2122.0000000000 609.0000000000
3495.0000000000 871.0000000000 3274.0000000000 460.0000000000
3274.0000000000 460.0000000000 3589.0000000000 251.0000000000
5195.0000000000 272.0000000000 5623.0000000000 0.0000000000
