20 4
-3810.0000000000 0.0000000000 -3387.0000000000 597.0000000000
-3069.0000000000 1057.0000000000 -2550.0000000000 1786.0000000000
-1806.0000000000 1312.0000000000 -1531.0000000000 1700.0000000000
-1383.0000000000 1707.0000000000 -1259.0000000000 2014.0000000000
-1184.0000000000 1971.0000000000 -0.0000000000 3620.0000000000
-0.0000000000 3620.0000000000 740.0000000000 4674.0000000000
740.0000000000 4674.0000000000 903.0000000000 5123.0000000000
1408.0000000000 7244.0000000000 1784.0000000000 7729.0000000000
1784.0000000000 7729.0000000000 3267.0000000000 6698.0000000000
3853.0000000000 5712.0000000000 4213.0000000000 6017.0000000000
4213.0000000000 6017.0000000000 4798.0000000000 5519.0000000000
4798.0000000000 5519.0000000000 4968.0000000000 5517.0000000000
1991.0000000000 1857.0000000000 1285.0000000000 712.0000000000
1285.0000000000 712.0000000000 1559.0000000000 727.0000000000
1559.0000000000 727.0000000000 1287.0000000000 546.0000000000
1287.0000000000 546.0000000000 1456.0000000000 501.0000000000
1456.0000000000 501.0000000000 1352.0000000000 312.0000000000
1352.0000000000 312.0000000000 859.0000000000 121.0000000000
859.0000000000 121.0000000000 1230.0000000000 151.0000000000
1230.0000000000 151.0000000000 1118.0000000000 0.0000000000
