33 4
-1841.0000000000 0.0000000000 -1741.0000000000 338.0000000000
-1741.0000000000 338.0000000000 -1462.0000000000 311.0000000000
-1462.0000000000 311.0000000000 -1349.0000000000 438.0000000000
-1349.0000000000 438.0000000000 -1572.0000000000 541.0000000000
-1572.0000000000 541.0000000000 -1618.0000000000 720.0000000000
-1618.0000000000 720.0000000000 -1070.0000000000 545.0000000000
-1070.0000000000 545.0000000000 -1566.0000000000 868.0000000000
-1566.0000000000 868.0000000000 -1349.0000000000 1552.0000000000
-1349.0000000000 1552.0000000000 -852.0000000000 1418.0000000000
-770.0000000000 1511.0000000000 -762.0000000000 1985.0000000000
-762.0000000000 1985.0000000000 -275.0000000000 1738.0000000000
-275.0000000000 1738.0000000000 -82.0000000000 2359.0000000000
-82.0000000000 2359.0000000000 200.0000000000 2282.0000000000
200.0000000000 2282.0000000000 242.0000000000 1525.0000000000
392.0000000000 2222.0000000000 334.0000000000 1721.0000000000
334.0000000000 1721.0000000000 467.0000000000 2197.0000000000
467.0000000000 2197.0000000000 700.0000000000 2032.0000000000
766.0000000000 2105.0000000000 600.0000000000 1564.0000000000
600.0000000000 1564.0000000000 838.0000000000 2075.0000000000
838.0000000000 2075.0000000000 650.0000000000 1532.0000000000
650.0000000000 1532.0000000000 914.0000000000 2053.0000000000
914.0000000000 2053.0000000000 1682.0000000000 1804.0000000000
3624.0000000000 3500.0000000000 3426.0000000000 3195.0000000000
3426.0000000000 3195.0000000000 3822.0000000000 3207.0000000000
3775.0000000000 3057.0000000000 4035.0000000000 2932.0000000000
4631.0000000000 3243.0000000000 4534.0000000000 3058.0000000000
2433.0000000000 1580.0000000000 1985.0000000000 926.0000000000
1985.0000000000 926.0000000000 2434.0000000000 1084.0000000000
2434.0000000000 1084.0000000000 2383.0000000000 915.0000000000
2383.0000000000 915.0000000000 1945.0000000000 708.0000000000
1945.0000000000 708.0000000000 1905.0000000000 440.0000000000
1905.0000000000 440.0000000000 1365.0000000000 290.0000000000
1365.0000000000 290.0000000000 1248.0000000000 0.0000000000
