19 4
-1642.0000000000 231.0000000000 -1402.0000000000 1861.0000000000
-1402.0000000000 1861.0000000000 -1073.0000000000 1532.0000000000
-1073.0000000000 1532.0000000000 -1372.0000000000 2034.0000000000
-1372.0000000000 2034.0000000000 -758.0000000000 5396.0000000000
-758.0000000000 5396.0000000000 -619.0000000000 5039.0000000000
-619.0000000000 5039.0000000000 -357.0000000000 5105.0000000000
-357.0000000000 5105.0000000000 -284.0000000000 5410.0000000000
-284.0000000000 5410.0000000000 -91.0000000000 5200.0000000000
3826.0000000000 14279.0000000000 4197.0000000000 14638.0000000000
2705.0000000000 8848.0000000000 2801.0000000000 8619.0000000000
1171.0000000000 3051.0000000000 1046.0000000000 2243.0000000000
1046.0000000000 2243.0000000000 1196.0000000000 2158.0000000000
1196.0000000000 2158.0000000000 1137.0000000000 1893.0000000000
1137.0000000000 1893.0000000000 1514.0000000000 1805.0000000000
1514.0000000000 1805.0000000000 1808.0000000000 2080.0000000000
1808.0000000000 2080.0000000000 1682.0000000000 1742.0000000000
1682.0000000000 1742.0000000000 2041.0000000000 1653.0000000000
2714.0000000000 2120.0000000000 5279.0000000000 1614.0000000000
6809.0000000000 957.0000000000 7055.0000000000 866.0000000000
