16 4
-7748.0000000000 0.0000000000 -7033.0000000000 1753.0000000000
-7950.0000000000 2130.0000000000 -8226.0000000000 2515.0000000000
-8755.0000000000 3361.0000000000 -8693.0000000000 3512.0000000000
-2162.0000000000 1249.0000000000 -2062.0000000000 1498.0000000000
-2931.0000000000 2290.0000000000 -3263.0000000000 2643.0000000000
-1009.0000000000 847.0000000000 -617.0000000000 685.0000000000
-617.0000000000 685.0000000000 41.0000000000 2361.0000000000
163.0000000000 4665.0000000000 494.0000000000 4702.0000000000
494.0000000000 4702.0000000000 644.0000000000 5243.0000000000
901.0000000000 5112.0000000000 1186.0000000000 5136.0000000000
1249.0000000000 5011.0000000000 1750.0000000000 4808.0000000000
1750.0000000000 4808.0000000000 1746.0000000000 4548.0000000000
1746.0000000000 4548.0000000000 1920.0000000000 4753.0000000000
1920.0000000000 4753.0000000000 2852.0000000000 4391.0000000000
1286.0000000000 1907.0000000000 631.0000000000 242.0000000000
631.0000000000 242.0000000000 1088.0000000000 76.0000000000
