19 4
-3023.0000000000 211.0000000000 -2626.0000000000 276.0000000000
-2626.0000000000 276.0000000000 -3098.0000000000 435.0000000000
-3121.0000000000 550.0000000000 -2705.0000000000 526.0000000000
-2557.0000000000 590.0000000000 -2161.0000000000 539.0000000000
-2611.0000000000 1761.0000000000 -2423.0000000000 2033.0000000000
-1714.0000000000 1490.0000000000 -2000.0000000000 1801.0000000000
-2000.0000000000 1801.0000000000 -1572.0000000000 1466.0000000000
-1444.0000000000 1549.0000000000 -1521.0000000000 1749.0000000000
-933.0000000000 1112.0000000000 -579.0000000000 827.0000000000
-579.0000000000 827.0000000000 523.0000000000 2265.0000000000
865.0000000000 3229.0000000000 1200.0000000000 2971.0000000000
1200.0000000000 2971.0000000000 1401.0000000000 3147.0000000000
1401.0000000000 3147.0000000000 2037.0000000000 2607.0000000000
5087.0000000000 5852.0000000000 4915.0000000000 5458.0000000000
4915.0000000000 5458.0000000000 5136.0000000000 5318.0000000000
5711.0000000000 5711.0000000000 5939.0000000000 5538.0000000000
5380.0000000000 4845.0000000000 5226.0000000000 4543.0000000000
5226.0000000000 4543.0000000000 5238.0000000000 4242.0000000000
1711.0000000000 1337.0000000000 608.0000000000 0.0000000000
