14 4
-1508.0000000000 0.0000000000 -1383.0000000000 2129.0000000000
-2402.0000000000 3843.0000000000 -393.0000000000 3737.0000000000
-393.0000000000 3737.0000000000 -352.0000000000 4026.0000000000
-269.0000000000 7717.0000000000 403.0000000000 7689.0000000000
489.0000000000 6994.0000000000 710.0000000000 6758.0000000000
710.0000000000 6758.0000000000 1304.0000000000 6708.0000000000
1304.0000000000 6708.0000000000 1585.0000000000 6863.0000000000
1210.0000000000 4853.0000000000 1200.0000000000 4186.0000000000
1200.0000000000 4186.0000000000 2957.0000000000 4069.0000000000
2957.0000000000 4069.0000000000 3361.0000000000 4460.0000000000
5057.0000000000 6245.0000000000 5043.0000000000 6010.0000000000
466.0000000000 537.0000000000 459.0000000000 204.0000000000
459.0000000000 204.0000000000 809.0000000000 157.0000000000
712.0000000000 62.0000000000 871.0000000000 0.0000000000
