13 4
-1613.0000000000 0.0000000000 -862.0000000000 2652.0000000000
-1374.0000000000 4495.0000000000 420.0000000000 3994.0000000000
1521.0000000000 7825.0000000000 2056.0000000000 7671.0000000000
2001.0000000000 6979.0000000000 2175.0000000000 6693.0000000000
2175.0000000000 6693.0000000000 2764.0000000000 6512.0000000000
2764.0000000000 6512.0000000000 3124.0000000000 6700.0000000000
2302.0000000000 4720.0000000000 2173.0000000000 4086.0000000000
2173.0000000000 4086.0000000000 3261.0000000000 3751.0000000000
598.0000000000 664.0000000000 521.0000000000 351.0000000000
521.0000000000 351.0000000000 705.0000000000 202.0000000000
705.0000000000 202.0000000000 1392.0000000000 245.0000000000
1392.0000000000 245.0000000000 874.0000000000 123.0000000000
1837.0000000000 96.0000000000 2158.0000000000 0.0000000000
