28 4
-2360.0000000000 0.0000000000 -2552.0000000000 268.0000000000
-2505.0000000000 397.0000000000 -2307.0000000000 448.0000000000
-8252.0000000000 1905.0000000000 -8139.0000000000 2029.0000000000
-5884.0000000000 1577.0000000000 -4795.0000000000 1651.0000000000
-5728.0000000000 2085.0000000000 -5751.0000000000 2560.0000000000
-5733.0000000000 2796.0000000000 -5729.0000000000 3046.0000000000
-3422.0000000000 1976.0000000000 -3050.0000000000 1906.0000000000
-3050.0000000000 1906.0000000000 -3192.0000000000 2153.0000000000
-3192.0000000000 2153.0000000000 -2857.0000000000 2001.0000000000
-2754.0000000000 3168.0000000000 -2350.0000000000 2902.0000000000
-2350.0000000000 2902.0000000000 -2484.0000000000 3179.0000000000
-2398.0000000000 3183.0000000000 -2423.0000000000 4032.0000000000
-2423.0000000000 4032.0000000000 -1918.0000000000 4114.0000000000
-1918.0000000000 4114.0000000000 -2015.0000000000 6203.0000000000
-2945.0000000000 10270.0000000000 -2822.0000000000 10532.0000000000
-2822.0000000000 10532.0000000000 -2615.0000000000 10489.0000000000
-2615.0000000000 10489.0000000000 -2524.0000000000 10934.0000000000
-2524.0000000000 10934.0000000000 -2130.0000000000 10960.0000000000
-2130.0000000000 10960.0000000000 -1962.0000000000 11129.0000000000
-2439.0000000000 15401.0000000000 -2149.0000000000 15288.0000000000
-2158.0000000000 17579.0000000000 -1542.0000000000 17624.0000000000
279.0000000000 16003.0000000000 541.0000000000 15503.0000000000
541.0000000000 15503.0000000000 812.0000000000 15500.0000000000
1008.0000000000 6366.0000000000 1050.0000000000 5952.0000000000
1027.0000000000 5282.0000000000 1049.0000000000 4209.0000000000
951.0000000000 3550.0000000000 1021.0000000000 566.0000000000
1021.0000000000 566.0000000000 1119.0000000000 385.0000000000
1146.0000000000 202.0000000000 1031.0000000000 54.0000000000
