13 4
-761.0000000000 148.0000000000 -1317.0000000000 353.0000000000
-1317.0000000000 353.0000000000 -1237.0000000000 3400.0000000000
-1871.0000000000 5434.0000000000 -1825.0000000000 5618.0000000000
-1838.0000000000 6859.0000000000 -1327.0000000000 6824.0000000000
-834.0000000000 4732.0000000000 -815.0000000000 5149.0000000000
-91.0000000000 5194.0000000000 273.0000000000 5207.0000000000
273.0000000000 5207.0000000000 331.0000000000 4732.0000000000
2756.0000000000 6821.0000000000 2819.0000000000 6641.0000000000
2331.0000000000 4575.0000000000 2629.0000000000 4945.0000000000
2629.0000000000 4945.0000000000 2628.0000000000 4740.0000000000
3104.0000000000 4601.0000000000 3343.0000000000 4601.0000000000
9183.0000000000 4883.0000000000 9165.0000000000 4670.0000000000
4148.0000000000 290.0000000000 4152.0000000000 0.0000000000
