22 4
-1755.0000000000 0.0000000000 -1920.0000000000 339.0000000000
-2444.0000000000 520.0000000000 -2209.0000000000 718.0000000000
-2209.0000000000 718.0000000000 -2398.0000000000 969.0000000000
-5624.0000000000 4719.0000000000 -5313.0000000000 5131.0000000000
-1146.0000000000 1272.0000000000 -989.0000000000 1361.0000000000
-989.0000000000 1361.0000000000 -1184.0000000000 1692.0000000000
-1184.0000000000 1692.0000000000 -927.0000000000 1427.0000000000
-553.0000000000 1185.0000000000 -704.0000000000 1580.0000000000
-1086.0000000000 3343.0000000000 -925.0000000000 3451.0000000000
-826.0000000000 3885.0000000000 -522.0000000000 3712.0000000000
-522.0000000000 3712.0000000000 -336.0000000000 3845.0000000000
876.0000000000 3795.0000000000 1030.0000000000 3591.0000000000
1030.0000000000 3591.0000000000 1394.0000000000 3831.0000000000
1586.0000000000 3562.0000000000 2204.0000000000 2821.0000000000
2204.0000000000 2821.0000000000 2657.0000000000 3167.0000000000
3885.0000000000 4469.0000000000 4167.0000000000 4024.0000000000
5174.0000000000 2987.0000000000 5346.0000000000 2843.0000000000
5528.0000000000 2696.0000000000 5810.0000000000 2466.0000000000
6125.0000000000 2229.0000000000 6675.0000000000 2169.0000000000
6675.0000000000 2169.0000000000 7084.0000000000 1635.0000000000
7252.0000000000 1410.0000000000 7432.0000000000 1177.0000000000
7613.0000000000 935.0000000000 7899.0000000000 552.0000000000
