25 4
-2429.0000000000 0.0000000000 -2144.0000000000 37.0000000000
-2144.0000000000 37.0000000000 -2615.0000000000 183.0000000000
-2615.0000000000 183.0000000000 -2026.0000000000 249.0000000000
-2632.0000000000 370.0000000000 -3110.0000000000 493.0000000000
-3110.0000000000 493.0000000000 -2749.0000000000 1462.0000000000
-2749.0000000000 1462.0000000000 -1036.0000000000 839.0000000000
-1036.0000000000 839.0000000000 -874.0000000000 1248.0000000000
-1903.0000000000 2822.0000000000 -1619.0000000000 2493.0000000000
-1619.0000000000 2493.0000000000 -1318.0000000000 2479.0000000000
-1318.0000000000 2479.0000000000 -1264.0000000000 2838.0000000000
-1645.0000000000 3874.0000000000 -976.0000000000 3404.0000000000
-976.0000000000 3404.0000000000 -459.0000000000 2364.0000000000
-459.0000000000 2364.0000000000 -77.0000000000 2196.0000000000
-77.0000000000 2196.0000000000 675.0000000000 3826.0000000000
2445.0000000000 6369.0000000000 2653.0000000000 6565.0000000000
2653.0000000000 6565.0000000000 2711.0000000000 6386.0000000000
1962.0000000000 4207.0000000000 2323.0000000000 4024.0000000000
484.0000000000 746.0000000000 390.0000000000 481.0000000000
390.0000000000 481.0000000000 694.0000000000 354.0000000000
2313.0000000000 1128.0000000000 2512.0000000000 1066.0000000000
3945.0000000000 1594.0000000000 4265.0000000000 1469.0000000000
4265.0000000000 1469.0000000000 3993.0000000000 1297.0000000000
3993.0000000000 1297.0000000000 3887.0000000000 969.0000000000
3887.0000000000 969.0000000000 3432.0000000000 792.0000000000
4308.0000000000 682.0000000000 4109.0000000000 144.0000000000
