12 4
-374.0000000000 0.0000000000 -1698.0000000000 2615.0000000000
-7671.0000000000 13287.0000000000 -6458.0000000000 13849.0000000000
-6665.0000000000 16496.0000000000 -6285.0000000000 16373.0000000000
-1191.0000000000 6126.0000000000 -1012.0000000000 6390.0000000000
-1052.0000000000 7487.0000000000 -788.0000000000 7494.0000000000
-229.0000000000 3272.0000000000 -108.0000000000 3090.0000000000
-108.0000000000 3090.0000000000 -0.0000000000 3326.0000000000
-0.0000000000 3326.0000000000 1898.0000000000 4264.0000000000
2149.0000000000 4406.0000000000 3412.0000000000 5058.0000000000
2618.0000000000 2441.0000000000 2744.0000000000 2302.0000000000
2744.0000000000 2302.0000000000 2643.0000000000 2065.0000000000
1101.0000000000 743.0000000000 1494.0000000000 0.0000000000
