23 4
-1509.0000000000 0.0000000000 -1788.0000000000 94.0000000000
-1054.0000000000 111.0000000000 -1017.0000000000 496.0000000000
-1733.0000000000 883.0000000000 -1763.0000000000 1826.0000000000
-1763.0000000000 1826.0000000000 -1399.0000000000 1668.0000000000
-1386.0000000000 1775.0000000000 -782.0000000000 1756.0000000000
-782.0000000000 1756.0000000000 -750.0000000000 2178.0000000000
-2397.0000000000 9616.0000000000 -1515.0000000000 9568.0000000000
-372.0000000000 3539.0000000000 -63.0000000000 3593.0000000000
-0.0000000000 9470.0000000000 165.0000000000 9461.0000000000
495.0000000000 9443.0000000000 1320.0000000000 9394.0000000000
943.0000000000 5956.0000000000 1276.0000000000 6005.0000000000
1337.0000000000 5362.0000000000 1300.0000000000 4851.0000000000
1300.0000000000 4851.0000000000 1664.0000000000 4833.0000000000
1231.0000000000 3382.0000000000 1279.0000000000 2622.0000000000
1279.0000000000 2622.0000000000 1069.0000000000 2011.0000000000
862.0000000000 1380.0000000000 887.0000000000 1177.0000000000
887.0000000000 1177.0000000000 641.0000000000 619.0000000000
641.0000000000 619.0000000000 1002.0000000000 841.0000000000
1002.0000000000 841.0000000000 702.0000000000 549.0000000000
702.0000000000 549.0000000000 1244.0000000000 580.0000000000
1244.0000000000 580.0000000000 1256.0000000000 360.0000000000
1256.0000000000 360.0000000000 1925.0000000000 236.0000000000
1925.0000000000 236.0000000000 1895.0000000000 0.0000000000
