34 4
-1547.0000000000 0.0000000000 -1555.0000000000 163.0000000000
-1555.0000000000 163.0000000000 -1893.0000000000 232.0000000000
-1893.0000000000 232.0000000000 -1887.0000000000 613.0000000000
-5406.0000000000 1862.0000000000 -3470.0000000000 1845.0000000000
-3470.0000000000 1845.0000000000 -3591.0000000000 1991.0000000000
-4354.0000000000 2827.0000000000 -4163.0000000000 2915.0000000000
-4163.0000000000 2915.0000000000 -4152.0000000000 3129.0000000000
-2434.0000000000 1902.0000000000 -1834.0000000000 1834.0000000000
-1834.0000000000 1834.0000000000 -1518.0000000000 1628.0000000000
-1518.0000000000 1628.0000000000 -1357.0000000000 1737.0000000000
-1357.0000000000 1737.0000000000 -1529.0000000000 2029.0000000000
-1529.0000000000 2029.0000000000 -1357.0000000000 2089.0000000000
-1851.0000000000 2962.0000000000 -1830.0000000000 4111.0000000000
-1830.0000000000 4111.0000000000 -806.0000000000 4147.0000000000
-806.0000000000 4147.0000000000 -770.0000000000 4864.0000000000
-1009.0000000000 7177.0000000000 -864.0000000000 8221.0000000000
-0.0000000000 11052.0000000000 382.0000000000 10940.0000000000
899.0000000000 8552.0000000000 985.0000000000 8019.0000000000
985.0000000000 8019.0000000000 1200.0000000000 8537.0000000000
1200.0000000000 8537.0000000000 1505.0000000000 8537.0000000000
1585.0000000000 6863.0000000000 1553.0000000000 4267.0000000000
1130.0000000000 2662.0000000000 1021.0000000000 2003.0000000000
1021.0000000000 2003.0000000000 1673.0000000000 1993.0000000000
1673.0000000000 1993.0000000000 2058.0000000000 2286.0000000000
2058.0000000000 2286.0000000000 2346.0000000000 2265.0000000000
4913.0000000000 4122.0000000000 5203.0000000000 4065.0000000000
3640.0000000000 2644.0000000000 3353.0000000000 2261.0000000000
3353.0000000000 2261.0000000000 3629.0000000000 2357.0000000000
3629.0000000000 2357.0000000000 3666.0000000000 2032.0000000000
3666.0000000000 2032.0000000000 4059.0000000000 2068.0000000000
5424.0000000000 2082.0000000000 5074.0000000000 1847.0000000000
5074.0000000000 1847.0000000000 5025.0000000000 1346.0000000000
2810.0000000000 701.0000000000 3430.0000000000 667.0000000000
1591.0000000000 224.0000000000 1566.0000000000 0.0000000000
