30 4
-611.0000000000 0.0000000000 -830.0000000000 286.0000000000
-1832.0000000000 778.0000000000 -1404.0000000000 625.0000000000
-1404.0000000000 625.0000000000 -1016.0000000000 711.0000000000
-1016.0000000000 711.0000000000 -1093.0000000000 1020.0000000000
-1560.0000000000 1507.0000000000 -1340.0000000000 1488.0000000000
-1340.0000000000 1488.0000000000 -1414.0000000000 1685.0000000000
-1414.0000000000 1685.0000000000 -1095.0000000000 1822.0000000000
-1095.0000000000 1822.0000000000 -725.0000000000 1308.0000000000
-725.0000000000 1308.0000000000 -472.0000000000 1453.0000000000
-472.0000000000 1453.0000000000 -534.0000000000 1748.0000000000
-534.0000000000 1748.0000000000 -294.0000000000 1854.0000000000
-294.0000000000 1854.0000000000 -306.0000000000 2176.0000000000
-232.0000000000 2204.0000000000 -141.0000000000 1615.0000000000
-141.0000000000 1615.0000000000 -118.0000000000 2261.0000000000
-118.0000000000 2261.0000000000 678.0000000000 2529.0000000000
678.0000000000 2529.0000000000 1002.0000000000 2754.0000000000
1002.0000000000 2754.0000000000 877.0000000000 2066.0000000000
877.0000000000 2066.0000000000 1019.0000000000 2288.0000000000
1019.0000000000 2288.0000000000 1146.0000000000 2067.0000000000
1146.0000000000 2067.0000000000 1091.0000000000 1815.0000000000
1091.0000000000 1815.0000000000 1264.0000000000 2023.0000000000
1264.0000000000 2023.0000000000 1192.0000000000 1835.0000000000
1192.0000000000 1835.0000000000 1705.0000000000 2032.0000000000
1705.0000000000 2032.0000000000 1920.0000000000 1555.0000000000
1920.0000000000 1555.0000000000 1741.0000000000 1360.0000000000
1741.0000000000 1360.0000000000 2061.0000000000 1239.0000000000
2061.0000000000 1239.0000000000 1585.0000000000 915.0000000000
1585.0000000000 915.0000000000 2120.0000000000 1127.0000000000
2120.0000000000 1127.0000000000 2445.0000000000 387.0000000000
2445.0000000000 387.0000000000 1999.0000000000 140.0000000000
