24 4
-593.0000000000 0.0000000000 -325.0000000000 63.0000000000
-325.0000000000 63.0000000000 -599.0000000000 138.0000000000
-599.0000000000 138.0000000000 -609.0000000000 311.0000000000
-609.0000000000 311.0000000000 -330.0000000000 183.0000000000
-330.0000000000 183.0000000000 -614.0000000000 369.0000000000
-614.0000000000 369.0000000000 -616.0000000000 880.0000000000
-616.0000000000 880.0000000000 -417.0000000000 667.0000000000
-417.0000000000 667.0000000000 -431.0000000000 884.0000000000
-2794.0000000000 8599.0000000000 -1839.0000000000 8651.0000000000
-1839.0000000000 8651.0000000000 -1085.0000000000 8835.0000000000
-501.0000000000 14336.0000000000 -250.0000000000 14340.0000000000
554.0000000000 15877.0000000000 824.0000000000 15713.0000000000
1584.0000000000 15070.0000000000 1850.0000000000 15069.0000000000
2032.0000000000 14460.0000000000 2814.0000000000 14477.0000000000
1863.0000000000 8764.0000000000 1937.0000000000 7770.0000000000
1937.0000000000 7770.0000000000 2218.0000000000 7735.0000000000
2218.0000000000 7735.0000000000 2283.0000000000 7468.0000000000
3032.0000000000 7505.0000000000 3131.0000000000 7375.0000000000
3131.0000000000 7375.0000000000 3287.0000000000 3524.0000000000
3312.0000000000 2779.0000000000 3338.0000000000 2251.0000000000
2490.0000000000 1617.0000000000 2397.0000000000 779.0000000000
2397.0000000000 779.0000000000 2524.0000000000 676.0000000000
2416.0000000000 514.0000000000 2424.0000000000 298.0000000000
2538.0000000000 177.0000000000 2542.0000000000 0.0000000000
