22 4
-3726.0000000000 0.0000000000 -2761.0000000000 1229.0000000000
-2761.0000000000 1229.0000000000 -3577.0000000000 1902.0000000000
-3379.0000000000 2455.0000000000 -3103.0000000000 2513.0000000000
-7366.0000000000 6180.0000000000 -7157.0000000000 6444.0000000000
-12320.0000000000 11897.0000000000 -11801.0000000000 12655.0000000000
-7787.0000000000 8649.0000000000 -7677.0000000000 8832.0000000000
-6436.0000000000 8237.0000000000 -6413.0000000000 8510.0000000000
-5868.0000000000 8076.0000000000 -5287.0000000000 8799.0000000000
-5287.0000000000 8799.0000000000 -5104.0000000000 8841.0000000000
-5104.0000000000 8841.0000000000 -4719.0000000000 8514.0000000000
-4719.0000000000 8514.0000000000 -4451.0000000000 8736.0000000000
-4451.0000000000 8736.0000000000 -4124.0000000000 8455.0000000000
-3540.0000000000 7591.0000000000 -2627.0000000000 6844.0000000000
-1570.0000000000 4312.0000000000 -1338.0000000000 4119.0000000000
-1279.0000000000 4183.0000000000 -864.0000000000 3742.0000000000
-864.0000000000 3742.0000000000 -701.0000000000 3975.0000000000
-701.0000000000 3975.0000000000 -395.0000000000 3759.0000000000
-395.0000000000 3759.0000000000 -72.0000000000 4120.0000000000
443.0000000000 4215.0000000000 4136.0000000000 1265.0000000000
4630.0000000000 900.0000000000 4683.0000000000 742.0000000000
4683.0000000000 742.0000000000 4209.0000000000 147.0000000000
4209.0000000000 147.0000000000 4336.0000000000 0.0000000000
