12 4
-651.0000000000 91.0000000000 -1121.0000000000 259.0000000000
-6661.0000000000 1661.0000000000 -6580.0000000000 2138.0000000000
-4799.0000000000 1653.0000000000 -4620.0000000000 1682.0000000000
-3426.0000000000 1315.0000000000 -2706.0000000000 1379.0000000000
-2706.0000000000 1379.0000000000 -1865.0000000000 1211.0000000000
-1865.0000000000 1211.0000000000 -1789.0000000000 1398.0000000000
-1789.0000000000 1398.0000000000 -1128.0000000000 1128.0000000000
-1128.0000000000 1128.0000000000 -830.0000000000 1185.0000000000
-830.0000000000 1185.0000000000 -534.0000000000 2749.0000000000
-534.0000000000 2749.0000000000 2007.0000000000 2309.0000000000
1353.0000000000 1353.0000000000 1215.0000000000 593.0000000000
599.0000000000 183.0000000000 1269.0000000000 0.0000000000
