24 4
-1221.0000000000 0.0000000000 -1880.0000000000 264.0000000000
-3146.0000000000 498.0000000000 -3290.0000000000 580.0000000000
-2451.0000000000 703.0000000000 -2180.0000000000 708.0000000000
-3638.0000000000 1620.0000000000 -3455.0000000000 1995.0000000000
-3455.0000000000 1995.0000000000 -2803.0000000000 1751.0000000000
-2803.0000000000 1751.0000000000 -2594.0000000000 2176.0000000000
-1862.0000000000 1676.0000000000 -1663.0000000000 1663.0000000000
-1663.0000000000 1663.0000000000 -1448.0000000000 1922.0000000000
-1001.0000000000 1429.0000000000 -635.0000000000 1246.0000000000
-635.0000000000 1246.0000000000 199.0000000000 2843.0000000000
339.0000000000 3869.0000000000 715.0000000000 3677.0000000000
715.0000000000 3677.0000000000 901.0000000000 3904.0000000000
901.0000000000 3904.0000000000 1620.0000000000 3474.0000000000
3329.0000000000 6825.0000000000 3564.0000000000 6702.0000000000
3980.0000000000 7181.0000000000 3834.0000000000 6642.0000000000
3834.0000000000 6642.0000000000 4075.0000000000 6521.0000000000
1523.0000000000 2176.0000000000 660.0000000000 615.0000000000
660.0000000000 615.0000000000 1054.0000000000 405.0000000000
1054.0000000000 405.0000000000 1400.0000000000 510.0000000000
1400.0000000000 510.0000000000 1567.0000000000 391.0000000000
2580.0000000000 596.0000000000 2829.0000000000 550.0000000000
2848.0000000000 451.0000000000 3283.0000000000 461.0000000000
3283.0000000000 461.0000000000 3000.0000000000 262.0000000000
2845.0000000000 99.0000000000 3165.0000000000 55.0000000000
