30 4
-1687.0000000000 0.0000000000 -1990.0000000000 845.0000000000
-1990.0000000000 845.0000000000 -1337.0000000000 681.0000000000
-1337.0000000000 681.0000000000 -1537.0000000000 852.0000000000
-1537.0000000000 852.0000000000 -1245.0000000000 973.0000000000
-1245.0000000000 973.0000000000 -1053.0000000000 883.0000000000
-1053.0000000000 883.0000000000 -1202.0000000000 1045.0000000000
-1067.0000000000 995.0000000000 -1240.0000000000 1532.0000000000
-1240.0000000000 1532.0000000000 -670.0000000000 1745.0000000000
-670.0000000000 1745.0000000000 -418.0000000000 1458.0000000000
-418.0000000000 1458.0000000000 -453.0000000000 1690.0000000000
-453.0000000000 1690.0000000000 -352.0000000000 1525.0000000000
-352.0000000000 1525.0000000000 -330.0000000000 1869.0000000000
-330.0000000000 1869.0000000000 -141.0000000000 1345.0000000000
-141.0000000000 1345.0000000000 -135.0000000000 1937.0000000000
-135.0000000000 1937.0000000000 335.0000000000 2114.0000000000
335.0000000000 2114.0000000000 499.0000000000 2163.0000000000
499.0000000000 2163.0000000000 710.0000000000 1673.0000000000
710.0000000000 1673.0000000000 970.0000000000 1904.0000000000
970.0000000000 1904.0000000000 1206.0000000000 1929.0000000000
1206.0000000000 1929.0000000000 1170.0000000000 1671.0000000000
1170.0000000000 1671.0000000000 1319.0000000000 1414.0000000000
1319.0000000000 1414.0000000000 1906.0000000000 1657.0000000000
1906.0000000000 1657.0000000000 2028.0000000000 1317.0000000000
1524.0000000000 952.0000000000 2051.0000000000 1232.0000000000
2051.0000000000 1232.0000000000 1776.0000000000 1026.0000000000
1776.0000000000 1026.0000000000 2093.0000000000 1160.0000000000
2136.0000000000 1042.0000000000 1707.0000000000 796.0000000000
1707.0000000000 796.0000000000 2164.0000000000 964.0000000000
2164.0000000000 964.0000000000 2220.0000000000 808.0000000000
2255.0000000000 733.0000000000 2499.0000000000 0.0000000000
