16 4
-804.0000000000 0.0000000000 -777.0000000000 652.0000000000
-1921.0000000000 1670.0000000000 -1539.0000000000 1487.0000000000
-1539.0000000000 1487.0000000000 -795.0000000000 1434.0000000000
-795.0000000000 1434.0000000000 -680.0000000000 1684.0000000000
-1878.0000000000 6141.0000000000 -1853.0000000000 6461.0000000000
-1919.0000000000 7160.0000000000 -1909.0000000000 7656.0000000000
-1200.0000000000 6174.0000000000 -1121.0000000000 6358.0000000000
553.0000000000 6322.0000000000 1157.0000000000 5955.0000000000
1157.0000000000 5955.0000000000 1347.0000000000 6336.0000000000
1347.0000000000 6336.0000000000 1378.0000000000 5526.0000000000
1378.0000000000 5526.0000000000 1801.0000000000 5542.0000000000
859.0000000000 2494.0000000000 888.0000000000 2197.0000000000
888.0000000000 2197.0000000000 1047.0000000000 2352.0000000000
1047.0000000000 2352.0000000000 1297.0000000000 2340.0000000000
965.0000000000 1671.0000000000 840.0000000000 1398.0000000000
840.0000000000 1398.0000000000 732.0000000000 0.0000000000
