24 4
-839.0000000000 0.0000000000 -1604.0000000000 341.0000000000
-2980.0000000000 688.0000000000 -2148.0000000000 576.0000000000
-3127.0000000000 1264.0000000000 -2528.0000000000 1179.0000000000
-7889.0000000000 4555.0000000000 -7657.0000000000 5165.0000000000
-5825.0000000000 4079.0000000000 -5621.0000000000 4236.0000000000
-4855.0000000000 3793.0000000000 -4639.0000000000 4177.0000000000
-5301.0000000000 4943.0000000000 -4763.0000000000 5881.0000000000
-2782.0000000000 3561.0000000000 -2465.0000000000 3392.0000000000
-2465.0000000000 3392.0000000000 -2199.0000000000 3810.0000000000
-1405.0000000000 2535.0000000000 -1104.0000000000 2368.0000000000
-1104.0000000000 2368.0000000000 -565.0000000000 3204.0000000000
-160.0000000000 1518.0000000000 -40.0000000000 1142.0000000000
-40.0000000000 1142.0000000000 132.0000000000 2520.0000000000
284.0000000000 2704.0000000000 746.0000000000 2440.0000000000
746.0000000000 2440.0000000000 855.0000000000 2632.0000000000
855.0000000000 2632.0000000000 824.0000000000 2394.0000000000
824.0000000000 2394.0000000000 1308.0000000000 2094.0000000000
1308.0000000000 2094.0000000000 1139.0000000000 1754.0000000000
1139.0000000000 1754.0000000000 1426.0000000000 2036.0000000000
1426.0000000000 2036.0000000000 2378.0000000000 1486.0000000000
3920.0000000000 2355.0000000000 3515.0000000000 1714.0000000000
3515.0000000000 1714.0000000000 4981.0000000000 878.0000000000
6175.0000000000 868.0000000000 6393.0000000000 672.0000000000
6393.0000000000 672.0000000000 6218.0000000000 326.0000000000
