25 4
-11883.0000000000 623.0000000000 -12009.0000000000 1051.0000000000
-12009.0000000000 1051.0000000000 -11951.0000000000 1680.0000000000
-11945.0000000000 2106.0000000000 -11925.0000000000 2318.0000000000
-11916.0000000000 2751.0000000000 -11893.0000000000 4095.0000000000
-5578.0000000000 2030.0000000000 -5326.0000000000 2152.0000000000
-11840.0000000000 5026.0000000000 -11848.0000000000 5275.0000000000
-5570.0000000000 2838.0000000000 -5480.0000000000 3038.0000000000
-9856.0000000000 5691.0000000000 -6392.0000000000 5557.0000000000
-6392.0000000000 5557.0000000000 -6158.0000000000 5742.0000000000
-4983.0000000000 5160.0000000000 -3997.0000000000 5117.0000000000
-3953.0000000000 5246.0000000000 -3786.0000000000 5211.0000000000
-3786.0000000000 5211.0000000000 -3756.0000000000 5783.0000000000
-3756.0000000000 5783.0000000000 -3446.0000000000 5515.0000000000
-3446.0000000000 5515.0000000000 -1749.0000000000 5383.0000000000
-1749.0000000000 5383.0000000000 -1714.0000000000 6397.0000000000
-1137.0000000000 6446.0000000000 -900.0000000000 6406.0000000000
-900.0000000000 6406.0000000000 -840.0000000000 6840.0000000000
-625.0000000000 11932.0000000000 -0.0000000000 12039.0000000000
238.0000000000 13648.0000000000 1906.0000000000 13565.0000000000
2095.0000000000 11880.0000000000 2521.0000000000 11862.0000000000
1437.0000000000 6226.0000000000 1408.0000000000 5256.0000000000
1408.0000000000 5256.0000000000 1696.0000000000 5220.0000000000
1696.0000000000 5220.0000000000 1692.0000000000 4913.0000000000
2382.0000000000 4884.0000000000 2573.0000000000 4839.0000000000
2573.0000000000 4839.0000000000 2381.0000000000 292.0000000000
