14 4
-6449.0000000000 0.0000000000 -2677.0000000000 2496.0000000000
-2247.0000000000 2774.0000000000 -1560.0000000000 3199.0000000000
-1560.0000000000 3199.0000000000 -1059.0000000000 2495.0000000000
-1059.0000000000 2495.0000000000 -682.0000000000 2736.0000000000
-682.0000000000 2736.0000000000 -524.0000000000 2697.0000000000
-524.0000000000 2697.0000000000 2609.0000000000 4706.0000000000
3812.0000000000 6603.0000000000 4617.0000000000 7110.0000000000
4617.0000000000 7110.0000000000 5567.0000000000 5567.0000000000
6203.0000000000 4674.0000000000 6633.0000000000 3985.0000000000
2419.0000000000 1397.0000000000 1505.0000000000 734.0000000000
2128.0000000000 817.0000000000 1763.0000000000 573.0000000000
1061.0000000000 325.0000000000 1569.0000000000 450.0000000000
1569.0000000000 450.0000000000 1061.0000000000 112.0000000000
1061.0000000000 112.0000000000 1272.0000000000 0.0000000000
