14 4
-6305.0000000000 330.0000000000 -6188.0000000000 541.0000000000
-6188.0000000000 541.0000000000 -5640.0000000000 593.0000000000
-711.0000000000 151.0000000000 -64.0000000000 1831.0000000000
-50.0000000000 2867.0000000000 382.0000000000 2717.0000000000
382.0000000000 2717.0000000000 523.0000000000 2965.0000000000
523.0000000000 2965.0000000000 1275.0000000000 2614.0000000000
3153.0000000000 6187.0000000000 3179.0000000000 5978.0000000000
3179.0000000000 5978.0000000000 3404.0000000000 5896.0000000000
3986.0000000000 6634.0000000000 4242.0000000000 6532.0000000000
3796.0000000000 5628.0000000000 3764.0000000000 5180.0000000000
3764.0000000000 5180.0000000000 4135.0000000000 5292.0000000000
3306.0000000000 3803.0000000000 3213.0000000000 3569.0000000000
3213.0000000000 3569.0000000000 3346.0000000000 3465.0000000000
1326.0000000000 1326.0000000000 789.0000000000 0.0000000000
