25 4
-12060.0000000000 1268.0000000000 -11963.0000000000 1469.0000000000
-10639.0000000000 1876.0000000000 -10853.0000000000 2110.0000000000
-10853.0000000000 2110.0000000000 -10091.0000000000 2330.0000000000
-10091.0000000000 2330.0000000000 -10124.0000000000 3289.0000000000
-9610.0000000000 3498.0000000000 -9564.0000000000 3671.0000000000
-9564.0000000000 3671.0000000000 -9200.0000000000 3717.0000000000
-7911.0000000000 3522.0000000000 -7339.0000000000 3579.0000000000
-6877.0000000000 3657.0000000000 -6901.0000000000 3825.0000000000
-4390.0000000000 2535.0000000000 -4094.0000000000 2558.0000000000
-4073.0000000000 2645.0000000000 -3476.0000000000 2619.0000000000
-3476.0000000000 2619.0000000000 -3482.0000000000 2921.0000000000
-3482.0000000000 2921.0000000000 -3170.0000000000 2956.0000000000
-3170.0000000000 2956.0000000000 -3191.0000000000 3422.0000000000
-2898.0000000000 3846.0000000000 1675.0000000000 4364.0000000000
2358.0000000000 4434.0000000000 2572.0000000000 4456.0000000000
2572.0000000000 4456.0000000000 2700.0000000000 3583.0000000000
2700.0000000000 3583.0000000000 3164.0000000000 3639.0000000000
3164.0000000000 3639.0000000000 3291.0000000000 3530.0000000000
3291.0000000000 3530.0000000000 6797.0000000000 3924.0000000000
9284.0000000000 5146.0000000000 9791.0000000000 5206.0000000000
9791.0000000000 5206.0000000000 9871.0000000000 5029.0000000000
9871.0000000000 5029.0000000000 10022.0000000000 3451.0000000000
5211.0000000000 1013.0000000000 5295.0000000000 839.0000000000
3532.0000000000 496.0000000000 3674.0000000000 386.0000000000
3674.0000000000 386.0000000000 3704.0000000000 0.0000000000
