19 4
-3039.0000000000 0.0000000000 -2483.0000000000 619.0000000000
-2590.0000000000 743.0000000000 -1821.0000000000 1528.0000000000
-1821.0000000000 1528.0000000000 -1368.0000000000 1232.0000000000
-1368.0000000000 1232.0000000000 -638.0000000000 1962.0000000000
-638.0000000000 1962.0000000000 -619.0000000000 2159.0000000000
-532.0000000000 2133.0000000000 -542.0000000000 2548.0000000000
-542.0000000000 2548.0000000000 728.0000000000 3745.0000000000
1979.0000000000 9312.0000000000 2388.0000000000 8912.0000000000
2136.0000000000 7451.0000000000 2292.0000000000 6656.0000000000
2292.0000000000 6656.0000000000 2481.0000000000 6462.0000000000
2481.0000000000 6462.0000000000 2682.0000000000 6639.0000000000
2682.0000000000 6639.0000000000 2662.0000000000 6271.0000000000
2040.0000000000 4375.0000000000 2298.0000000000 4510.0000000000
3340.0000000000 6026.0000000000 3935.0000000000 6549.0000000000
4472.0000000000 6156.0000000000 7431.0000000000 3154.0000000000
7881.0000000000 2714.0000000000 8121.0000000000 2483.0000000000
8121.0000000000 2483.0000000000 7546.0000000000 1881.0000000000
7597.0000000000 1754.0000000000 7821.0000000000 1379.0000000000
7821.0000000000 1379.0000000000 9190.0000000000 0.0000000000
