16 4
-746.0000000000 132.0000000000 -898.0000000000 257.0000000000
-4500.0000000000 1549.0000000000 -4245.0000000000 2163.0000000000
-4245.0000000000 2163.0000000000 -3393.0000000000 1959.0000000000
-4203.0000000000 2525.0000000000 -4063.0000000000 2952.0000000000
-4063.0000000000 2952.0000000000 -2188.0000000000 2266.0000000000
-2188.0000000000 2266.0000000000 -1249.0000000000 2079.0000000000
-480.0000000000 984.0000000000 230.0000000000 3289.0000000000
299.0000000000 3412.0000000000 639.0000000000 3288.0000000000
5270.0000000000 21138.0000000000 6356.0000000000 20788.0000000000
7960.0000000000 23117.0000000000 8297.0000000000 22797.0000000000
8297.0000000000 22797.0000000000 8775.0000000000 22860.0000000000
3623.0000000000 8536.0000000000 3845.0000000000 8636.0000000000
1409.0000000000 3023.0000000000 1484.0000000000 2469.0000000000
1484.0000000000 2469.0000000000 1296.0000000000 1921.0000000000
1296.0000000000 1921.0000000000 1532.0000000000 1961.0000000000
1532.0000000000 1961.0000000000 938.0000000000 0.0000000000
