25 4
-1159.0000000000 142.0000000000 -1115.0000000000 341.0000000000
-1115.0000000000 341.0000000000 -1322.0000000000 430.0000000000
-1322.0000000000 430.0000000000 -833.0000000000 320.0000000000
-833.0000000000 320.0000000000 -1378.0000000000 585.0000000000
-1378.0000000000 585.0000000000 -1050.0000000000 1974.0000000000
-1050.0000000000 1974.0000000000 -617.0000000000 1386.0000000000
-617.0000000000 1386.0000000000 -671.0000000000 1661.0000000000
-671.0000000000 1661.0000000000 -349.0000000000 1643.0000000000
-349.0000000000 1643.0000000000 -272.0000000000 1399.0000000000
-272.0000000000 1399.0000000000 -290.0000000000 1834.0000000000
-290.0000000000 1834.0000000000 -210.0000000000 1497.0000000000
-210.0000000000 1497.0000000000 -71.0000000000 2040.0000000000
-71.0000000000 2040.0000000000 547.0000000000 1907.0000000000
547.0000000000 1907.0000000000 564.0000000000 1549.0000000000
694.0000000000 1559.0000000000 856.0000000000 1835.0000000000
856.0000000000 1835.0000000000 764.0000000000 1271.0000000000
1111.0000000000 1778.0000000000 1745.0000000000 1627.0000000000
1745.0000000000 1627.0000000000 1641.0000000000 1107.0000000000
1641.0000000000 1107.0000000000 2212.0000000000 1079.0000000000
2212.0000000000 1079.0000000000 2005.0000000000 575.0000000000
2005.0000000000 575.0000000000 2657.0000000000 469.0000000000
2657.0000000000 469.0000000000 2598.0000000000 227.0000000000
2598.0000000000 227.0000000000 2114.0000000000 148.0000000000
2114.0000000000 148.0000000000 2555.0000000000 89.0000000000
1957.0000000000 34.0000000000 2537.0000000000 0.0000000000
