20 4
-1943.0000000000 0.0000000000 -1586.0000000000 953.0000000000
-1540.0000000000 1078.0000000000 -1475.0000000000 1238.0000000000
-744.0000000000 744.0000000000 -1367.0000000000 1518.0000000000
-1367.0000000000 1518.0000000000 -1253.0000000000 1789.0000000000
-3830.0000000000 6129.0000000000 -3369.0000000000 5836.0000000000
-3369.0000000000 5836.0000000000 -1797.0000000000 5220.0000000000
-972.0000000000 2993.0000000000 -816.0000000000 3047.0000000000
-1252.0000000000 5020.0000000000 -1049.0000000000 4935.0000000000
-673.0000000000 4787.0000000000 79.0000000000 4519.0000000000
486.0000000000 5559.0000000000 1108.0000000000 6995.0000000000
2217.0000000000 10428.0000000000 2438.0000000000 10560.0000000000
2438.0000000000 10560.0000000000 2617.0000000000 10495.0000000000
8532.0000000000 27907.0000000000 9010.0000000000 27731.0000000000
1858.0000000000 4840.0000000000 3354.0000000000 4293.0000000000
3354.0000000000 4293.0000000000 3574.0000000000 4112.0000000000
1212.0000000000 728.0000000000 753.0000000000 174.0000000000
753.0000000000 174.0000000000 1323.0000000000 233.0000000000
1323.0000000000 233.0000000000 790.0000000000 111.0000000000
790.0000000000 111.0000000000 1010.0000000000 88.0000000000
1646.0000000000 115.0000000000 1530.0000000000 0.0000000000
