20 4
-3397.0000000000 0.0000000000 -3727.0000000000 392.0000000000
-3206.0000000000 682.0000000000 -3386.0000000000 1166.0000000000
-5204.0000000000 1894.0000000000 -7933.0000000000 4957.0000000000
-2208.0000000000 2208.0000000000 -1444.0000000000 2403.0000000000
-1444.0000000000 2403.0000000000 -1543.0000000000 2783.0000000000
-1543.0000000000 2783.0000000000 -1033.0000000000 2216.0000000000
-1033.0000000000 2216.0000000000 -257.0000000000 2933.0000000000
205.0000000000 2935.0000000000 971.0000000000 3625.0000000000
971.0000000000 3625.0000000000 1256.0000000000 4109.0000000000
1256.0000000000 4109.0000000000 1260.0000000000 3878.0000000000
1260.0000000000 3878.0000000000 1739.0000000000 4305.0000000000
4577.0000000000 10783.0000000000 4982.0000000000 10684.0000000000
4982.0000000000 10684.0000000000 5815.0000000000 11412.0000000000
5815.0000000000 11412.0000000000 7232.0000000000 9954.0000000000
7655.0000000000 9453.0000000000 7978.0000000000 9508.0000000000
12041.0000000000 12913.0000000000 12243.0000000000 12678.0000000000
13634.0000000000 13634.0000000000 14768.0000000000 12392.0000000000
8489.0000000000 6874.0000000000 8611.0000000000 6728.0000000000
8728.0000000000 6111.0000000000 8859.0000000000 5976.0000000000
3351.0000000000 2094.0000000000 1010.0000000000 0.0000000000
