18 4
-480.0000000000 0.0000000000 -375.0000000000 136.0000000000
-4381.0000000000 1682.0000000000 -5497.0000000000 3849.0000000000
-4294.0000000000 3236.0000000000 -4037.0000000000 3387.0000000000
-4037.0000000000 3387.0000000000 -4112.0000000000 3574.0000000000
-6553.0000000000 5900.0000000000 -7003.0000000000 6763.0000000000
-3023.0000000000 3131.0000000000 -2707.0000000000 3343.0000000000
-1213.0000000000 1610.0000000000 -252.0000000000 2053.0000000000
-252.0000000000 2053.0000000000 -273.0000000000 2600.0000000000
-273.0000000000 2600.0000000000 -159.0000000000 2276.0000000000
-159.0000000000 2276.0000000000 84.0000000000 2420.0000000000
84.0000000000 2420.0000000000 136.0000000000 2602.0000000000
136.0000000000 2602.0000000000 256.0000000000 2439.0000000000
256.0000000000 2439.0000000000 547.0000000000 2574.0000000000
547.0000000000 2574.0000000000 706.0000000000 3060.0000000000
706.0000000000 3060.0000000000 893.0000000000 2749.0000000000
893.0000000000 2749.0000000000 1567.0000000000 3213.0000000000
1567.0000000000 3213.0000000000 1759.0000000000 2815.0000000000
348.0000000000 536.0000000000 412.0000000000 0.0000000000
