16 4
-1596.0000000000 0.0000000000 -791.0000000000 713.0000000000
-791.0000000000 713.0000000000 -1072.0000000000 1476.0000000000
-1507.0000000000 2152.0000000000 -1296.0000000000 2339.0000000000
-2142.0000000000 4029.0000000000 -1967.0000000000 4218.0000000000
-1967.0000000000 4218.0000000000 -2024.0000000000 4546.0000000000
-2024.0000000000 4546.0000000000 -1926.0000000000 4768.0000000000
-1926.0000000000 4768.0000000000 -1730.0000000000 4506.0000000000
-1859.0000000000 5107.0000000000 -1027.0000000000 5822.0000000000
-1027.0000000000 5822.0000000000 -885.0000000000 5585.0000000000
-182.0000000000 1298.0000000000 2560.0000000000 3656.0000000000
6448.0000000000 8253.0000000000 6564.0000000000 8106.0000000000
6564.0000000000 8106.0000000000 6789.0000000000 8091.0000000000
10916.0000000000 11706.0000000000 11794.0000000000 10619.0000000000
2965.0000000000 1853.0000000000 3147.0000000000 1817.0000000000
3147.0000000000 1817.0000000000 3504.0000000000 1416.0000000000
3606.0000000000 1312.0000000000 4353.0000000000 304.0000000000
