23 4
-1636.0000000000 0.0000000000 -1682.0000000000 207.0000000000
-6151.0000000000 2485.0000000000 -5728.0000000000 2550.0000000000
-5054.0000000000 2357.0000000000 -5360.0000000000 2614.0000000000
-5360.0000000000 2614.0000000000 -4835.0000000000 2571.0000000000
-4835.0000000000 2571.0000000000 -4717.0000000000 2724.0000000000
-1842.0000000000 1338.0000000000 -1412.0000000000 1412.0000000000
-1412.0000000000 1412.0000000000 -1690.0000000000 3048.0000000000
-1692.0000000000 3183.0000000000 -1446.0000000000 3248.0000000000
-959.0000000000 2260.0000000000 -604.0000000000 2423.0000000000
-604.0000000000 2423.0000000000 -715.0000000000 3363.0000000000
-306.0000000000 1734.0000000000 31.0000000000 1765.0000000000
87.0000000000 1669.0000000000 253.0000000000 2059.0000000000
427.0000000000 2007.0000000000 388.0000000000 1682.0000000000
480.0000000000 1674.0000000000 562.0000000000 1263.0000000000
562.0000000000 1263.0000000000 1553.0000000000 1500.0000000000
2392.0000000000 2231.0000000000 2451.0000000000 1985.0000000000
2451.0000000000 1985.0000000000 2798.0000000000 2033.0000000000
4286.0000000000 3001.0000000000 4472.0000000000 3016.0000000000
5772.0000000000 3748.0000000000 5855.0000000000 3245.0000000000
13444.0000000000 5707.0000000000 13478.0000000000 5446.0000000000
6037.0000000000 2318.0000000000 6081.0000000000 1976.0000000000
4067.0000000000 1243.0000000000 4804.0000000000 1109.0000000000
2429.0000000000 341.0000000000 2593.0000000000 227.0000000000
