19 4
-7257.0000000000 0.0000000000 -7347.0000000000 385.0000000000
-7611.0000000000 1618.0000000000 -7674.0000000000 1913.0000000000
-7674.0000000000 1913.0000000000 -6935.0000000000 2120.0000000000
-6830.0000000000 2219.0000000000 -6878.0000000000 2503.0000000000
-6878.0000000000 2503.0000000000 -6318.0000000000 2425.0000000000
-2252.0000000000 1050.0000000000 -2372.0000000000 1261.0000000000
-7105.0000000000 3939.0000000000 -7496.0000000000 5857.0000000000
-4186.0000000000 3512.0000000000 -3819.0000000000 3320.0000000000
-3819.0000000000 3320.0000000000 -1624.0000000000 3827.0000000000
-1190.0000000000 2945.0000000000 -165.0000000000 3151.0000000000
-149.0000000000 4262.0000000000 -70.0000000000 4021.0000000000
69.0000000000 3957.0000000000 586.0000000000 4166.0000000000
586.0000000000 4166.0000000000 4412.0000000000 4900.0000000000
4829.0000000000 5001.0000000000 5267.0000000000 5086.0000000000
5267.0000000000 5086.0000000000 5749.0000000000 4824.0000000000
5749.0000000000 4824.0000000000 6372.0000000000 4978.0000000000
6514.0000000000 4561.0000000000 6499.0000000000 3905.0000000000
6530.0000000000 3770.0000000000 6705.0000000000 3717.0000000000
7122.0000000000 1514.0000000000 7340.0000000000 642.0000000000
