34 4
-633.0000000000 0.0000000000 -823.0000000000 534.0000000000
-823.0000000000 534.0000000000 -1244.0000000000 839.0000000000
-1244.0000000000 839.0000000000 -1300.0000000000 1016.0000000000
-6515.0000000000 5664.0000000000 -6244.0000000000 5822.0000000000
-2113.0000000000 2113.0000000000 -1895.0000000000 2180.0000000000
-1320.0000000000 1573.0000000000 -1162.0000000000 1435.0000000000
-1738.0000000000 2225.0000000000 -1554.0000000000 2304.0000000000
-2011.0000000000 3347.0000000000 -1801.0000000000 3249.0000000000
-5188.0000000000 13515.0000000000 -4742.0000000000 13771.0000000000
-4742.0000000000 13771.0000000000 -4228.0000000000 13830.0000000000
-845.0000000000 4348.0000000000 -699.0000000000 3962.0000000000
-699.0000000000 3962.0000000000 -436.0000000000 4152.0000000000
-237.0000000000 2704.0000000000 35.0000000000 2003.0000000000
128.0000000000 3663.0000000000 395.0000000000 3756.0000000000
395.0000000000 3756.0000000000 577.0000000000 4109.0000000000
577.0000000000 4109.0000000000 746.0000000000 3836.0000000000
746.0000000000 3836.0000000000 1168.0000000000 4074.0000000000
1168.0000000000 4074.0000000000 1322.0000000000 3839.0000000000
1322.0000000000 3839.0000000000 1583.0000000000 3917.0000000000
1583.0000000000 3917.0000000000 1856.0000000000 4371.0000000000
3266.0000000000 5436.0000000000 3788.0000000000 5616.0000000000
2793.0000000000 3706.0000000000 2928.0000000000 3252.0000000000
2928.0000000000 3252.0000000000 3390.0000000000 3510.0000000000
3390.0000000000 3510.0000000000 3269.0000000000 3269.0000000000
3423.0000000000 3306.0000000000 3383.0000000000 2940.0000000000
4026.0000000000 3145.0000000000 4747.0000000000 3449.0000000000
4747.0000000000 3449.0000000000 5166.0000000000 3355.0000000000
22678.0000000000 8254.0000000000 23504.0000000000 5860.0000000000
23504.0000000000 5860.0000000000 23204.0000000000 5357.0000000000
16625.0000000000 3232.0000000000 16726.0000000000 2949.0000000000
10288.0000000000 1081.0000000000 9785.0000000000 856.0000000000
9186.0000000000 642.0000000000 8952.0000000000 469.0000000000
8952.0000000000 469.0000000000 9007.0000000000 315.0000000000
9007.0000000000 315.0000000000 9507.0000000000 166.0000000000
