20 4
-3169.0000000000 0.0000000000 -3340.0000000000 410.0000000000
-2617.0000000000 368.0000000000 -2212.0000000000 511.0000000000
-2212.0000000000 511.0000000000 -2462.0000000000 1096.0000000000
-3833.0000000000 1787.0000000000 -2810.0000000000 2276.0000000000
-2007.0000000000 2569.0000000000 -1618.0000000000 2693.0000000000
-529.0000000000 916.0000000000 -521.0000000000 1603.0000000000
-903.0000000000 2955.0000000000 -544.0000000000 3086.0000000000
-586.0000000000 3701.0000000000 -446.0000000000 4242.0000000000
-446.0000000000 4242.0000000000 -268.0000000000 3830.0000000000
-343.0000000000 6549.0000000000 -0.0000000000 6695.0000000000
564.0000000000 3564.0000000000 1158.0000000000 3788.0000000000
696.0000000000 2141.0000000000 907.0000000000 1572.0000000000
907.0000000000 1572.0000000000 1334.0000000000 1707.0000000000
2842.0000000000 3510.0000000000 2808.0000000000 3346.0000000000
2422.0000000000 2597.0000000000 2517.0000000000 2347.0000000000
2517.0000000000 2347.0000000000 2279.0000000000 1981.0000000000
2279.0000000000 1981.0000000000 2367.0000000000 1720.0000000000
3315.0000000000 2321.0000000000 3704.0000000000 1348.0000000000
2038.0000000000 662.0000000000 2165.0000000000 228.0000000000
4076.0000000000 357.0000000000 4211.0000000000 0.0000000000
