23 4
-2023.0000000000 0.0000000000 -2284.0000000000 969.0000000000
-9120.0000000000 4060.0000000000 -8575.0000000000 4182.0000000000
-7735.0000000000 4113.0000000000 -6738.0000000000 4376.0000000000
-6738.0000000000 4376.0000000000 -6738.0000000000 4718.0000000000
-6738.0000000000 4718.0000000000 -6038.0000000000 4890.0000000000
-4602.0000000000 3862.0000000000 -4110.0000000000 3700.0000000000
-4110.0000000000 3700.0000000000 -3794.0000000000 3794.0000000000
-3794.0000000000 3794.0000000000 -3811.0000000000 4087.0000000000
-3811.0000000000 4087.0000000000 -3473.0000000000 3858.0000000000
-3473.0000000000 3858.0000000000 -3194.0000000000 3944.0000000000
-3194.0000000000 3944.0000000000 -3209.0000000000 4258.0000000000
-3209.0000000000 4258.0000000000 -2924.0000000000 4335.0000000000
-2924.0000000000 4335.0000000000 -3126.0000000000 5203.0000000000
-2504.0000000000 5370.0000000000 1617.0000000000 6484.0000000000
2298.0000000000 6673.0000000000 2543.0000000000 6624.0000000000
2543.0000000000 6624.0000000000 2743.0000000000 5883.0000000000
2743.0000000000 5883.0000000000 3189.0000000000 5997.0000000000
3267.0000000000 5894.0000000000 6876.0000000000 6876.0000000000
1063.0000000000 991.0000000000 1162.0000000000 814.0000000000
1162.0000000000 814.0000000000 987.0000000000 641.0000000000
4338.0000000000 2116.0000000000 4851.0000000000 596.0000000000
4851.0000000000 596.0000000000 3844.0000000000 269.0000000000
3844.0000000000 269.0000000000 3910.0000000000 0.0000000000
