13 4
-692.0000000000 0.0000000000 -547.0000000000 1353.0000000000
-1693.0000000000 4411.0000000000 -600.0000000000 4271.0000000000
-600.0000000000 4271.0000000000 -495.0000000000 4705.0000000000
-495.0000000000 4705.0000000000 -82.0000000000 4681.0000000000
113.0000000000 6471.0000000000 459.0000000000 6557.0000000000
459.0000000000 6557.0000000000 1144.0000000000 6489.0000000000
1144.0000000000 6489.0000000000 1470.0000000000 6368.0000000000
1470.0000000000 6368.0000000000 1511.0000000000 6059.0000000000
1454.0000000000 5428.0000000000 1390.0000000000 4547.0000000000
1390.0000000000 4547.0000000000 1829.0000000000 4527.0000000000
1829.0000000000 4527.0000000000 1825.0000000000 4098.0000000000
1825.0000000000 4098.0000000000 2430.0000000000 4045.0000000000
786.0000000000 1259.0000000000 668.0000000000 0.0000000000
