20 4
-4826.0000000000 0.0000000000 -5609.0000000000 491.0000000000
-1688.0000000000 267.0000000000 -1896.0000000000 473.0000000000
-13611.0000000000 3647.0000000000 -13113.0000000000 4515.0000000000
-12820.0000000000 4921.0000000000 -12709.0000000000 5135.0000000000
-16966.0000000000 7911.0000000000 -17264.0000000000 8420.0000000000
-17264.0000000000 8420.0000000000 -17138.0000000000 8732.0000000000
-18417.0000000000 9792.0000000000 -17829.0000000000 10713.0000000000
-10557.0000000000 6596.0000000000 -10429.0000000000 6773.0000000000
-1868.0000000000 1357.0000000000 -1556.0000000000 1172.0000000000
-1556.0000000000 1172.0000000000 -1386.0000000000 1435.0000000000
-1386.0000000000 1435.0000000000 -1726.0000000000 1986.0000000000
-3914.0000000000 5194.0000000000 -3755.0000000000 5363.0000000000
-3755.0000000000 5363.0000000000 -3568.0000000000 5289.0000000000
-3568.0000000000 5289.0000000000 -2115.0000000000 4151.0000000000
-1010.0000000000 2166.0000000000 -120.0000000000 3427.0000000000
-120.0000000000 3427.0000000000 -65.0000000000 3734.0000000000
-0.0000000000 5834.0000000000 392.0000000000 5603.0000000000
402.0000000000 4598.0000000000 829.0000000000 5232.0000000000
211.0000000000 1196.0000000000 1501.0000000000 402.0000000000
1501.0000000000 402.0000000000 1192.0000000000 0.0000000000
