31 4
-2821.0000000000 0.0000000000 -2610.0000000000 321.0000000000
-2610.0000000000 321.0000000000 -3781.0000000000 1376.0000000000
-4996.0000000000 1918.0000000000 -4874.0000000000 2069.0000000000
-4874.0000000000 2069.0000000000 -5620.0000000000 2863.0000000000
-7037.0000000000 3742.0000000000 -5841.0000000000 5077.0000000000
-6500.0000000000 5852.0000000000 -6666.0000000000 6216.0000000000
-6949.0000000000 7196.0000000000 -6739.0000000000 7484.0000000000
-5041.0000000000 6226.0000000000 -4815.0000000000 6390.0000000000
-3805.0000000000 5238.0000000000 -3521.0000000000 5029.0000000000
-3521.0000000000 5029.0000000000 -3373.0000000000 5194.0000000000
-3373.0000000000 5194.0000000000 -2493.0000000000 4318.0000000000
-2493.0000000000 4318.0000000000 -2346.0000000000 4412.0000000000
-2346.0000000000 4412.0000000000 -2394.0000000000 4698.0000000000
-2638.0000000000 5409.0000000000 -2441.0000000000 5236.0000000000
-1376.0000000000 3091.0000000000 -1125.0000000000 3091.0000000000
-1125.0000000000 3091.0000000000 -1065.0000000000 3279.0000000000
-727.0000000000 2916.0000000000 -410.0000000000 2323.0000000000
-410.0000000000 2323.0000000000 -108.0000000000 2065.0000000000
-108.0000000000 2065.0000000000 1041.0000000000 3403.0000000000
1916.0000000000 5563.0000000000 2099.0000000000 5467.0000000000
1852.0000000000 4583.0000000000 1971.0000000000 4427.0000000000
1971.0000000000 4427.0000000000 2174.0000000000 4458.0000000000
2891.0000000000 5673.0000000000 3402.0000000000 5238.0000000000
3402.0000000000 5238.0000000000 3270.0000000000 4848.0000000000
3270.0000000000 4848.0000000000 3568.0000000000 5096.0000000000
927.0000000000 1230.0000000000 1259.0000000000 948.0000000000
2447.0000000000 1651.0000000000 2143.0000000000 1339.0000000000
2143.0000000000 1339.0000000000 2728.0000000000 939.0000000000
2728.0000000000 939.0000000000 2585.0000000000 840.0000000000
2585.0000000000 840.0000000000 2943.0000000000 789.0000000000
2943.0000000000 789.0000000000 2536.0000000000 356.0000000000
