32 4
-2297.0000000000 0.0000000000 -2097.0000000000 73.0000000000
-2097.0000000000 73.0000000000 -2336.0000000000 204.0000000000
-2336.0000000000 204.0000000000 -1953.0000000000 205.0000000000
-4076.0000000000 1324.0000000000 -3622.0000000000 1318.0000000000
-3622.0000000000 1318.0000000000 -4083.0000000000 1567.0000000000
-4083.0000000000 1567.0000000000 -3658.0000000000 1478.0000000000
-2439.0000000000 1035.0000000000 -2097.0000000000 933.0000000000
-2097.0000000000 933.0000000000 -2239.0000000000 1044.0000000000
-2239.0000000000 1044.0000000000 -1980.0000000000 1053.0000000000
-1980.0000000000 1053.0000000000 -1917.0000000000 1666.0000000000
-1917.0000000000 1666.0000000000 -1545.0000000000 1716.0000000000
-1545.0000000000 1716.0000000000 -1337.0000000000 1909.0000000000
-1337.0000000000 1909.0000000000 -1305.0000000000 2561.0000000000
-1305.0000000000 2561.0000000000 -1480.0000000000 3033.0000000000
-1480.0000000000 3033.0000000000 -1421.0000000000 4375.0000000000
-1832.0000000000 5992.0000000000 -1623.0000000000 6056.0000000000
-1623.0000000000 6056.0000000000 -1430.0000000000 5737.0000000000
-1430.0000000000 5737.0000000000 -1256.0000000000 5909.0000000000
-1256.0000000000 5909.0000000000 -1204.0000000000 6196.0000000000
-1470.0000000000 8336.0000000000 -586.0000000000 8377.0000000000
1176.0000000000 6672.0000000000 1191.0000000000 6128.0000000000
1191.0000000000 6128.0000000000 1753.0000000000 6112.0000000000
1753.0000000000 6112.0000000000 2110.0000000000 6494.0000000000
2280.0000000000 6263.0000000000 2459.0000000000 6407.0000000000
2991.0000000000 4787.0000000000 3718.0000000000 4759.0000000000
7686.0000000000 7959.0000000000 7825.0000000000 7825.0000000000
4435.0000000000 4136.0000000000 4421.0000000000 3843.0000000000
4421.0000000000 3843.0000000000 4618.0000000000 3739.0000000000
4618.0000000000 3739.0000000000 4382.0000000000 3424.0000000000
4382.0000000000 3424.0000000000 4249.0000000000 2759.0000000000
3049.0000000000 1690.0000000000 2566.0000000000 1364.0000000000
4997.0000000000 971.0000000000 4982.0000000000 700.0000000000
