10 4
-939.0000000000 0.0000000000 -2472.0000000000 1050.0000000000
-2472.0000000000 1050.0000000000 -2558.0000000000 1193.0000000000
-2558.0000000000 1193.0000000000 -2371.0000000000 1482.0000000000
-17752.0000000000 11528.0000000000 -17103.0000000000 12426.0000000000
-6599.0000000000 5942.0000000000 -6348.0000000000 6348.0000000000
-1905.0000000000 2116.0000000000 -1032.0000000000 1717.0000000000
-951.0000000000 1788.0000000000 -1022.0000000000 2006.0000000000
-1022.0000000000 2006.0000000000 -773.0000000000 1585.0000000000
-773.0000000000 1585.0000000000 -700.0000000000 1822.0000000000
-700.0000000000 1822.0000000000 1951.0000000000 0.0000000000
