24 4
-5682.0000000000 0.0000000000 -5811.0000000000 817.0000000000
-8001.0000000000 1267.0000000000 -7289.0000000000 1417.0000000000
-2880.0000000000 612.0000000000 -1111.0000000000 899.0000000000
-1111.0000000000 899.0000000000 -1244.0000000000 1431.0000000000
-2119.0000000000 2526.0000000000 -1702.0000000000 2621.0000000000
-1702.0000000000 2621.0000000000 -1738.0000000000 3010.0000000000
-2903.0000000000 5236.0000000000 -2684.0000000000 5269.0000000000
-1959.0000000000 5383.0000000000 -1074.0000000000 5528.0000000000
-1825.0000000000 11522.0000000000 -1629.0000000000 11592.0000000000
-2678.0000000000 21814.0000000000 -2279.0000000000 21688.0000000000
-819.0000000000 11714.0000000000 -409.0000000000 11720.0000000000
362.0000000000 6911.0000000000 447.0000000000 6388.0000000000
421.0000000000 4817.0000000000 539.0000000000 4388.0000000000
539.0000000000 4388.0000000000 691.0000000000 4918.0000000000
691.0000000000 4918.0000000000 1153.0000000000 4993.0000000000
1594.0000000000 5950.0000000000 1749.0000000000 5383.0000000000
1749.0000000000 5383.0000000000 2142.0000000000 5579.0000000000
1468.0000000000 3459.0000000000 1742.0000000000 1682.0000000000
1742.0000000000 1682.0000000000 2185.0000000000 1707.0000000000
2185.0000000000 1707.0000000000 2251.0000000000 1300.0000000000
2251.0000000000 1300.0000000000 4062.0000000000 1479.0000000000
4062.0000000000 1479.0000000000 4274.0000000000 831.0000000000
4274.0000000000 831.0000000000 4271.0000000000 149.0000000000
4271.0000000000 149.0000000000 3722.0000000000 0.0000000000
