22 4
-1577.0000000000 0.0000000000 -1645.0000000000 1240.0000000000
-1645.0000000000 1240.0000000000 -1290.0000000000 1082.0000000000
-1289.0000000000 1202.0000000000 -663.0000000000 1196.0000000000
-663.0000000000 1196.0000000000 -643.0000000000 1591.0000000000
-891.0000000000 2320.0000000000 -968.0000000000 2659.0000000000
-2576.0000000000 8982.0000000000 -1744.0000000000 8971.0000000000
-1237.0000000000 7013.0000000000 -866.0000000000 7055.0000000000
-316.0000000000 3008.0000000000 -53.0000000000 3058.0000000000
312.0000000000 8949.0000000000 1098.0000000000 8943.0000000000
798.0000000000 5677.0000000000 871.0000000000 5500.0000000000
871.0000000000 5500.0000000000 1065.0000000000 5481.0000000000
1065.0000000000 5481.0000000000 1312.0000000000 5684.0000000000
1312.0000000000 5684.0000000000 1280.0000000000 4464.0000000000
1280.0000000000 4464.0000000000 1777.0000000000 4398.0000000000
1286.0000000000 3029.0000000000 1372.0000000000 2113.0000000000
1468.0000000000 2097.0000000000 1172.0000000000 1555.0000000000
1799.0000000000 2143.0000000000 1553.0000000000 1608.0000000000
981.0000000000 915.0000000000 1048.0000000000 557.0000000000
1048.0000000000 557.0000000000 853.0000000000 416.0000000000
853.0000000000 416.0000000000 812.0000000000 129.0000000000
812.0000000000 129.0000000000 1398.0000000000 172.0000000000
1398.0000000000 172.0000000000 1397.0000000000 0.0000000000
