18 4
-762.0000000000 0.0000000000 -691.0000000000 159.0000000000
-691.0000000000 159.0000000000 -2279.0000000000 921.0000000000
-7415.0000000000 3301.0000000000 -7768.0000000000 3622.0000000000
-7768.0000000000 3622.0000000000 -7637.0000000000 3891.0000000000
-7511.0000000000 4164.0000000000 -7264.0000000000 4717.0000000000
-7264.0000000000 4717.0000000000 -7080.0000000000 4776.0000000000
-5043.0000000000 3800.0000000000 -2996.0000000000 2793.0000000000
-2996.0000000000 2793.0000000000 -2780.0000000000 3198.0000000000
-1752.0000000000 2243.0000000000 -79.0000000000 1511.0000000000
-79.0000000000 1511.0000000000 142.0000000000 2033.0000000000
142.0000000000 2033.0000000000 297.0000000000 2116.0000000000
297.0000000000 2116.0000000000 418.0000000000 2638.0000000000
993.0000000000 3247.0000000000 1422.0000000000 3050.0000000000
1422.0000000000 3050.0000000000 1576.0000000000 3230.0000000000
1579.0000000000 3098.0000000000 1932.0000000000 3092.0000000000
964.0000000000 1484.0000000000 547.0000000000 510.0000000000
547.0000000000 510.0000000000 775.0000000000 412.0000000000
775.0000000000 412.0000000000 629.0000000000 44.0000000000
