14 4
-670.0000000000 0.0000000000 -620.0000000000 189.0000000000
-620.0000000000 189.0000000000 -1058.0000000000 427.0000000000
-6296.0000000000 2673.0000000000 -6095.0000000000 3241.0000000000
-4441.0000000000 2462.0000000000 -4258.0000000000 2459.0000000000
-3131.0000000000 1881.0000000000 -2417.0000000000 1822.0000000000
-2417.0000000000 1822.0000000000 -1608.0000000000 1500.0000000000
-1608.0000000000 1500.0000000000 -1493.0000000000 1658.0000000000
-1493.0000000000 1658.0000000000 -898.0000000000 1282.0000000000
-898.0000000000 1282.0000000000 -601.0000000000 1290.0000000000
-601.0000000000 1290.0000000000 -48.0000000000 2770.0000000000
-48.0000000000 2770.0000000000 2409.0000000000 1882.0000000000
1564.0000000000 1055.0000000000 1302.0000000000 325.0000000000
1302.0000000000 325.0000000000 653.0000000000 139.0000000000
653.0000000000 139.0000000000 749.0000000000 0.0000000000
