34 4
-1413.0000000000 0.0000000000 -1899.0000000000 301.0000000000
-1899.0000000000 301.0000000000 -1588.0000000000 809.0000000000
-1588.0000000000 809.0000000000 -1334.0000000000 709.0000000000
-1157.0000000000 872.0000000000 -1391.0000000000 1126.0000000000
-1391.0000000000 1126.0000000000 -908.0000000000 846.0000000000
-908.0000000000 846.0000000000 -1293.0000000000 1293.0000000000
-1293.0000000000 1293.0000000000 -918.0000000000 1883.0000000000
-918.0000000000 1883.0000000000 -468.0000000000 1631.0000000000
-359.0000000000 1690.0000000000 -386.0000000000 1985.0000000000
-386.0000000000 1985.0000000000 -226.0000000000 2151.0000000000
-226.0000000000 2151.0000000000 -137.0000000000 1961.0000000000
-137.0000000000 1961.0000000000 157.0000000000 1792.0000000000
157.0000000000 1792.0000000000 503.0000000000 2365.0000000000
503.0000000000 2365.0000000000 762.0000000000 2212.0000000000
762.0000000000 2212.0000000000 601.0000000000 1651.0000000000
601.0000000000 1651.0000000000 831.0000000000 2165.0000000000
831.0000000000 2165.0000000000 645.0000000000 1519.0000000000
937.0000000000 2105.0000000000 1070.0000000000 2012.0000000000
1070.0000000000 2012.0000000000 985.0000000000 1776.0000000000
985.0000000000 1776.0000000000 1136.0000000000 1968.0000000000
1136.0000000000 1968.0000000000 1307.0000000000 1866.0000000000
1375.0000000000 1825.0000000000 2060.0000000000 1390.0000000000
3818.0000000000 2294.0000000000 4095.0000000000 2365.0000000000
4095.0000000000 2365.0000000000 4304.0000000000 2193.0000000000
4304.0000000000 2193.0000000000 4502.0000000000 2196.0000000000
4502.0000000000 2196.0000000000 4416.0000000000 2059.0000000000
4416.0000000000 2059.0000000000 4662.0000000000 1884.0000000000
4662.0000000000 1884.0000000000 5213.0000000000 2001.0000000000
2690.0000000000 926.0000000000 2162.0000000000 459.0000000000
2162.0000000000 459.0000000000 2644.0000000000 514.0000000000
2644.0000000000 514.0000000000 2544.0000000000 358.0000000000
2544.0000000000 358.0000000000 2075.0000000000 255.0000000000
2075.0000000000 255.0000000000 1974.0000000000 34.0000000000
1974.0000000000 34.0000000000 1404.0000000000 0.0000000000
