24 4
-2842.0000000000 50.0000000000 -3124.0000000000 164.0000000000
-3270.0000000000 344.0000000000 -3341.0000000000 529.0000000000
-3341.0000000000 529.0000000000 -3785.0000000000 736.0000000000
-3785.0000000000 736.0000000000 -4368.0000000000 1336.0000000000
-2068.0000000000 672.0000000000 -2311.0000000000 1078.0000000000
-1684.0000000000 1364.0000000000 -1321.0000000000 1108.0000000000
-1321.0000000000 1108.0000000000 -1807.0000000000 1627.0000000000
-1807.0000000000 1627.0000000000 -1676.0000000000 1862.0000000000
-1676.0000000000 1862.0000000000 -1250.0000000000 1543.0000000000
-1250.0000000000 1543.0000000000 -1525.0000000000 1952.0000000000
203.0000000000 2908.0000000000 284.0000000000 3251.0000000000
456.0000000000 3713.0000000000 681.0000000000 3501.0000000000
681.0000000000 3501.0000000000 927.0000000000 3717.0000000000
927.0000000000 3717.0000000000 1132.0000000000 4223.0000000000
1132.0000000000 4223.0000000000 1255.0000000000 4104.0000000000
1255.0000000000 4104.0000000000 1491.0000000000 4330.0000000000
4998.0000000000 7998.0000000000 5117.0000000000 7880.0000000000
5361.0000000000 7657.0000000000 5488.0000000000 7553.0000000000
2340.0000000000 2788.0000000000 2485.0000000000 2665.0000000000
5994.0000000000 2923.0000000000 6113.0000000000 2721.0000000000
4768.0000000000 1189.0000000000 4929.0000000000 1138.0000000000
4929.0000000000 1138.0000000000 4756.0000000000 924.0000000000
3588.0000000000 633.0000000000 3463.0000000000 487.0000000000
4093.0000000000 143.0000000000 4185.0000000000 0.0000000000
