32 4
-1714.0000000000 0.0000000000 -1992.0000000000 571.0000000000
-1992.0000000000 571.0000000000 -1320.0000000000 454.0000000000
-1320.0000000000 454.0000000000 -1553.0000000000 596.0000000000
-1553.0000000000 596.0000000000 -1289.0000000000 775.0000000000
-1289.0000000000 775.0000000000 -1067.0000000000 693.0000000000
-1067.0000000000 693.0000000000 -1316.0000000000 922.0000000000
-1316.0000000000 922.0000000000 -1103.0000000000 801.0000000000
-1103.0000000000 801.0000000000 -1357.0000000000 1311.0000000000
-1357.0000000000 1311.0000000000 -823.0000000000 1615.0000000000
-823.0000000000 1615.0000000000 -676.0000000000 1386.0000000000
-676.0000000000 1386.0000000000 -563.0000000000 1548.0000000000
-563.0000000000 1548.0000000000 -458.0000000000 1409.0000000000
-458.0000000000 1409.0000000000 -511.0000000000 1783.0000000000
-511.0000000000 1783.0000000000 -226.0000000000 1283.0000000000
-300.0000000000 1896.0000000000 273.0000000000 2220.0000000000
273.0000000000 2220.0000000000 537.0000000000 1756.0000000000
537.0000000000 1756.0000000000 972.0000000000 2085.0000000000
972.0000000000 2085.0000000000 1160.0000000000 1597.0000000000
1160.0000000000 1597.0000000000 1734.0000000000 1926.0000000000
1734.0000000000 1926.0000000000 1901.0000000000 1539.0000000000
1975.0000000000 1488.0000000000 2054.0000000000 1334.0000000000
2054.0000000000 1334.0000000000 1678.0000000000 1049.0000000000
1678.0000000000 1049.0000000000 2099.0000000000 1261.0000000000
2099.0000000000 1261.0000000000 2184.0000000000 1113.0000000000
2227.0000000000 1038.0000000000 2309.0000000000 886.0000000000
2309.0000000000 886.0000000000 1996.0000000000 726.0000000000
2031.0000000000 621.0000000000 2463.0000000000 614.0000000000
2463.0000000000 614.0000000000 2072.0000000000 365.0000000000
2072.0000000000 365.0000000000 2610.0000000000 321.0000000000
4504.0000000000 473.0000000000 4596.0000000000 241.0000000000
4596.0000000000 241.0000000000 4864.0000000000 170.0000000000
4864.0000000000 170.0000000000 4906.0000000000 0.0000000000
