20 4
-1694.0000000000 0.0000000000 -1710.0000000000 726.0000000000
-1710.0000000000 726.0000000000 -999.0000000000 487.0000000000
-864.0000000000 628.0000000000 -1475.0000000000 1238.0000000000
-1475.0000000000 1238.0000000000 -1035.0000000000 1233.0000000000
-1035.0000000000 1233.0000000000 -1085.0000000000 1737.0000000000
-585.0000000000 1148.0000000000 -715.0000000000 1685.0000000000
-715.0000000000 1685.0000000000 -477.0000000000 1662.0000000000
-477.0000000000 1662.0000000000 -494.0000000000 1844.0000000000
-874.0000000000 3506.0000000000 -884.0000000000 4159.0000000000
-652.0000000000 7452.0000000000 -0.0000000000 7585.0000000000
93.0000000000 5352.0000000000 281.0000000000 5353.0000000000
314.0000000000 4496.0000000000 793.0000000000 4498.0000000000
1062.0000000000 5462.0000000000 2551.0000000000 5470.0000000000
1235.0000000000 2532.0000000000 1277.0000000000 2212.0000000000
1277.0000000000 2212.0000000000 1742.0000000000 2229.0000000000
1742.0000000000 2229.0000000000 1953.0000000000 2411.0000000000
1953.0000000000 2411.0000000000 1959.0000000000 1764.0000000000
1084.0000000000 942.0000000000 1106.0000000000 516.0000000000
1106.0000000000 516.0000000000 2097.0000000000 523.0000000000
2097.0000000000 523.0000000000 2100.0000000000 0.0000000000
