21 4
-605.0000000000 0.0000000000 -552.0000000000 169.0000000000
-552.0000000000 169.0000000000 -273.0000000000 100.0000000000
-273.0000000000 100.0000000000 -529.0000000000 225.0000000000
-529.0000000000 225.0000000000 -473.0000000000 397.0000000000
-473.0000000000 397.0000000000 -246.0000000000 221.0000000000
-246.0000000000 221.0000000000 -457.0000000000 441.0000000000
-457.0000000000 441.0000000000 -254.0000000000 1020.0000000000
-254.0000000000 1020.0000000000 -100.0000000000 569.0000000000
-100.0000000000 569.0000000000 -96.0000000000 913.0000000000
469.0000000000 8951.0000000000 1522.0000000000 8630.0000000000
1522.0000000000 8630.0000000000 2136.0000000000 8568.0000000000
4650.0000000000 13505.0000000000 4887.0000000000 13427.0000000000
4887.0000000000 13427.0000000000 5247.0000000000 13668.0000000000
6873.0000000000 13490.0000000000 7118.0000000000 13387.0000000000
7046.0000000000 12712.0000000000 7784.0000000000 12457.0000000000
7784.0000000000 12457.0000000000 7935.0000000000 12219.0000000000
4572.0000000000 6529.0000000000 4866.0000000000 6458.0000000000
4866.0000000000 6458.0000000000 4774.0000000000 6110.0000000000
5575.0000000000 5773.0000000000 4317.0000000000 2013.0000000000
4100.0000000000 1412.0000000000 3921.0000000000 834.0000000000
2939.0000000000 571.0000000000 2604.0000000000 0.0000000000
