16 4
-1911.0000000000 584.0000000000 -1962.0000000000 1894.0000000000
-1367.0000000000 1814.0000000000 -1207.0000000000 2269.0000000000
-2185.0000000000 4288.0000000000 -2367.0000000000 7743.0000000000
273.0000000000 3901.0000000000 373.0000000000 3548.0000000000
369.0000000000 2329.0000000000 1066.0000000000 2004.0000000000
1066.0000000000 2004.0000000000 1255.0000000000 2174.0000000000
1255.0000000000 2174.0000000000 1293.0000000000 1597.0000000000
1293.0000000000 1597.0000000000 2297.0000000000 1669.0000000000
3128.0000000000 2110.0000000000 2732.0000000000 1641.0000000000
3155.0000000000 1749.0000000000 2752.0000000000 1342.0000000000
2752.0000000000 1342.0000000000 4734.0000000000 1447.0000000000
11394.0000000000 3267.0000000000 11442.0000000000 2432.0000000000
12616.0000000000 1773.0000000000 13047.0000000000 1602.0000000000
18168.0000000000 1589.0000000000 18177.0000000000 1271.0000000000
18177.0000000000 1271.0000000000 18416.0000000000 965.0000000000
19914.0000000000 695.0000000000 19937.0000000000 0.0000000000
