24 4
-2367.0000000000 0.0000000000 -2426.0000000000 298.0000000000
-2426.0000000000 298.0000000000 -2603.0000000000 366.0000000000
-2603.0000000000 366.0000000000 -2451.0000000000 432.0000000000
-2451.0000000000 432.0000000000 -2535.0000000000 923.0000000000
-2580.0000000000 1095.0000000000 -2175.0000000000 1061.0000000000
-2705.0000000000 1756.0000000000 -2883.0000000000 2252.0000000000
-3753.0000000000 3039.0000000000 -4048.0000000000 4495.0000000000
-4846.0000000000 5575.0000000000 -4820.0000000000 5744.0000000000
-4820.0000000000 5744.0000000000 -4118.0000000000 5882.0000000000
-2829.0000000000 4194.0000000000 -2413.0000000000 4354.0000000000
-2413.0000000000 4354.0000000000 -2585.0000000000 5074.0000000000
-2747.0000000000 5891.0000000000 -2745.0000000000 6166.0000000000
-2626.0000000000 6188.0000000000 -2420.0000000000 5991.0000000000
-2420.0000000000 5991.0000000000 -2396.0000000000 6243.0000000000
-2396.0000000000 6243.0000000000 -2162.0000000000 6280.0000000000
-1934.0000000000 6325.0000000000 -1142.0000000000 6478.0000000000
-494.0000000000 3122.0000000000 -295.0000000000 3377.0000000000
-462.0000000000 6613.0000000000 -117.0000000000 6680.0000000000
-0.0000000000 2848.0000000000 149.0000000000 2124.0000000000
149.0000000000 2124.0000000000 1126.0000000000 2308.0000000000
497.0000000000 975.0000000000 515.0000000000 388.0000000000
515.0000000000 388.0000000000 1235.0000000000 524.0000000000
1235.0000000000 524.0000000000 599.0000000000 218.0000000000
599.0000000000 218.0000000000 679.0000000000 0.0000000000
