19 4
-774.0000000000 0.0000000000 -932.0000000000 1681.0000000000
-1805.0000000000 3394.0000000000 -1850.0000000000 3630.0000000000
-1850.0000000000 3630.0000000000 -1601.0000000000 3596.0000000000
-1072.0000000000 2526.0000000000 -1245.0000000000 4994.0000000000
-3104.0000000000 17606.0000000000 -1861.0000000000 17702.0000000000
-1641.0000000000 18757.0000000000 -1322.0000000000 18910.0000000000
373.0000000000 5335.0000000000 482.0000000000 5513.0000000000
482.0000000000 5513.0000000000 1187.0000000000 5583.0000000000
624.0000000000 2703.0000000000 695.0000000000 1719.0000000000
695.0000000000 1719.0000000000 948.0000000000 1710.0000000000
948.0000000000 1710.0000000000 909.0000000000 1251.0000000000
909.0000000000 1251.0000000000 1250.0000000000 1659.0000000000
1250.0000000000 1659.0000000000 874.0000000000 938.0000000000
874.0000000000 938.0000000000 932.0000000000 728.0000000000
932.0000000000 728.0000000000 1335.0000000000 802.0000000000
1335.0000000000 802.0000000000 1356.0000000000 548.0000000000
1356.0000000000 548.0000000000 927.0000000000 337.0000000000
927.0000000000 337.0000000000 942.0000000000 166.0000000000
942.0000000000 166.0000000000 1448.0000000000 152.0000000000
