25 4
-954.0000000000 0.0000000000 -950.0000000000 950.0000000000
-950.0000000000 950.0000000000 -1127.0000000000 1343.0000000000
-2804.0000000000 4487.0000000000 -2254.0000000000 4423.0000000000
-2254.0000000000 4423.0000000000 -2235.0000000000 5019.0000000000
-2858.0000000000 7073.0000000000 -2841.0000000000 7400.0000000000
-2841.0000000000 7400.0000000000 -2457.0000000000 7563.0000000000
-1331.0000000000 4354.0000000000 -1324.0000000000 4619.0000000000
-1324.0000000000 4619.0000000000 -1182.0000000000 4410.0000000000
-1182.0000000000 4410.0000000000 -777.0000000000 4408.0000000000
-777.0000000000 4408.0000000000 -662.0000000000 4709.0000000000
-662.0000000000 4709.0000000000 -459.0000000000 4365.0000000000
-459.0000000000 4365.0000000000 -330.0000000000 4716.0000000000
-330.0000000000 4716.0000000000 -81.0000000000 4646.0000000000
-81.0000000000 4646.0000000000 76.0000000000 4371.0000000000
76.0000000000 4371.0000000000 623.0000000000 4436.0000000000
623.0000000000 4436.0000000000 771.0000000000 4869.0000000000
946.0000000000 4449.0000000000 1258.0000000000 4388.0000000000
1258.0000000000 4388.0000000000 1281.0000000000 3942.0000000000
1281.0000000000 3942.0000000000 2188.0000000000 3947.0000000000
2567.0000000000 4446.0000000000 2785.0000000000 4457.0000000000
4156.0000000000 5515.0000000000 4230.0000000000 5224.0000000000
4230.0000000000 5224.0000000000 4073.0000000000 4524.0000000000
4073.0000000000 4524.0000000000 4524.0000000000 4684.0000000000
1116.0000000000 1077.0000000000 1064.0000000000 717.0000000000
1207.0000000000 669.0000000000 1213.0000000000 0.0000000000
