18 4
-498.0000000000 0.0000000000 -382.0000000000 132.0000000000
-3588.0000000000 1306.0000000000 -4531.0000000000 5032.0000000000
-3577.0000000000 4115.0000000000 -3276.0000000000 4046.0000000000
-3276.0000000000 4046.0000000000 -3237.0000000000 4296.0000000000
-5009.0000000000 6894.0000000000 -5121.0000000000 7313.0000000000
-2265.0000000000 3625.0000000000 -1919.0000000000 3767.0000000000
-804.0000000000 1724.0000000000 206.0000000000 1963.0000000000
206.0000000000 1963.0000000000 352.0000000000 2506.0000000000
352.0000000000 2506.0000000000 342.0000000000 2158.0000000000
342.0000000000 2158.0000000000 597.0000000000 2229.0000000000
597.0000000000 2229.0000000000 701.0000000000 2446.0000000000
701.0000000000 2446.0000000000 767.0000000000 2229.0000000000
767.0000000000 2229.0000000000 1058.0000000000 2269.0000000000
1058.0000000000 2269.0000000000 1376.0000000000 2700.0000000000
1376.0000000000 2700.0000000000 1486.0000000000 2379.0000000000
1486.0000000000 2379.0000000000 2243.0000000000 2673.0000000000
2243.0000000000 2673.0000000000 2450.0000000000 1984.0000000000
435.0000000000 340.0000000000 391.0000000000 0.0000000000
