20 4
-1927.0000000000 0.0000000000 -2084.0000000000 558.0000000000
-4005.0000000000 1224.0000000000 -2819.0000000000 1499.0000000000
-2819.0000000000 1499.0000000000 -2253.0000000000 1301.0000000000
-2253.0000000000 1301.0000000000 -2484.0000000000 2237.0000000000
-2484.0000000000 2237.0000000000 -2198.0000000000 2050.0000000000
-2198.0000000000 2050.0000000000 -2474.0000000000 2389.0000000000
-2474.0000000000 2389.0000000000 -1973.0000000000 2526.0000000000
-1973.0000000000 2526.0000000000 -1743.0000000000 2314.0000000000
-1743.0000000000 2314.0000000000 -1860.0000000000 2560.0000000000
-1860.0000000000 2560.0000000000 -1717.0000000000 2749.0000000000
-1717.0000000000 2749.0000000000 -2180.0000000000 4470.0000000000
-2778.0000000000 5957.0000000000 -2601.0000000000 5843.0000000000
-3610.0000000000 10485.0000000000 -3432.0000000000 10561.0000000000
-2879.0000000000 10744.0000000000 -2125.0000000000 10934.0000000000
-994.0000000000 6277.0000000000 -951.0000000000 6767.0000000000
-512.0000000000 7317.0000000000 -0.0000000000 5903.0000000000
-0.0000000000 5903.0000000000 309.0000000000 4422.0000000000
309.0000000000 4422.0000000000 1174.0000000000 1503.0000000000
1063.0000000000 451.0000000000 1148.0000000000 265.0000000000
1493.0000000000 290.0000000000 1584.0000000000 0.0000000000
