13 4
-745.0000000000 0.0000000000 -683.0000000000 363.0000000000
-2079.0000000000 1249.0000000000 -1913.0000000000 2732.0000000000
-1748.0000000000 4553.0000000000 -1745.0000000000 5707.0000000000
-1040.0000000000 4895.0000000000 -910.0000000000 5158.0000000000
701.0000000000 4986.0000000000 1315.0000000000 4587.0000000000
1315.0000000000 4587.0000000000 1518.0000000000 4965.0000000000
1518.0000000000 4965.0000000000 1516.0000000000 4166.0000000000
1516.0000000000 4166.0000000000 2470.0000000000 4111.0000000000
906.0000000000 1203.0000000000 935.0000000000 842.0000000000
935.0000000000 842.0000000000 1137.0000000000 989.0000000000
1137.0000000000 989.0000000000 1469.0000000000 954.0000000000
1469.0000000000 954.0000000000 1425.0000000000 547.0000000000
1425.0000000000 547.0000000000 3270.0000000000 344.0000000000
