25 4
-962.0000000000 0.0000000000 -430.0000000000 401.0000000000
-430.0000000000 401.0000000000 -836.0000000000 928.0000000000
-836.0000000000 928.0000000000 -488.0000000000 603.0000000000
-488.0000000000 603.0000000000 -272.0000000000 838.0000000000
-1332.0000000000 4357.0000000000 -909.0000000000 4275.0000000000
-909.0000000000 4275.0000000000 -828.0000000000 4699.0000000000
-965.0000000000 6095.0000000000 -651.0000000000 6192.0000000000
-284.0000000000 3246.0000000000 -0.0000000000 2879.0000000000
-0.0000000000 2879.0000000000 388.0000000000 3159.0000000000
388.0000000000 3159.0000000000 403.0000000000 2866.0000000000
519.0000000000 2946.0000000000 791.0000000000 2589.0000000000
791.0000000000 2589.0000000000 1061.0000000000 2763.0000000000
1680.0000000000 4158.0000000000 1784.0000000000 3826.0000000000
1881.0000000000 3857.0000000000 2264.0000000000 3356.0000000000
2264.0000000000 3356.0000000000 2634.0000000000 3626.0000000000
7411.0000000000 9485.0000000000 7912.0000000000 8788.0000000000
3882.0000000000 4163.0000000000 4107.0000000000 3966.0000000000
8522.0000000000 7673.0000000000 8743.0000000000 7600.0000000000
8743.0000000000 7600.0000000000 9325.0000000000 6775.0000000000
2272.0000000000 1532.0000000000 2461.0000000000 1200.0000000000
2461.0000000000 1200.0000000000 2170.0000000000 1012.0000000000
2170.0000000000 1012.0000000000 2557.0000000000 1085.0000000000
2557.0000000000 1085.0000000000 1781.0000000000 613.0000000000
1781.0000000000 613.0000000000 2485.0000000000 760.0000000000
1220.0000000000 350.0000000000 823.0000000000 101.0000000000
