27 4
-2315.0000000000 0.0000000000 -3900.0000000000 1045.0000000000
-3900.0000000000 1045.0000000000 -3325.0000000000 1920.0000000000
-10044.0000000000 6035.0000000000 -9702.0000000000 6544.0000000000
-9702.0000000000 6544.0000000000 -9343.0000000000 6788.0000000000
-9343.0000000000 6788.0000000000 -9356.0000000000 7050.0000000000
-9356.0000000000 7050.0000000000 -9013.0000000000 7562.0000000000
-8772.0000000000 7898.0000000000 -7605.0000000000 9734.0000000000
-7605.0000000000 9734.0000000000 -7379.0000000000 9792.0000000000
-5791.0000000000 10447.0000000000 -2156.0000000000 8047.0000000000
-2156.0000000000 8047.0000000000 -1865.0000000000 8078.0000000000
-1241.0000000000 7036.0000000000 -337.0000000000 6437.0000000000
-337.0000000000 6437.0000000000 -112.0000000000 6427.0000000000
-112.0000000000 6427.0000000000 239.0000000000 6854.0000000000
239.0000000000 6854.0000000000 342.0000000000 6527.0000000000
342.0000000000 6527.0000000000 1676.0000000000 5482.0000000000
1676.0000000000 5482.0000000000 2330.0000000000 6402.0000000000
2330.0000000000 6402.0000000000 2402.0000000000 6259.0000000000
2701.0000000000 6066.0000000000 2914.0000000000 5974.0000000000
2914.0000000000 5974.0000000000 3138.0000000000 6159.0000000000
6099.0000000000 10564.0000000000 6452.0000000000 10326.0000000000
8044.0000000000 11071.0000000000 8239.0000000000 10934.0000000000
8255.0000000000 9168.0000000000 8980.0000000000 8671.0000000000
4785.0000000000 4462.0000000000 4334.0000000000 3768.0000000000
4334.0000000000 3768.0000000000 4513.0000000000 3654.0000000000
4513.0000000000 3654.0000000000 4419.0000000000 3330.0000000000
4954.0000000000 2976.0000000000 5117.0000000000 2837.0000000000
5117.0000000000 2837.0000000000 3239.0000000000 0.0000000000
