21 4
-1675.0000000000 0.0000000000 -1345.0000000000 94.0000000000
-1345.0000000000 94.0000000000 -1566.0000000000 941.0000000000
-1566.0000000000 941.0000000000 -1416.0000000000 1029.0000000000
-1416.0000000000 1029.0000000000 -1420.0000000000 1279.0000000000
-2724.0000000000 2540.0000000000 -328.0000000000 3121.0000000000
-204.0000000000 5846.0000000000 -96.0000000000 5484.0000000000
-96.0000000000 5484.0000000000 389.0000000000 5569.0000000000
820.0000000000 5179.0000000000 1120.0000000000 5269.0000000000
891.0000000000 3858.0000000000 995.0000000000 3469.0000000000
995.0000000000 3469.0000000000 2405.0000000000 3848.0000000000
1364.0000000000 2101.0000000000 1459.0000000000 1678.0000000000
1459.0000000000 1678.0000000000 1805.0000000000 1743.0000000000
1805.0000000000 1743.0000000000 1790.0000000000 1300.0000000000
1790.0000000000 1300.0000000000 2411.0000000000 1337.0000000000
2411.0000000000 1337.0000000000 2544.0000000000 1028.0000000000
2653.0000000000 564.0000000000 2859.0000000000 556.0000000000
2859.0000000000 556.0000000000 2665.0000000000 470.0000000000
2665.0000000000 470.0000000000 2783.0000000000 292.0000000000
2690.0000000000 188.0000000000 2421.0000000000 85.0000000000
2421.0000000000 85.0000000000 2825.0000000000 49.0000000000
2825.0000000000 49.0000000000 2611.0000000000 0.0000000000
