12 4
-444.0000000000 0.0000000000 -421.0000000000 354.0000000000
-421.0000000000 354.0000000000 -544.0000000000 473.0000000000
-1202.0000000000 1082.0000000000 -1087.0000000000 1442.0000000000
-1087.0000000000 1442.0000000000 -1041.0000000000 3405.0000000000
-1041.0000000000 3405.0000000000 -179.0000000000 3409.0000000000
-176.0000000000 5054.0000000000 790.0000000000 4989.0000000000
575.0000000000 3260.0000000000 643.0000000000 3023.0000000000
408.0000000000 1766.0000000000 519.0000000000 1597.0000000000
519.0000000000 1597.0000000000 482.0000000000 1083.0000000000
590.0000000000 1064.0000000000 494.0000000000 530.0000000000
632.0000000000 512.0000000000 517.0000000000 376.0000000000
471.0000000000 200.0000000000 670.0000000000 142.0000000000
