24 4
-1360.0000000000 119.0000000000 -884.0000000000 220.0000000000
-2143.0000000000 2465.0000000000 -1824.0000000000 2173.0000000000
-1728.0000000000 2211.0000000000 -2288.0000000000 3268.0000000000
-1373.0000000000 2114.0000000000 -1044.0000000000 2049.0000000000
-1044.0000000000 2049.0000000000 -1115.0000000000 2286.0000000000
-1115.0000000000 2286.0000000000 -945.0000000000 2462.0000000000
-614.0000000000 1686.0000000000 -492.0000000000 1836.0000000000
-492.0000000000 1836.0000000000 -601.0000000000 2410.0000000000
-601.0000000000 2410.0000000000 282.0000000000 2293.0000000000
803.0000000000 5069.0000000000 1241.0000000000 4978.0000000000
1241.0000000000 4978.0000000000 1199.0000000000 4473.0000000000
1602.0000000000 5240.0000000000 2280.0000000000 5121.0000000000
2787.0000000000 5028.0000000000 2998.0000000000 4990.0000000000
1650.0000000000 2640.0000000000 1571.0000000000 2329.0000000000
1571.0000000000 2329.0000000000 1886.0000000000 2595.0000000000
2506.0000000000 3095.0000000000 2724.0000000000 3134.0000000000
4833.0000000000 4667.0000000000 5125.0000000000 4615.0000000000
5430.0000000000 4557.0000000000 6674.0000000000 4334.0000000000
7086.0000000000 4258.0000000000 7310.0000000000 4221.0000000000
4035.0000000000 2236.0000000000 3928.0000000000 1749.0000000000
3844.0000000000 1475.0000000000 3985.0000000000 1295.0000000000
3985.0000000000 1295.0000000000 4201.0000000000 1284.0000000000
4327.0000000000 1079.0000000000 4257.0000000000 674.0000000000
4228.0000000000 519.0000000000 4127.0000000000 0.0000000000
