22 4
-1689.0000000000 0.0000000000 -1221.0000000000 304.0000000000
-1221.0000000000 304.0000000000 -1344.0000000000 516.0000000000
-1344.0000000000 516.0000000000 -1025.0000000000 592.0000000000
-1025.0000000000 592.0000000000 -1421.0000000000 1421.0000000000
-5772.0000000000 6640.0000000000 -5496.0000000000 6788.0000000000
-4033.0000000000 5352.0000000000 -4157.0000000000 5722.0000000000
-4138.0000000000 8874.0000000000 -3718.0000000000 8760.0000000000
-1098.0000000000 3015.0000000000 -713.0000000000 3087.0000000000
-1176.0000000000 7425.0000000000 -1002.0000000000 7130.0000000000
-1002.0000000000 7130.0000000000 -900.0000000000 7326.0000000000
-69.0000000000 3979.0000000000 63.0000000000 3600.0000000000
63.0000000000 3600.0000000000 326.0000000000 3732.0000000000
1224.0000000000 3030.0000000000 1300.0000000000 2789.0000000000
1813.0000000000 3018.0000000000 2204.0000000000 2448.0000000000
2204.0000000000 2448.0000000000 3337.0000000000 3112.0000000000
3137.0000000000 2196.0000000000 3470.0000000000 1693.0000000000
3828.0000000000 1704.0000000000 2591.0000000000 943.0000000000
2591.0000000000 943.0000000000 2478.0000000000 805.0000000000
2478.0000000000 805.0000000000 2733.0000000000 384.0000000000
1893.0000000000 232.0000000000 1707.0000000000 179.0000000000
2812.0000000000 246.0000000000 2911.0000000000 102.0000000000
2911.0000000000 102.0000000000 2732.0000000000 0.0000000000
