23 4
-1730.0000000000 0.0000000000 -1770.0000000000 474.0000000000
-1770.0000000000 474.0000000000 -1466.0000000000 505.0000000000
-1466.0000000000 505.0000000000 -1506.0000000000 1135.0000000000
-1506.0000000000 1135.0000000000 -899.0000000000 1193.0000000000
-899.0000000000 1193.0000000000 -946.0000000000 1940.0000000000
-850.0000000000 2214.0000000000 -657.0000000000 1907.0000000000
-789.0000000000 2753.0000000000 -804.0000000000 3002.0000000000
-1105.0000000000 4431.0000000000 -1136.0000000000 4921.0000000000
-1680.0000000000 8643.0000000000 -908.0000000000 8635.0000000000
-908.0000000000 8635.0000000000 -631.0000000000 9019.0000000000
-631.0000000000 9019.0000000000 -454.0000000000 8654.0000000000
-152.0000000000 8718.0000000000 153.0000000000 8738.0000000000
770.0000000000 8799.0000000000 1017.0000000000 8287.0000000000
838.0000000000 5293.0000000000 1006.0000000000 4734.0000000000
918.0000000000 3974.0000000000 942.0000000000 3778.0000000000
776.0000000000 2895.0000000000 909.0000000000 2368.0000000000
909.0000000000 2368.0000000000 834.0000000000 1788.0000000000
834.0000000000 1788.0000000000 1061.0000000000 1914.0000000000
1061.0000000000 1914.0000000000 1101.0000000000 1312.0000000000
1101.0000000000 1312.0000000000 2168.0000000000 1355.0000000000
2168.0000000000 1355.0000000000 2203.0000000000 716.0000000000
2203.0000000000 716.0000000000 2509.0000000000 719.0000000000
2509.0000000000 719.0000000000 2541.0000000000 0.0000000000
