36 4
-572.0000000000 0.0000000000 -1008.0000000000 536.0000000000
-2810.0000000000 1558.0000000000 -2580.0000000000 1740.0000000000
-2580.0000000000 1740.0000000000 -2287.0000000000 1601.0000000000
-2287.0000000000 1601.0000000000 -2480.0000000000 1802.0000000000
-1660.0000000000 1251.0000000000 -2343.0000000000 1897.0000000000
-9691.0000000000 11148.0000000000 -9550.0000000000 11381.0000000000
-9550.0000000000 11381.0000000000 -8896.0000000000 11805.0000000000
-3826.0000000000 5891.0000000000 -3566.0000000000 5707.0000000000
-2393.0000000000 4146.0000000000 -2114.0000000000 3813.0000000000
-2114.0000000000 3813.0000000000 -1906.0000000000 4087.0000000000
-1259.0000000000 2827.0000000000 -722.0000000000 2221.0000000000
-1173.0000000000 3837.0000000000 -1013.0000000000 4062.0000000000
-1013.0000000000 4062.0000000000 -1024.0000000000 4433.0000000000
-1024.0000000000 4433.0000000000 -734.0000000000 4165.0000000000
-734.0000000000 4165.0000000000 -461.0000000000 4387.0000000000
-461.0000000000 4387.0000000000 -413.0000000000 4724.0000000000
-413.0000000000 4724.0000000000 -230.0000000000 4389.0000000000
-230.0000000000 4389.0000000000 -78.0000000000 4449.0000000000
470.0000000000 5372.0000000000 580.0000000000 5521.0000000000
770.0000000000 6272.0000000000 1455.0000000000 6844.0000000000
1428.0000000000 5330.0000000000 1537.0000000000 4463.0000000000
1537.0000000000 4463.0000000000 1747.0000000000 4552.0000000000
2098.0000000000 4302.0000000000 2556.0000000000 4808.0000000000
3191.0000000000 5756.0000000000 3033.0000000000 5048.0000000000
3033.0000000000 5048.0000000000 3362.0000000000 5381.0000000000
3581.0000000000 5308.0000000000 3737.0000000000 5143.0000000000
4076.0000000000 4689.0000000000 4076.0000000000 4527.0000000000
18337.0000000000 15940.0000000000 19955.0000000000 13973.0000000000
19955.0000000000 13973.0000000000 19853.0000000000 13391.0000000000
14475.0000000000 9045.0000000000 14853.0000000000 8576.0000000000
9148.0000000000 4864.0000000000 8726.0000000000 4446.0000000000
9463.0000000000 4213.0000000000 9577.0000000000 4065.0000000000
7370.0000000000 2829.0000000000 7565.0000000000 2027.0000000000
4202.0000000000 893.0000000000 3763.0000000000 529.0000000000
3763.0000000000 529.0000000000 3777.0000000000 330.0000000000
3777.0000000000 330.0000000000 3411.0000000000 0.0000000000
