21 4
-2176.0000000000 0.0000000000 -1655.0000000000 58.0000000000
-1655.0000000000 58.0000000000 -1626.0000000000 977.0000000000
-1845.0000000000 1198.0000000000 -1639.0000000000 1235.0000000000
-1639.0000000000 1235.0000000000 -1795.0000000000 1795.0000000000
-1795.0000000000 1795.0000000000 -1629.0000000000 1809.0000000000
-1629.0000000000 1809.0000000000 -1631.0000000000 2164.0000000000
-2708.0000000000 3868.0000000000 -1998.0000000000 3197.0000000000
-1998.0000000000 3197.0000000000 -1950.0000000000 3518.0000000000
-3429.0000000000 6449.0000000000 -3176.0000000000 6511.0000000000
-2286.0000000000 6282.0000000000 -2037.0000000000 5916.0000000000
-2037.0000000000 5916.0000000000 -1941.0000000000 6768.0000000000
-1941.0000000000 6768.0000000000 -1851.0000000000 6908.0000000000
-1851.0000000000 6908.0000000000 -1595.0000000000 6907.0000000000
-1595.0000000000 6907.0000000000 -1375.0000000000 7073.0000000000
-1375.0000000000 7073.0000000000 -1305.0000000000 7401.0000000000
-1604.0000000000 11415.0000000000 -1198.0000000000 11395.0000000000
-1183.0000000000 13523.0000000000 -708.0000000000 13511.0000000000
1191.0000000000 11335.0000000000 2195.0000000000 11291.0000000000
1477.0000000000 4832.0000000000 1481.0000000000 4559.0000000000
1481.0000000000 4559.0000000000 1717.0000000000 4472.0000000000
1447.0000000000 3583.0000000000 1328.0000000000 0.0000000000
