22 4
-3058.0000000000 539.0000000000 -3603.0000000000 1456.0000000000
-3008.0000000000 1667.0000000000 -3073.0000000000 2073.0000000000
-4898.0000000000 3429.0000000000 -6471.0000000000 6034.0000000000
-1731.0000000000 2881.0000000000 -951.0000000000 2928.0000000000
-951.0000000000 2928.0000000000 -1021.0000000000 3339.0000000000
-1021.0000000000 3339.0000000000 -570.0000000000 2683.0000000000
-570.0000000000 2683.0000000000 342.0000000000 3251.0000000000
667.0000000000 4745.0000000000 808.0000000000 4582.0000000000
784.0000000000 3145.0000000000 1597.0000000000 3762.0000000000
1635.0000000000 3672.0000000000 2077.0000000000 4259.0000000000
2077.0000000000 4259.0000000000 1982.0000000000 3890.0000000000
1982.0000000000 3890.0000000000 2540.0000000000 4227.0000000000
6414.0000000000 10264.0000000000 6527.0000000000 10051.0000000000
6527.0000000000 10051.0000000000 6897.0000000000 9849.0000000000
6897.0000000000 9849.0000000000 7851.0000000000 10418.0000000000
7851.0000000000 10418.0000000000 9001.0000000000 8692.0000000000
9306.0000000000 8089.0000000000 9831.0000000000 8250.0000000000
14257.0000000000 10744.0000000000 14414.0000000000 10473.0000000000
15874.0000000000 11115.0000000000 16151.0000000000 10894.0000000000
16151.0000000000 10894.0000000000 16834.0000000000 9719.0000000000
9710.0000000000 5382.0000000000 9757.0000000000 5188.0000000000
3202.0000000000 1426.0000000000 812.0000000000 0.0000000000
