22 4
-11684.0000000000 612.0000000000 -11680.0000000000 817.0000000000
-11855.0000000000 1666.0000000000 -11841.0000000000 2088.0000000000
-11837.0000000000 2516.0000000000 -11880.0000000000 4091.0000000000
-11880.0000000000 4091.0000000000 -11737.0000000000 4272.0000000000
-11737.0000000000 4272.0000000000 -11894.0000000000 5049.0000000000
-11138.0000000000 5432.0000000000 -10984.0000000000 5597.0000000000
-10465.0000000000 5801.0000000000 -6489.0000000000 5843.0000000000
-6489.0000000000 5843.0000000000 -6080.0000000000 6080.0000000000
-4983.0000000000 5534.0000000000 -3907.0000000000 5580.0000000000
-3907.0000000000 5580.0000000000 -3825.0000000000 6901.0000000000
-3825.0000000000 6901.0000000000 -1746.0000000000 7003.0000000000
-1227.0000000000 6957.0000000000 -1003.0000000000 7137.0000000000
-879.0000000000 12573.0000000000 -659.0000000000 12580.0000000000
-659.0000000000 12580.0000000000 -449.0000000000 12846.0000000000
246.0000000000 14089.0000000000 491.0000000000 14064.0000000000
1550.0000000000 12624.0000000000 2226.0000000000 12624.0000000000
1303.0000000000 6702.0000000000 1373.0000000000 5947.0000000000
1373.0000000000 5947.0000000000 1609.0000000000 6004.0000000000
1609.0000000000 6004.0000000000 1618.0000000000 5644.0000000000
2284.0000000000 5652.0000000000 2505.0000000000 5627.0000000000
2505.0000000000 5627.0000000000 2567.0000000000 1308.0000000000
2553.0000000000 732.0000000000 2568.0000000000 0.0000000000
