35 4
-1021.0000000000 0.0000000000 -1066.0000000000 227.0000000000
-1066.0000000000 227.0000000000 -1367.0000000000 341.0000000000
-1367.0000000000 341.0000000000 -1384.0000000000 645.0000000000
-1384.0000000000 645.0000000000 -2109.0000000000 1075.0000000000
-2028.0000000000 1124.0000000000 -2139.0000000000 1671.0000000000
-2139.0000000000 1671.0000000000 -2357.0000000000 1909.0000000000
-1603.0000000000 1495.0000000000 -1307.0000000000 1262.0000000000
-2328.0000000000 2678.0000000000 -2052.0000000000 2445.0000000000
-2052.0000000000 2445.0000000000 -2368.0000000000 2924.0000000000
-2368.0000000000 2924.0000000000 -2674.0000000000 4117.0000000000
-2674.0000000000 4117.0000000000 -2297.0000000000 3676.0000000000
-1742.0000000000 3017.0000000000 -1491.0000000000 3058.0000000000
-1906.0000000000 4087.0000000000 -1898.0000000000 4263.0000000000
-1898.0000000000 4263.0000000000 -1758.0000000000 4350.0000000000
-1758.0000000000 4350.0000000000 -1815.0000000000 4730.0000000000
-3386.0000000000 10421.0000000000 -3195.0000000000 10450.0000000000
-2445.0000000000 10591.0000000000 -2258.0000000000 10623.0000000000
-3227.0000000000 16599.0000000000 -1772.0000000000 16864.0000000000
-351.0000000000 10050.0000000000 -0.0000000000 10115.0000000000
193.0000000000 11077.0000000000 388.0000000000 11113.0000000000
542.0000000000 7756.0000000000 719.0000000000 6843.0000000000
719.0000000000 6843.0000000000 1094.0000000000 6907.0000000000
1094.0000000000 6907.0000000000 1266.0000000000 6514.0000000000
1266.0000000000 6514.0000000000 1640.0000000000 6579.0000000000
1207.0000000000 4504.0000000000 1469.0000000000 2764.0000000000
1469.0000000000 2764.0000000000 1892.0000000000 2805.0000000000
4040.0000000000 5560.0000000000 4500.0000000000 5557.0000000000
4500.0000000000 5557.0000000000 4585.0000000000 5092.0000000000
4021.0000000000 4021.0000000000 4711.0000000000 4393.0000000000
1847.0000000000 1663.0000000000 1991.0000000000 845.0000000000
1991.0000000000 845.0000000000 1860.0000000000 714.0000000000
1860.0000000000 714.0000000000 1911.0000000000 476.0000000000
1911.0000000000 476.0000000000 2213.0000000000 470.0000000000
4559.0000000000 886.0000000000 5040.0000000000 798.0000000000
5040.0000000000 798.0000000000 5117.0000000000 358.0000000000
