18 4
-2082.0000000000 0.0000000000 -819.0000000000 878.0000000000
-724.0000000000 997.0000000000 -820.0000000000 1171.0000000000
-1152.0000000000 1708.0000000000 -43.0000000000 2466.0000000000
89.0000000000 2556.0000000000 754.0000000000 3022.0000000000
754.0000000000 3022.0000000000 756.0000000000 2637.0000000000
756.0000000000 2637.0000000000 928.0000000000 2694.0000000000
1216.0000000000 3342.0000000000 3908.0000000000 5186.0000000000
3908.0000000000 5186.0000000000 3847.0000000000 4924.0000000000
3847.0000000000 4924.0000000000 4005.0000000000 4772.0000000000
4005.0000000000 4772.0000000000 4216.0000000000 4850.0000000000
4216.0000000000 4850.0000000000 4299.0000000000 4610.0000000000
9298.0000000000 9628.0000000000 9472.0000000000 9147.0000000000
3006.0000000000 1599.0000000000 2773.0000000000 1352.0000000000
2773.0000000000 1352.0000000000 2950.0000000000 1074.0000000000
2950.0000000000 1074.0000000000 3357.0000000000 1091.0000000000
3357.0000000000 1091.0000000000 3046.0000000000 873.0000000000
3046.0000000000 873.0000000000 3147.0000000000 727.0000000000
3876.0000000000 614.0000000000 4292.0000000000 0.0000000000
