26 4
-2541.0000000000 448.0000000000 -2202.0000000000 428.0000000000
-2817.0000000000 599.0000000000 -3241.0000000000 748.0000000000
-3183.0000000000 1096.0000000000 -3088.0000000000 1712.0000000000
-3088.0000000000 1712.0000000000 -1269.0000000000 1460.0000000000
-1269.0000000000 1460.0000000000 -1206.0000000000 1857.0000000000
-1876.0000000000 3003.0000000000 -1876.0000000000 3249.0000000000
-2322.0000000000 4189.0000000000 -1719.0000000000 4050.0000000000
-1407.0000000000 3483.0000000000 -1188.0000000000 3451.0000000000
-1188.0000000000 3451.0000000000 -991.0000000000 3051.0000000000
-991.0000000000 3051.0000000000 -580.0000000000 2982.0000000000
-580.0000000000 2982.0000000000 -232.0000000000 4433.0000000000
-144.0000000000 8237.0000000000 -0.0000000000 8350.0000000000
194.0000000000 1378.0000000000 507.0000000000 1322.0000000000
2646.0000000000 5426.0000000000 2607.0000000000 5116.0000000000
1875.0000000000 3383.0000000000 1721.0000000000 2457.0000000000
1721.0000000000 2457.0000000000 2131.0000000000 2367.0000000000
3017.0000000000 3236.0000000000 3615.0000000000 3143.0000000000
3615.0000000000 3143.0000000000 3235.0000000000 2714.0000000000
3235.0000000000 2714.0000000000 3199.0000000000 2500.0000000000
3199.0000000000 2500.0000000000 3374.0000000000 2543.0000000000
1942.0000000000 1310.0000000000 1894.0000000000 883.0000000000
2759.0000000000 1059.0000000000 2382.0000000000 867.0000000000
2382.0000000000 867.0000000000 2742.0000000000 944.0000000000
2742.0000000000 944.0000000000 2687.0000000000 770.0000000000
2687.0000000000 770.0000000000 3457.0000000000 610.0000000000
3457.0000000000 610.0000000000 2644.0000000000 185.0000000000
