24 4
-1676.0000000000 0.0000000000 -1166.0000000000 544.0000000000
-1166.0000000000 544.0000000000 -1494.0000000000 828.0000000000
-2131.0000000000 1437.0000000000 -1891.0000000000 1374.0000000000
-3258.0000000000 2546.0000000000 -3074.0000000000 2768.0000000000
-2329.0000000000 2587.0000000000 -2058.0000000000 2939.0000000000
-1434.0000000000 2295.0000000000 -1244.0000000000 2244.0000000000
-1244.0000000000 2244.0000000000 -990.0000000000 2450.0000000000
-990.0000000000 2450.0000000000 -1190.0000000000 3270.0000000000
-659.0000000000 1915.0000000000 -315.0000000000 1622.0000000000
-315.0000000000 1622.0000000000 804.0000000000 3002.0000000000
1149.0000000000 4007.0000000000 1499.0000000000 3710.0000000000
1499.0000000000 3710.0000000000 1739.0000000000 3905.0000000000
1739.0000000000 3905.0000000000 2335.0000000000 3335.0000000000
4874.0000000000 6708.0000000000 4711.0000000000 6252.0000000000
4711.0000000000 6252.0000000000 4926.0000000000 6083.0000000000
5171.0000000000 5949.0000000000 5392.0000000000 5782.0000000000
1394.0000000000 1394.0000000000 813.0000000000 732.0000000000
813.0000000000 732.0000000000 1126.0000000000 455.0000000000
1126.0000000000 455.0000000000 1457.0000000000 530.0000000000
1457.0000000000 530.0000000000 1646.0000000000 320.0000000000
2455.0000000000 345.0000000000 3021.0000000000 211.0000000000
3021.0000000000 211.0000000000 2897.0000000000 101.0000000000
2897.0000000000 101.0000000000 3370.0000000000 59.0000000000
3370.0000000000 59.0000000000 3057.0000000000 0.0000000000
