20 4
-1944.0000000000 0.0000000000 -2008.0000000000 282.0000000000
-2008.0000000000 282.0000000000 -2192.0000000000 347.0000000000
-2192.0000000000 347.0000000000 -2030.0000000000 395.0000000000
-2030.0000000000 395.0000000000 -2205.0000000000 1222.0000000000
-2205.0000000000 1222.0000000000 -1766.0000000000 1061.0000000000
-2389.0000000000 2077.0000000000 -2575.0000000000 2319.0000000000
-3618.0000000000 4018.0000000000 -3706.0000000000 4416.0000000000
-4457.0000000000 5704.0000000000 -3671.0000000000 5874.0000000000
-2505.0000000000 4169.0000000000 -2082.0000000000 4269.0000000000
-2082.0000000000 4269.0000000000 -2386.0000000000 5622.0000000000
-2365.0000000000 6160.0000000000 -1803.0000000000 6287.0000000000
-1580.0000000000 6338.0000000000 -346.0000000000 6600.0000000000
-110.0000000000 3136.0000000000 60.0000000000 3419.0000000000
235.0000000000 6735.0000000000 719.0000000000 6840.0000000000
360.0000000000 2932.0000000000 541.0000000000 2172.0000000000
541.0000000000 2172.0000000000 2276.0000000000 2527.0000000000
850.0000000000 880.0000000000 947.0000000000 442.0000000000
947.0000000000 442.0000000000 1669.0000000000 575.0000000000
1669.0000000000 575.0000000000 1038.0000000000 278.0000000000
1038.0000000000 278.0000000000 1128.0000000000 0.0000000000
