21 4
-473.0000000000 0.0000000000 -468.0000000000 198.0000000000
-3633.0000000000 1618.0000000000 -2296.0000000000 1548.0000000000
-6229.0000000000 4694.0000000000 -6227.0000000000 4865.0000000000
-6690.0000000000 5418.0000000000 -6632.0000000000 5765.0000000000
-6632.0000000000 5765.0000000000 -6381.0000000000 5745.0000000000
-6381.0000000000 5745.0000000000 -6371.0000000000 6371.0000000000
-1423.0000000000 1526.0000000000 149.0000000000 1415.0000000000
149.0000000000 1415.0000000000 396.0000000000 2036.0000000000
396.0000000000 2036.0000000000 314.0000000000 1479.0000000000
628.0000000000 2721.0000000000 798.0000000000 2978.0000000000
798.0000000000 2978.0000000000 720.0000000000 1978.0000000000
1733.0000000000 4515.0000000000 2085.0000000000 4472.0000000000
2085.0000000000 4472.0000000000 2238.0000000000 4589.0000000000
2669.0000000000 5237.0000000000 2606.0000000000 4514.0000000000
1353.0000000000 1401.0000000000 2213.0000000000 1330.0000000000
6550.0000000000 3782.0000000000 6550.0000000000 3483.0000000000
6550.0000000000 3483.0000000000 6699.0000000000 3413.0000000000
6699.0000000000 3413.0000000000 6720.0000000000 3134.0000000000
341.0000000000 152.0000000000 1137.0000000000 180.0000000000
2649.0000000000 278.0000000000 3040.0000000000 266.0000000000
1322.0000000000 92.0000000000 894.0000000000 0.0000000000
