22 4
-5011.0000000000 0.0000000000 -4922.0000000000 172.0000000000
-5040.0000000000 264.0000000000 -5085.0000000000 715.0000000000
-5085.0000000000 715.0000000000 -5232.0000000000 829.0000000000
-5232.0000000000 829.0000000000 -5048.0000000000 890.0000000000
-3612.0000000000 768.0000000000 -3399.0000000000 785.0000000000
-2118.0000000000 528.0000000000 -2163.0000000000 1299.0000000000
-2163.0000000000 1299.0000000000 -1756.0000000000 1097.0000000000
-1756.0000000000 1097.0000000000 -2176.0000000000 1413.0000000000
-2176.0000000000 1413.0000000000 -2199.0000000000 1657.0000000000
-2199.0000000000 1657.0000000000 -1589.0000000000 1646.0000000000
-1589.0000000000 1646.0000000000 -1330.0000000000 1900.0000000000
-1330.0000000000 1900.0000000000 -1502.0000000000 3717.0000000000
-2042.0000000000 5320.0000000000 -1673.0000000000 5150.0000000000
-2731.0000000000 8934.0000000000 -2616.0000000000 9124.0000000000
-3268.0000000000 15373.0000000000 -2993.0000000000 15396.0000000000
-1744.0000000000 11011.0000000000 -1540.0000000000 10956.0000000000
-1050.0000000000 9992.0000000000 -526.0000000000 10045.0000000000
-0.0000000000 5281.0000000000 101.0000000000 5813.0000000000
576.0000000000 6579.0000000000 898.0000000000 4618.0000000000
898.0000000000 4618.0000000000 965.0000000000 2969.0000000000
965.0000000000 2969.0000000000 1225.0000000000 1512.0000000000
1225.0000000000 1512.0000000000 1338.0000000000 0.0000000000
