32 4
-1988.0000000000 0.0000000000 -2001.0000000000 389.0000000000
-2001.0000000000 389.0000000000 -1085.0000000000 353.0000000000
-1978.0000000000 681.0000000000 -1419.0000000000 516.0000000000
-2010.0000000000 772.0000000000 -2532.0000000000 1127.0000000000
-2532.0000000000 1127.0000000000 -1711.0000000000 948.0000000000
-1711.0000000000 948.0000000000 -1841.0000000000 1106.0000000000
-1841.0000000000 1106.0000000000 -1846.0000000000 1442.0000000000
-2064.0000000000 1732.0000000000 -1733.0000000000 1560.0000000000
-1733.0000000000 1560.0000000000 -1978.0000000000 1844.0000000000
-1978.0000000000 1844.0000000000 -2022.0000000000 2888.0000000000
-1565.0000000000 2320.0000000000 -1365.0000000000 2102.0000000000
-1365.0000000000 2102.0000000000 -1110.0000000000 2087.0000000000
-1401.0000000000 2872.0000000000 -1205.0000000000 3710.0000000000
-1563.0000000000 5113.0000000000 -1304.0000000000 5230.0000000000
-2222.0000000000 9624.0000000000 -1875.0000000000 9644.0000000000
-1188.0000000000 9673.0000000000 -848.0000000000 9691.0000000000
-1100.0000000000 15729.0000000000 276.0000000000 15806.0000000000
1555.0000000000 9819.0000000000 1912.0000000000 9838.0000000000
1532.0000000000 7207.0000000000 1594.0000000000 5560.0000000000
1594.0000000000 5560.0000000000 2044.0000000000 5617.0000000000
2044.0000000000 5617.0000000000 2081.0000000000 5151.0000000000
2081.0000000000 5151.0000000000 2756.0000000000 5184.0000000000
1756.0000000000 3169.0000000000 1807.0000000000 1412.0000000000
1807.0000000000 1412.0000000000 2218.0000000000 1386.0000000000
5206.0000000000 3128.0000000000 5217.0000000000 2892.0000000000
5252.0000000000 2122.0000000000 4752.0000000000 1730.0000000000
4752.0000000000 1730.0000000000 4769.0000000000 1458.0000000000
4769.0000000000 1458.0000000000 4940.0000000000 1417.0000000000
4940.0000000000 1417.0000000000 4955.0000000000 1144.0000000000
4955.0000000000 1144.0000000000 4543.0000000000 966.0000000000
4543.0000000000 966.0000000000 4552.0000000000 721.0000000000
2112.0000000000 297.0000000000 2039.0000000000 0.0000000000
