28 4
-1873.0000000000 0.0000000000 -1684.0000000000 88.0000000000
-1684.0000000000 88.0000000000 -1860.0000000000 163.0000000000
-1860.0000000000 163.0000000000 -1669.0000000000 294.0000000000
-1066.0000000000 207.0000000000 -919.0000000000 448.0000000000
-919.0000000000 448.0000000000 -1151.0000000000 612.0000000000
-1087.0000000000 706.0000000000 -1221.0000000000 824.0000000000
-1221.0000000000 824.0000000000 -1062.0000000000 743.0000000000
-1062.0000000000 743.0000000000 -937.0000000000 904.0000000000
-937.0000000000 904.0000000000 -1143.0000000000 1143.0000000000
-1143.0000000000 1143.0000000000 -695.0000000000 771.0000000000
-695.0000000000 771.0000000000 -1057.0000000000 1260.0000000000
-1057.0000000000 1260.0000000000 -246.0000000000 2336.0000000000
-246.0000000000 2336.0000000000 -58.0000000000 1653.0000000000
-58.0000000000 1653.0000000000 -0.0000000000 1911.0000000000
-0.0000000000 1911.0000000000 248.0000000000 1762.0000000000
248.0000000000 1762.0000000000 267.0000000000 1516.0000000000
267.0000000000 1516.0000000000 375.0000000000 1927.0000000000
375.0000000000 1927.0000000000 337.0000000000 1584.0000000000
337.0000000000 1584.0000000000 703.0000000000 2040.0000000000
703.0000000000 2040.0000000000 1175.0000000000 1678.0000000000
1175.0000000000 1678.0000000000 1070.0000000000 1322.0000000000
1200.0000000000 1286.0000000000 1468.0000000000 1468.0000000000
1468.0000000000 1468.0000000000 1143.0000000000 994.0000000000
1143.0000000000 994.0000000000 1607.0000000000 1349.0000000000
1607.0000000000 1349.0000000000 2183.0000000000 926.0000000000
2183.0000000000 926.0000000000 1894.0000000000 472.0000000000
1894.0000000000 472.0000000000 2375.0000000000 208.0000000000
2375.0000000000 208.0000000000 2061.0000000000 0.0000000000
