11 4
-536.0000000000 0.0000000000 -599.0000000000 279.0000000000
-599.0000000000 279.0000000000 -794.0000000000 422.0000000000
-794.0000000000 422.0000000000 -1180.0000000000 1100.0000000000
-3392.0000000000 3276.0000000000 -2690.0000000000 3702.0000000000
-3595.0000000000 5134.0000000000 -2842.0000000000 5578.0000000000
-1126.0000000000 2653.0000000000 -339.0000000000 1466.0000000000
-339.0000000000 1466.0000000000 -160.0000000000 1522.0000000000
-160.0000000000 1522.0000000000 70.0000000000 797.0000000000
70.0000000000 797.0000000000 208.0000000000 682.0000000000
208.0000000000 682.0000000000 1667.0000000000 1449.0000000000
1667.0000000000 1449.0000000000 2517.0000000000 0.0000000000
