34 4
-555.0000000000 0.0000000000 -679.0000000000 728.0000000000
-1871.0000000000 2078.0000000000 -1936.0000000000 2227.0000000000
-1812.0000000000 2319.0000000000 -1613.0000000000 2141.0000000000
-1613.0000000000 2141.0000000000 -1190.0000000000 2146.0000000000
-1190.0000000000 2146.0000000000 -1211.0000000000 3962.0000000000
-1696.0000000000 6330.0000000000 -1349.0000000000 6347.0000000000
-1683.0000000000 11974.0000000000 -0.0000000000 11966.0000000000
753.0000000000 14366.0000000000 993.0000000000 14204.0000000000
1734.0000000000 9836.0000000000 2077.0000000000 9770.0000000000
2077.0000000000 9770.0000000000 2292.0000000000 9929.0000000000
1576.0000000000 5881.0000000000 1638.0000000000 5712.0000000000
1638.0000000000 5712.0000000000 2081.0000000000 5716.0000000000
1343.0000000000 3499.0000000000 1269.0000000000 2990.0000000000
1269.0000000000 2990.0000000000 1527.0000000000 2997.0000000000
2313.0000000000 3849.0000000000 2783.0000000000 3975.0000000000
2783.0000000000 3975.0000000000 2565.0000000000 3404.0000000000
2026.0000000000 2593.0000000000 2081.0000000000 2232.0000000000
2081.0000000000 2232.0000000000 2414.0000000000 2174.0000000000
2414.0000000000 2174.0000000000 2627.0000000000 2284.0000000000
2627.0000000000 2284.0000000000 2503.0000000000 2101.0000000000
2503.0000000000 2101.0000000000 2539.0000000000 1778.0000000000
2539.0000000000 1778.0000000000 2866.0000000000 1791.0000000000
6470.0000000000 3888.0000000000 6765.0000000000 3906.0000000000
7726.0000000000 4282.0000000000 7728.0000000000 4109.0000000000
7728.0000000000 4109.0000000000 8010.0000000000 4081.0000000000
9445.0000000000 4606.0000000000 9473.0000000000 4218.0000000000
7173.0000000000 3045.0000000000 7195.0000000000 2619.0000000000
5341.0000000000 1839.0000000000 5653.0000000000 1837.0000000000
5653.0000000000 1837.0000000000 5679.0000000000 1416.0000000000
4921.0000000000 1136.0000000000 4835.0000000000 940.0000000000
4835.0000000000 940.0000000000 4943.0000000000 783.0000000000
5705.0000000000 701.0000000000 5725.0000000000 300.0000000000
5725.0000000000 300.0000000000 5586.0000000000 195.0000000000
5586.0000000000 195.0000000000 5741.0000000000 100.0000000000
