26 4
-1998.0000000000 0.0000000000 -2389.0000000000 42.0000000000
-2389.0000000000 42.0000000000 -2191.0000000000 76.0000000000
-2191.0000000000 76.0000000000 -2234.0000000000 394.0000000000
-4688.0000000000 911.0000000000 -4585.0000000000 1059.0000000000
-4585.0000000000 1059.0000000000 -4684.0000000000 1255.0000000000
-5492.0000000000 1575.0000000000 -5520.0000000000 1901.0000000000
-5520.0000000000 1901.0000000000 -5178.0000000000 1885.0000000000
-5178.0000000000 1885.0000000000 -5419.0000000000 2080.0000000000
-5419.0000000000 2080.0000000000 -905.0000000000 2487.0000000000
-2030.0000000000 6247.0000000000 -1454.0000000000 6298.0000000000
-1494.0000000000 8473.0000000000 -1048.0000000000 8533.0000000000
-1319.0000000000 18859.0000000000 -981.0000000000 18714.0000000000
-150.0000000000 8602.0000000000 151.0000000000 8635.0000000000
178.0000000000 3397.0000000000 283.0000000000 3240.0000000000
419.0000000000 3413.0000000000 617.0000000000 3898.0000000000
617.0000000000 3898.0000000000 841.0000000000 1724.0000000000
841.0000000000 1724.0000000000 1334.0000000000 1836.0000000000
1825.0000000000 2422.0000000000 1860.0000000000 2140.0000000000
1860.0000000000 2140.0000000000 2309.0000000000 2230.0000000000
3021.0000000000 2817.0000000000 3806.0000000000 2868.0000000000
4740.0000000000 2737.0000000000 4811.0000000000 2042.0000000000
4811.0000000000 2042.0000000000 4534.0000000000 1741.0000000000
4534.0000000000 1741.0000000000 4569.0000000000 1573.0000000000
4569.0000000000 1573.0000000000 3975.0000000000 1140.0000000000
3975.0000000000 1140.0000000000 4013.0000000000 636.0000000000
1508.0000000000 212.0000000000 1532.0000000000 0.0000000000
