20 4
-886.0000000000 0.0000000000 -475.0000000000 119.0000000000
-475.0000000000 119.0000000000 -894.0000000000 290.0000000000
-894.0000000000 290.0000000000 -832.0000000000 2418.0000000000
-886.0000000000 3305.0000000000 -767.0000000000 5459.0000000000
-969.0000000000 18484.0000000000 -0.0000000000 18456.0000000000
342.0000000000 19612.0000000000 681.0000000000 19492.0000000000
1108.0000000000 21139.0000000000 1456.0000000000 20828.0000000000
1456.0000000000 20828.0000000000 1848.0000000000 21121.0000000000
949.0000000000 5994.0000000000 1075.0000000000 6099.0000000000
1075.0000000000 6099.0000000000 1515.0000000000 6078.0000000000
833.0000000000 3108.0000000000 782.0000000000 2270.0000000000
782.0000000000 2270.0000000000 992.0000000000 2229.0000000000
992.0000000000 2229.0000000000 1003.0000000000 1886.0000000000
1003.0000000000 1886.0000000000 864.0000000000 1330.0000000000
864.0000000000 1330.0000000000 1148.0000000000 1274.0000000000
1148.0000000000 1274.0000000000 845.0000000000 875.0000000000
853.0000000000 716.0000000000 1112.0000000000 695.0000000000
1112.0000000000 695.0000000000 873.0000000000 524.0000000000
873.0000000000 524.0000000000 854.0000000000 345.0000000000
854.0000000000 345.0000000000 368.0000000000 134.0000000000
