30 4
-5757.0000000000 0.0000000000 -5893.0000000000 309.0000000000
-5893.0000000000 309.0000000000 -5544.0000000000 583.0000000000
-5544.0000000000 583.0000000000 -5973.0000000000 1713.0000000000
-4024.0000000000 1876.0000000000 -3381.0000000000 2031.0000000000
-3381.0000000000 2031.0000000000 -3954.0000000000 2769.0000000000
-5187.0000000000 4352.0000000000 -5311.0000000000 4617.0000000000
-2435.0000000000 2521.0000000000 -2055.0000000000 2727.0000000000
-2055.0000000000 2727.0000000000 -2546.0000000000 3775.0000000000
-1717.0000000000 2857.0000000000 -1855.0000000000 3214.0000000000
-1855.0000000000 3214.0000000000 -1644.0000000000 3227.0000000000
-1644.0000000000 3227.0000000000 -1448.0000000000 2969.0000000000
-1448.0000000000 2969.0000000000 -932.0000000000 3250.0000000000
-932.0000000000 3250.0000000000 -932.0000000000 4039.0000000000
-932.0000000000 4039.0000000000 -661.0000000000 3402.0000000000
-661.0000000000 3402.0000000000 -370.0000000000 3521.0000000000
-370.0000000000 3521.0000000000 -54.0000000000 3101.0000000000
-54.0000000000 3101.0000000000 741.0000000000 3487.0000000000
1819.0000000000 5950.0000000000 1950.0000000000 5664.0000000000
2063.0000000000 5374.0000000000 2192.0000000000 5164.0000000000
2192.0000000000 5164.0000000000 2169.0000000000 4872.0000000000
2169.0000000000 4872.0000000000 2367.0000000000 4853.0000000000
3750.0000000000 6495.0000000000 4099.0000000000 6312.0000000000
5158.0000000000 6148.0000000000 6008.0000000000 6442.0000000000
6008.0000000000 6442.0000000000 6299.0000000000 6082.0000000000
6299.0000000000 6082.0000000000 6745.0000000000 6289.0000000000
12273.0000000000 9248.0000000000 12467.0000000000 9058.0000000000
18335.0000000000 11907.0000000000 18654.0000000000 11208.0000000000
25148.0000000000 13371.0000000000 25354.0000000000 12918.0000000000
946.0000000000 421.0000000000 1050.0000000000 55.0000000000
1050.0000000000 55.0000000000 1231.0000000000 0.0000000000
