23 4
-6750.0000000000 1312.0000000000 -6330.0000000000 1345.0000000000
-3517.0000000000 942.0000000000 -3370.0000000000 1030.0000000000
-3370.0000000000 1030.0000000000 -3584.0000000000 1164.0000000000
-3584.0000000000 1164.0000000000 -3720.0000000000 1735.0000000000
-3767.0000000000 1919.0000000000 -4137.0000000000 3471.0000000000
-4229.0000000000 3808.0000000000 -4545.0000000000 5047.0000000000
-3452.0000000000 3971.0000000000 -3175.0000000000 4064.0000000000
-3175.0000000000 4064.0000000000 -3191.0000000000 4234.0000000000
-5078.0000000000 7252.0000000000 -5187.0000000000 7689.0000000000
-2249.0000000000 3599.0000000000 -1868.0000000000 3666.0000000000
-804.0000000000 1649.0000000000 198.0000000000 1882.0000000000
198.0000000000 1882.0000000000 341.0000000000 2424.0000000000
341.0000000000 2424.0000000000 328.0000000000 2072.0000000000
328.0000000000 2072.0000000000 574.0000000000 2142.0000000000
574.0000000000 2142.0000000000 674.0000000000 2351.0000000000
674.0000000000 2351.0000000000 773.0000000000 2124.0000000000
773.0000000000 2124.0000000000 1064.0000000000 2182.0000000000
1064.0000000000 2182.0000000000 1369.0000000000 2686.0000000000
1369.0000000000 2686.0000000000 1480.0000000000 2279.0000000000
1480.0000000000 2279.0000000000 1823.0000000000 2509.0000000000
1867.0000000000 2389.0000000000 2231.0000000000 2567.0000000000
2231.0000000000 2567.0000000000 2503.0000000000 1626.0000000000
424.0000000000 265.0000000000 376.0000000000 0.0000000000
