23 4
-2516.0000000000 0.0000000000 -4706.0000000000 3949.0000000000
-4706.0000000000 3949.0000000000 -4733.0000000000 4114.0000000000
-4733.0000000000 4114.0000000000 -4551.0000000000 4394.0000000000
-4551.0000000000 4394.0000000000 -4730.0000000000 4730.0000000000
-4166.0000000000 5528.0000000000 -3875.0000000000 5534.0000000000
-3875.0000000000 5534.0000000000 -3754.0000000000 5780.0000000000
-3438.0000000000 5956.0000000000 -1150.0000000000 7260.0000000000
-1150.0000000000 7260.0000000000 -768.0000000000 7309.0000000000
-768.0000000000 7309.0000000000 -532.0000000000 7604.0000000000
-532.0000000000 7604.0000000000 139.0000000000 7981.0000000000
139.0000000000 7981.0000000000 268.0000000000 7664.0000000000
509.0000000000 7281.0000000000 899.0000000000 7319.0000000000
899.0000000000 7319.0000000000 1763.0000000000 5767.0000000000
1901.0000000000 5521.0000000000 3170.0000000000 3283.0000000000
3170.0000000000 3283.0000000000 3364.0000000000 3364.0000000000
3364.0000000000 3364.0000000000 3885.0000000000 2523.0000000000
3885.0000000000 2523.0000000000 3928.0000000000 2360.0000000000
3928.0000000000 2360.0000000000 3513.0000000000 2029.0000000000
3513.0000000000 2029.0000000000 4010.0000000000 1150.0000000000
4010.0000000000 1150.0000000000 4306.0000000000 1154.0000000000
4306.0000000000 1154.0000000000 4124.0000000000 1028.0000000000
4976.0000000000 1149.0000000000 4516.0000000000 878.0000000000
4516.0000000000 878.0000000000 4981.0000000000 0.0000000000
