25 4
-2307.0000000000 81.0000000000 -1346.0000000000 118.0000000000
-3307.0000000000 348.0000000000 -2710.0000000000 333.0000000000
-1005.0000000000 177.0000000000 -365.0000000000 119.0000000000
-365.0000000000 119.0000000000 -595.0000000000 252.0000000000
-595.0000000000 252.0000000000 -915.0000000000 795.0000000000
-2235.0000000000 2013.0000000000 -1649.0000000000 2037.0000000000
-1649.0000000000 2037.0000000000 -1624.0000000000 2408.0000000000
-2940.0000000000 4527.0000000000 -2512.0000000000 4531.0000000000
-2129.0000000000 4003.0000000000 -1868.0000000000 4005.0000000000
-1868.0000000000 4005.0000000000 -1626.0000000000 3651.0000000000
-1626.0000000000 3651.0000000000 -1258.0000000000 3653.0000000000
-1258.0000000000 3653.0000000000 -1151.0000000000 5414.0000000000
-2101.0000000000 11913.0000000000 -1814.0000000000 11456.0000000000
-1566.0000000000 12752.0000000000 -1342.0000000000 12773.0000000000
-156.0000000000 2226.0000000000 156.0000000000 2231.0000000000
1426.0000000000 11613.0000000000 1675.0000000000 11916.0000000000
1675.0000000000 11916.0000000000 1874.0000000000 11833.0000000000
1104.0000000000 4428.0000000000 1153.0000000000 3547.0000000000
1153.0000000000 3547.0000000000 1510.0000000000 3557.0000000000
1510.0000000000 3557.0000000000 1632.0000000000 3666.0000000000
2142.0000000000 4594.0000000000 2799.0000000000 4658.0000000000
607.0000000000 934.0000000000 426.0000000000 181.0000000000
2379.0000000000 593.0000000000 2363.0000000000 332.0000000000
2294.0000000000 201.0000000000 2469.0000000000 173.0000000000
10420.0000000000 182.0000000000 10507.0000000000 0.0000000000
