27 4
-3321.0000000000 526.0000000000 -3354.0000000000 836.0000000000
-3354.0000000000 836.0000000000 -2937.0000000000 898.0000000000
-2937.0000000000 898.0000000000 -2912.0000000000 1060.0000000000
-2912.0000000000 1060.0000000000 -2736.0000000000 1050.0000000000
-2788.0000000000 1126.0000000000 -2356.0000000000 1000.0000000000
-2870.0000000000 1462.0000000000 -2389.0000000000 1324.0000000000
-1651.0000000000 1032.0000000000 -1200.0000000000 1007.0000000000
-1183.0000000000 1142.0000000000 -1045.0000000000 1045.0000000000
-1045.0000000000 1045.0000000000 -1211.0000000000 1495.0000000000
-1614.0000000000 2066.0000000000 -1240.0000000000 1839.0000000000
-1240.0000000000 1839.0000000000 -1365.0000000000 2103.0000000000
-1365.0000000000 2103.0000000000 -1156.0000000000 2003.0000000000
-1156.0000000000 2003.0000000000 -1146.0000000000 2249.0000000000
-3423.0000000000 7341.0000000000 -3151.0000000000 7076.0000000000
-3306.0000000000 9082.0000000000 -3176.0000000000 9224.0000000000
-3176.0000000000 9224.0000000000 -3178.0000000000 9781.0000000000
-2039.0000000000 7611.0000000000 -1770.0000000000 7098.0000000000
-2090.0000000000 9052.0000000000 -1922.0000000000 9041.0000000000
-2337.0000000000 13253.0000000000 -2105.0000000000 13289.0000000000
-1481.0000000000 10535.0000000000 -1248.0000000000 10166.0000000000
-976.0000000000 9288.0000000000 -801.0000000000 9158.0000000000
-60.0000000000 3440.0000000000 225.0000000000 1159.0000000000
1657.0000000000 5780.0000000000 2235.0000000000 5532.0000000000
3619.0000000000 6023.0000000000 3660.0000000000 5857.0000000000
3660.0000000000 5857.0000000000 4405.0000000000 6063.0000000000
-0.0000000000 0.0000000000 349.0000000000 292.0000000000
349.0000000000 292.0000000000 413.0000000000 0.0000000000
