29 4
-1985.0000000000 0.0000000000 -1760.0000000000 185.0000000000
-1760.0000000000 185.0000000000 -2028.0000000000 358.0000000000
-2028.0000000000 358.0000000000 -3139.0000000000 2198.0000000000
-3139.0000000000 2198.0000000000 -2399.0000000000 2759.0000000000
-2399.0000000000 2759.0000000000 -2488.0000000000 2965.0000000000
-6403.0000000000 9492.0000000000 -6017.0000000000 9629.0000000000
-3874.0000000000 11252.0000000000 -3331.0000000000 11618.0000000000
-3331.0000000000 11618.0000000000 -3102.0000000000 11579.0000000000
-1440.0000000000 11728.0000000000 1111.0000000000 7903.0000000000
1540.0000000000 6672.0000000000 2116.0000000000 5814.0000000000
2254.0000000000 5873.0000000000 2288.0000000000 5664.0000000000
2288.0000000000 5664.0000000000 2805.0000000000 6016.0000000000
2805.0000000000 6016.0000000000 2704.0000000000 5544.0000000000
2704.0000000000 5544.0000000000 3600.0000000000 4142.0000000000
3600.0000000000 4142.0000000000 4117.0000000000 4415.0000000000
4606.0000000000 4770.0000000000 4573.0000000000 4573.0000000000
4838.0000000000 4206.0000000000 5107.0000000000 4135.0000000000
9700.0000000000 7048.0000000000 9932.0000000000 6699.0000000000
16547.0000000000 10340.0000000000 16892.0000000000 10150.0000000000
17100.0000000000 9479.0000000000 17300.0000000000 9199.0000000000
17300.0000000000 9199.0000000000 17059.0000000000 8692.0000000000
11510.0000000000 5614.0000000000 11994.0000000000 5593.0000000000
11130.0000000000 4955.0000000000 11611.0000000000 4226.0000000000
11611.0000000000 4226.0000000000 11505.0000000000 3962.0000000000
6053.0000000000 1967.0000000000 5421.0000000000 1554.0000000000
5421.0000000000 1554.0000000000 5525.0000000000 1275.0000000000
5525.0000000000 1275.0000000000 5304.0000000000 1127.0000000000
5304.0000000000 1127.0000000000 5406.0000000000 953.0000000000
5772.0000000000 404.0000000000 5220.0000000000 0.0000000000
