13 4
-875.0000000000 0.0000000000 -916.0000000000 1017.0000000000
-916.0000000000 1017.0000000000 -519.0000000000 1114.0000000000
-947.0000000000 2128.0000000000 -976.0000000000 3405.0000000000
-1061.0000000000 4255.0000000000 -1054.0000000000 5423.0000000000
-2040.0000000000 19405.0000000000 -1018.0000000000 19426.0000000000
-715.0000000000 20468.0000000000 -358.0000000000 20498.0000000000
-0.0000000000 22165.0000000000 379.0000000000 21715.0000000000
498.0000000000 7119.0000000000 1007.0000000000 7166.0000000000
641.0000000000 4048.0000000000 642.0000000000 3301.0000000000
267.0000000000 1069.0000000000 503.0000000000 314.0000000000
503.0000000000 314.0000000000 755.0000000000 385.0000000000
755.0000000000 385.0000000000 500.0000000000 88.0000000000
500.0000000000 88.0000000000 757.0000000000 80.0000000000
