20 4
-2721.0000000000 334.0000000000 -2711.0000000000 1095.0000000000
-2711.0000000000 1095.0000000000 -909.0000000000 1122.0000000000
-909.0000000000 1122.0000000000 -887.0000000000 1536.0000000000
-1636.0000000000 2952.0000000000 -1655.0000000000 3394.0000000000
-2182.0000000000 4678.0000000000 -1617.0000000000 4695.0000000000
-482.0000000000 3428.0000000000 -402.0000000000 3826.0000000000
-402.0000000000 3826.0000000000 61.0000000000 3507.0000000000
92.0000000000 2622.0000000000 276.0000000000 3159.0000000000
495.0000000000 4712.0000000000 830.0000000000 4705.0000000000
1129.0000000000 5313.0000000000 1320.0000000000 5295.0000000000
3148.0000000000 9143.0000000000 3148.0000000000 8201.0000000000
542.0000000000 1343.0000000000 547.0000000000 1029.0000000000
547.0000000000 1029.0000000000 887.0000000000 1020.0000000000
7069.0000000000 7580.0000000000 7063.0000000000 7314.0000000000
3065.0000000000 2395.0000000000 3543.0000000000 2670.0000000000
3543.0000000000 2670.0000000000 4145.0000000000 2796.0000000000
2368.0000000000 1538.0000000000 2336.0000000000 1089.0000000000
2336.0000000000 1089.0000000000 4133.0000000000 1107.0000000000
4133.0000000000 1107.0000000000 4162.0000000000 145.0000000000
4162.0000000000 145.0000000000 3568.0000000000 0.0000000000
