23 4
-779.0000000000 0.0000000000 -807.0000000000 447.0000000000
-807.0000000000 447.0000000000 -1023.0000000000 591.0000000000
-869.0000000000 631.0000000000 -988.0000000000 1059.0000000000
-1750.0000000000 1944.0000000000 -1919.0000000000 2287.0000000000
-1919.0000000000 2287.0000000000 -1670.0000000000 2299.0000000000
-1033.0000000000 2434.0000000000 -1107.0000000000 2885.0000000000
-1107.0000000000 2885.0000000000 -760.0000000000 2207.0000000000
-910.0000000000 3649.0000000000 -812.0000000000 3821.0000000000
-891.0000000000 8474.0000000000 -301.0000000000 8617.0000000000
-113.0000000000 6485.0000000000 112.0000000000 6406.0000000000
193.0000000000 5530.0000000000 690.0000000000 5619.0000000000
918.0000000000 6533.0000000000 2019.0000000000 6603.0000000000
1149.0000000000 3536.0000000000 1202.0000000000 3302.0000000000
1202.0000000000 3302.0000000000 1625.0000000000 3333.0000000000
1030.0000000000 2022.0000000000 1084.0000000000 1608.0000000000
1084.0000000000 1608.0000000000 2044.0000000000 1655.0000000000
2044.0000000000 1655.0000000000 2054.0000000000 1438.0000000000
1405.0000000000 948.0000000000 1477.0000000000 567.0000000000
1477.0000000000 567.0000000000 2096.0000000000 722.0000000000
2096.0000000000 722.0000000000 2108.0000000000 487.0000000000
807.0000000000 172.0000000000 1173.0000000000 186.0000000000
2121.0000000000 298.0000000000 2122.0000000000 111.0000000000
2122.0000000000 111.0000000000 2555.0000000000 89.0000000000
