21 4
-1141.0000000000 0.0000000000 -967.0000000000 677.0000000000
-2508.0000000000 2258.0000000000 -2839.0000000000 2742.0000000000
-2839.0000000000 2742.0000000000 -2472.0000000000 2650.0000000000
-595.0000000000 916.0000000000 -512.0000000000 1098.0000000000
-512.0000000000 1098.0000000000 -610.0000000000 1370.0000000000
-610.0000000000 1370.0000000000 -456.0000000000 1188.0000000000
-456.0000000000 1188.0000000000 -400.0000000000 1882.0000000000
-323.0000000000 1830.0000000000 -309.0000000000 2196.0000000000
-309.0000000000 2196.0000000000 -50.0000000000 2886.0000000000
-0.0000000000 10930.0000000000 1483.0000000000 10555.0000000000
1483.0000000000 10555.0000000000 1578.0000000000 9965.0000000000
1870.0000000000 10603.0000000000 2037.0000000000 10481.0000000000
3648.0000000000 15802.0000000000 3923.0000000000 15733.0000000000
5692.0000000000 16531.0000000000 5942.0000000000 16326.0000000000
6127.0000000000 15165.0000000000 6406.0000000000 15091.0000000000
4107.0000000000 8807.0000000000 4274.0000000000 8763.0000000000
4274.0000000000 8763.0000000000 4298.0000000000 8435.0000000000
4954.0000000000 8245.0000000000 5126.0000000000 8203.0000000000
5126.0000000000 8203.0000000000 4376.0000000000 5215.0000000000
2838.0000000000 2740.0000000000 2560.0000000000 2148.0000000000
2560.0000000000 2148.0000000000 2013.0000000000 0.0000000000
