18 4
-7199.0000000000 757.0000000000 -7329.0000000000 1030.0000000000
-7329.0000000000 1030.0000000000 -6774.0000000000 1073.0000000000
-7512.0000000000 1597.0000000000 -7827.0000000000 2244.0000000000
-2456.0000000000 846.0000000000 -2679.0000000000 1029.0000000000
-8398.0000000000 3393.0000000000 -8975.0000000000 4573.0000000000
-5003.0000000000 2773.0000000000 -4564.0000000000 2635.0000000000
-4564.0000000000 2635.0000000000 -2573.0000000000 3675.0000000000
-1961.0000000000 2907.0000000000 -974.0000000000 3396.0000000000
-1114.0000000000 4158.0000000000 2704.0000000000 6072.0000000000
3052.0000000000 6257.0000000000 3865.0000000000 6694.0000000000
3865.0000000000 6694.0000000000 4187.0000000000 6448.0000000000
4187.0000000000 6448.0000000000 4655.0000000000 6647.0000000000
5305.0000000000 5689.0000000000 5488.0000000000 5684.0000000000
6548.0000000000 3482.0000000000 6856.0000000000 2910.0000000000
6838.0000000000 2625.0000000000 6941.0000000000 2390.0000000000
7019.0000000000 1364.0000000000 6813.0000000000 1201.0000000000
6813.0000000000 1201.0000000000 6728.0000000000 826.0000000000
6728.0000000000 826.0000000000 5080.0000000000 0.0000000000
