18 4
-1182.0000000000 0.0000000000 -862.0000000000 263.0000000000
-862.0000000000 263.0000000000 -1102.0000000000 1064.0000000000
-1664.0000000000 1664.0000000000 -1263.0000000000 1945.0000000000
-2501.0000000000 4002.0000000000 -2364.0000000000 4095.0000000000
-2364.0000000000 4095.0000000000 -1934.0000000000 3637.0000000000
-1934.0000000000 3637.0000000000 -1720.0000000000 3863.0000000000
-1720.0000000000 3863.0000000000 -1672.0000000000 4593.0000000000
-1672.0000000000 4593.0000000000 -1423.0000000000 4134.0000000000
-1423.0000000000 4134.0000000000 -1527.0000000000 4701.0000000000
-217.0000000000 756.0000000000 2790.0000000000 2890.0000000000
7142.0000000000 6897.0000000000 7420.0000000000 6920.0000000000
11881.0000000000 9970.0000000000 12620.0000000000 8837.0000000000
14978.0000000000 9359.0000000000 15159.0000000000 9108.0000000000
6904.0000000000 2930.0000000000 7063.0000000000 2711.0000000000
3105.0000000000 1130.0000000000 2948.0000000000 958.0000000000
2948.0000000000 958.0000000000 3149.0000000000 963.0000000000
3149.0000000000 963.0000000000 3332.0000000000 708.0000000000
3418.0000000000 603.0000000000 3841.0000000000 0.0000000000
