13 4
-758.0000000000 0.0000000000 -678.0000000000 144.0000000000
-678.0000000000 144.0000000000 -2069.0000000000 1243.0000000000
-6584.0000000000 4610.0000000000 -6877.0000000000 4996.0000000000
-6608.0000000000 5351.0000000000 -6162.0000000000 5950.0000000000
-5542.0000000000 5542.0000000000 -5084.0000000000 5264.0000000000
-3996.0000000000 4438.0000000000 -2395.0000000000 3178.0000000000
-2395.0000000000 3178.0000000000 -2115.0000000000 3520.0000000000
-1272.0000000000 2392.0000000000 188.0000000000 1340.0000000000
188.0000000000 1340.0000000000 522.0000000000 1819.0000000000
522.0000000000 1819.0000000000 852.0000000000 2007.0000000000
1627.0000000000 2818.0000000000 2539.0000000000 2286.0000000000
1167.0000000000 1014.0000000000 634.0000000000 256.0000000000
634.0000000000 256.0000000000 848.0000000000 74.0000000000
