27 4
-1604.0000000000 0.0000000000 -1467.0000000000 128.0000000000
-1467.0000000000 128.0000000000 -1743.0000000000 245.0000000000
-1743.0000000000 245.0000000000 -1169.0000000000 227.0000000000
-1169.0000000000 227.0000000000 -1737.0000000000 369.0000000000
-1737.0000000000 369.0000000000 -1680.0000000000 1133.0000000000
-1680.0000000000 1133.0000000000 -1197.0000000000 1116.0000000000
-1103.0000000000 1225.0000000000 -1227.0000000000 1689.0000000000
-1227.0000000000 1689.0000000000 -696.0000000000 1564.0000000000
-696.0000000000 1564.0000000000 -683.0000000000 2235.0000000000
-683.0000000000 2235.0000000000 -270.0000000000 2198.0000000000
-270.0000000000 2198.0000000000 -145.0000000000 1655.0000000000
-145.0000000000 1655.0000000000 -154.0000000000 2197.0000000000
-154.0000000000 2197.0000000000 229.0000000000 2181.0000000000
229.0000000000 2181.0000000000 198.0000000000 1610.0000000000
198.0000000000 1610.0000000000 305.0000000000 2171.0000000000
382.0000000000 2167.0000000000 1172.0000000000 2115.0000000000
2655.0000000000 4250.0000000000 2531.0000000000 3898.0000000000
2531.0000000000 3898.0000000000 2908.0000000000 4002.0000000000
2898.0000000000 3846.0000000000 3179.0000000000 3789.0000000000
3694.0000000000 4249.0000000000 3636.0000000000 3900.0000000000
1937.0000000000 2006.0000000000 1691.0000000000 1369.0000000000
1691.0000000000 1369.0000000000 2092.0000000000 1577.0000000000
2092.0000000000 1577.0000000000 2079.0000000000 1402.0000000000
2079.0000000000 1402.0000000000 1714.0000000000 1113.0000000000
1714.0000000000 1113.0000000000 1740.0000000000 811.0000000000
1740.0000000000 811.0000000000 1242.0000000000 553.0000000000
1242.0000000000 553.0000000000 1256.0000000000 0.0000000000
