10 4
-1497.0000000000 0.0000000000 -2673.0000000000 568.0000000000
-2673.0000000000 568.0000000000 -2812.0000000000 701.0000000000
-2812.0000000000 701.0000000000 -2675.0000000000 1081.0000000000
-19417.0000000000 8645.0000000000 -18901.0000000000 9631.0000000000
-18901.0000000000 9631.0000000000 -18915.0000000000 10057.0000000000
-7400.0000000000 4991.0000000000 -7261.0000000000 5275.0000000000
-2275.0000000000 1714.0000000000 -1726.0000000000 1726.0000000000
-1726.0000000000 1726.0000000000 -1074.0000000000 1327.0000000000
-1005.0000000000 1383.0000000000 -1155.0000000000 1650.0000000000
-1155.0000000000 1650.0000000000 2136.0000000000 0.0000000000
