23 4
-688.0000000000 0.0000000000 -826.0000000000 131.0000000000
-1783.0000000000 314.0000000000 -1839.0000000000 527.0000000000
-1839.0000000000 527.0000000000 -1410.0000000000 485.0000000000
-1410.0000000000 485.0000000000 -1129.0000000000 733.0000000000
-1129.0000000000 733.0000000000 -1292.0000000000 1046.0000000000
-2112.0000000000 1772.0000000000 -2284.0000000000 2537.0000000000
-2384.0000000000 2945.0000000000 -2423.0000000000 3102.0000000000
-3628.0000000000 4815.0000000000 -3757.0000000000 5366.0000000000
-4542.0000000000 6734.0000000000 -3551.0000000000 6969.0000000000
-660.0000000000 1721.0000000000 -479.0000000000 1669.0000000000
-1581.0000000000 7438.0000000000 -536.0000000000 7671.0000000000
-147.0000000000 4217.0000000000 75.0000000000 4298.0000000000
285.0000000000 4076.0000000000 516.0000000000 3255.0000000000
516.0000000000 3255.0000000000 1326.0000000000 3453.0000000000
891.0000000000 2206.0000000000 837.0000000000 1880.0000000000
837.0000000000 1880.0000000000 911.0000000000 1578.0000000000
911.0000000000 1578.0000000000 1124.0000000000 1606.0000000000
1124.0000000000 1606.0000000000 1006.0000000000 1385.0000000000
1006.0000000000 1385.0000000000 1133.0000000000 1056.0000000000
1133.0000000000 1056.0000000000 1924.0000000000 1398.0000000000
1924.0000000000 1398.0000000000 1951.0000000000 994.0000000000
1988.0000000000 763.0000000000 1298.0000000000 372.0000000000
2123.0000000000 186.0000000000 2393.0000000000 84.0000000000
