16 4
-666.0000000000 0.0000000000 -426.0000000000 1487.0000000000
-426.0000000000 1487.0000000000 -479.0000000000 1789.0000000000
-628.0000000000 2517.0000000000 -170.0000000000 2431.0000000000
-170.0000000000 2431.0000000000 -95.0000000000 2717.0000000000
-95.0000000000 2717.0000000000 370.0000000000 2634.0000000000
370.0000000000 2634.0000000000 441.0000000000 2787.0000000000
441.0000000000 2787.0000000000 453.0000000000 2569.0000000000
453.0000000000 2569.0000000000 726.0000000000 2531.0000000000
1902.0000000000 6221.0000000000 2135.0000000000 6201.0000000000
2561.0000000000 7035.0000000000 2825.0000000000 6993.0000000000
2550.0000000000 6006.0000000000 2602.0000000000 5579.0000000000
2602.0000000000 5579.0000000000 2934.0000000000 5758.0000000000
2464.0000000000 4269.0000000000 2403.0000000000 3845.0000000000
2403.0000000000 3845.0000000000 2838.0000000000 3766.0000000000
2838.0000000000 3766.0000000000 2729.0000000000 3493.0000000000
1047.0000000000 1292.0000000000 836.0000000000 0.0000000000
