18 4
-1984.0000000000 209.0000000000 -2263.0000000000 1469.0000000000
-1682.0000000000 1514.0000000000 -1613.0000000000 1992.0000000000
-2945.0000000000 3769.0000000000 -3838.0000000000 7533.0000000000
-494.0000000000 4027.0000000000 -311.0000000000 3554.0000000000
-84.0000000000 2400.0000000000 623.0000000000 2174.0000000000
623.0000000000 2174.0000000000 823.0000000000 2389.0000000000
823.0000000000 2389.0000000000 966.0000000000 1817.0000000000
966.0000000000 1817.0000000000 2010.0000000000 2082.0000000000
3382.0000000000 2940.0000000000 2421.0000000000 1825.0000000000
2421.0000000000 1825.0000000000 4349.0000000000 2312.0000000000
10763.0000000000 5484.0000000000 10877.0000000000 4617.0000000000
10877.0000000000 4617.0000000000 11313.0000000000 4571.0000000000
12019.0000000000 4139.0000000000 12131.0000000000 3942.0000000000
17540.0000000000 5030.0000000000 17616.0000000000 4720.0000000000
19333.0000000000 4820.0000000000 19568.0000000000 3804.0000000000
10485.0000000000 1849.0000000000 10153.0000000000 1608.0000000000
11788.0000000000 1447.0000000000 11310.0000000000 989.0000000000
11446.0000000000 400.0000000000 11497.0000000000 201.0000000000
