14 4
-7040.0000000000 0.0000000000 -6207.0000000000 325.0000000000
-6207.0000000000 325.0000000000 -6352.0000000000 556.0000000000
-6352.0000000000 556.0000000000 -6006.0000000000 737.0000000000
-6006.0000000000 737.0000000000 -6094.0000000000 965.0000000000
-6279.0000000000 1565.0000000000 -2116.0000000000 3258.0000000000
-1617.0000000000 3467.0000000000 -934.0000000000 3747.0000000000
-934.0000000000 3747.0000000000 -571.0000000000 2935.0000000000
-571.0000000000 2935.0000000000 -109.0000000000 3123.0000000000
-53.0000000000 3013.0000000000 3467.0000000000 4438.0000000000
4876.0000000000 6021.0000000000 5936.0000000000 6366.0000000000
5936.0000000000 6366.0000000000 6439.0000000000 5214.0000000000
6439.0000000000 5214.0000000000 6530.0000000000 4744.0000000000
2633.0000000000 855.0000000000 1126.0000000000 239.0000000000
1126.0000000000 239.0000000000 1301.0000000000 0.0000000000
