9 4
-807.0000000000 0.0000000000 -1865.0000000000 1739.0000000000
-1865.0000000000 1739.0000000000 -1898.0000000000 1898.0000000000
-1898.0000000000 1898.0000000000 -1594.0000000000 2115.0000000000
-11768.0000000000 17446.0000000000 -10817.0000000000 18003.0000000000
-3480.0000000000 7815.0000000000 -3417.0000000000 8049.0000000000
-899.0000000000 2470.0000000000 -276.0000000000 1742.0000000000
-158.0000000000 1802.0000000000 -108.0000000000 1546.0000000000
-108.0000000000 1546.0000000000 60.0000000000 1721.0000000000
60.0000000000 1721.0000000000 1095.0000000000 0.0000000000
