22 4
-2152.0000000000 0.0000000000 -2164.0000000000 227.0000000000
-2164.0000000000 227.0000000000 -2376.0000000000 292.0000000000
-2376.0000000000 292.0000000000 -2190.0000000000 308.0000000000
-2190.0000000000 308.0000000000 -2119.0000000000 1175.0000000000
-2119.0000000000 1175.0000000000 -1613.0000000000 1172.0000000000
-1613.0000000000 1172.0000000000 -1529.0000000000 2104.0000000000
-1529.0000000000 2104.0000000000 -1634.0000000000 2334.0000000000
-1536.0000000000 2365.0000000000 -1619.0000000000 2921.0000000000
-1491.0000000000 2927.0000000000 -1475.0000000000 3313.0000000000
-1895.0000000000 4464.0000000000 -1742.0000000000 4538.0000000000
-2797.0000000000 7684.0000000000 -2705.0000000000 7855.0000000000
-1988.0000000000 7418.0000000000 -1680.0000000000 7277.0000000000
-1680.0000000000 7277.0000000000 -1548.0000000000 7964.0000000000
-1548.0000000000 7964.0000000000 -1124.0000000000 8000.0000000000
-1124.0000000000 8000.0000000000 -888.0000000000 8447.0000000000
-874.0000000000 12492.0000000000 -653.0000000000 12466.0000000000
-510.0000000000 14595.0000000000 -0.0000000000 14551.0000000000
744.0000000000 21313.0000000000 2229.0000000000 21212.0000000000
1942.0000000000 12263.0000000000 2595.0000000000 12206.0000000000
1762.0000000000 5763.0000000000 1863.0000000000 5410.0000000000
1664.0000000000 4571.0000000000 1331.0000000000 432.0000000000
1331.0000000000 432.0000000000 1197.0000000000 233.0000000000
