24 4
-4649.0000000000 0.0000000000 -4552.0000000000 159.0000000000
-4552.0000000000 159.0000000000 -4618.0000000000 323.0000000000
-4618.0000000000 323.0000000000 -5428.0000000000 571.0000000000
-5428.0000000000 571.0000000000 -5454.0000000000 962.0000000000
-5454.0000000000 962.0000000000 -5118.0000000000 995.0000000000
-5118.0000000000 995.0000000000 -5617.0000000000 1194.0000000000
-5617.0000000000 1194.0000000000 -832.0000000000 1441.0000000000
-832.0000000000 1441.0000000000 -814.0000000000 1668.0000000000
-2436.0000000000 5225.0000000000 -1312.0000000000 5264.0000000000
-995.0000000000 4312.0000000000 -1007.0000000000 5180.0000000000
-1183.0000000000 7472.0000000000 -787.0000000000 7491.0000000000
-787.0000000000 7491.0000000000 -666.0000000000 7608.0000000000
-1912.0000000000 27344.0000000000 -1435.0000000000 27373.0000000000
-622.0000000000 17810.0000000000 -0.0000000000 17537.0000000000
132.0000000000 7544.0000000000 396.0000000000 7553.0000000000
268.0000000000 3827.0000000000 509.0000000000 4143.0000000000
675.0000000000 4262.0000000000 876.0000000000 660.0000000000
876.0000000000 660.0000000000 1281.0000000000 625.0000000000
2069.0000000000 965.0000000000 2273.0000000000 965.0000000000
4139.0000000000 1672.0000000000 4387.0000000000 1684.0000000000
4387.0000000000 1684.0000000000 3990.0000000000 1374.0000000000
3192.0000000000 915.0000000000 3150.0000000000 727.0000000000
4854.0000000000 1032.0000000000 4872.0000000000 598.0000000000
4243.0000000000 446.0000000000 4237.0000000000 222.0000000000
