20 4
-1193.0000000000 0.0000000000 -1019.0000000000 391.0000000000
-1019.0000000000 391.0000000000 -1581.0000000000 988.0000000000
-2222.0000000000 1443.0000000000 -2129.0000000000 1724.0000000000
-3502.0000000000 2938.0000000000 -3451.0000000000 3218.0000000000
-3451.0000000000 3218.0000000000 -3732.0000000000 3865.0000000000
-3732.0000000000 3865.0000000000 -3269.0000000000 3505.0000000000
-3642.0000000000 4045.0000000000 -3197.0000000000 4923.0000000000
-3197.0000000000 4923.0000000000 -2864.0000000000 4584.0000000000
-613.0000000000 1152.0000000000 1023.0000000000 4432.0000000000
1786.0000000000 7164.0000000000 2060.0000000000 7689.0000000000
2885.0000000000 10062.0000000000 3049.0000000000 9973.0000000000
3049.0000000000 9973.0000000000 3357.0000000000 10333.0000000000
5731.0000000000 14931.0000000000 6730.0000000000 14432.0000000000
6730.0000000000 14432.0000000000 7038.0000000000 14431.0000000000
8812.0000000000 15898.0000000000 9108.0000000000 15776.0000000000
2107.0000000000 3009.0000000000 2032.0000000000 2797.0000000000
2032.0000000000 2797.0000000000 2292.0000000000 2830.0000000000
2415.0000000000 2778.0000000000 2714.0000000000 2621.0000000000
2847.0000000000 2563.0000000000 4004.0000000000 1953.0000000000
869.0000000000 405.0000000000 681.0000000000 0.0000000000
