22 4
-3449.0000000000 60.0000000000 -2867.0000000000 200.0000000000
-2867.0000000000 200.0000000000 -3428.0000000000 360.0000000000
-2779.0000000000 341.0000000000 -3649.0000000000 643.0000000000
-3649.0000000000 643.0000000000 -3448.0000000000 1054.0000000000
-2391.0000000000 777.0000000000 -2130.0000000000 904.0000000000
-1487.0000000000 662.0000000000 -1206.0000000000 563.0000000000
-1206.0000000000 563.0000000000 -2295.0000000000 1272.0000000000
-2295.0000000000 1272.0000000000 -2034.0000000000 1222.0000000000
-2735.0000000000 1709.0000000000 -2988.0000000000 2015.0000000000
-8675.0000000000 6778.0000000000 -8340.0000000000 6753.0000000000
-8225.0000000000 7150.0000000000 -7540.0000000000 7031.0000000000
-4808.0000000000 4979.0000000000 -4347.0000000000 4662.0000000000
-2988.0000000000 3561.0000000000 -1123.0000000000 2112.0000000000
-3074.0000000000 6592.0000000000 -2821.0000000000 6646.0000000000
-2549.0000000000 7003.0000000000 -2544.0000000000 7831.0000000000
-2544.0000000000 7831.0000000000 -2321.0000000000 8096.0000000000
-432.0000000000 1612.0000000000 823.0000000000 643.0000000000
2018.0000000000 1261.0000000000 1859.0000000000 1117.0000000000
3968.0000000000 2200.0000000000 4196.0000000000 2138.0000000000
4809.0000000000 2242.0000000000 4752.0000000000 2017.0000000000
11596.0000000000 4221.0000000000 11476.0000000000 3951.0000000000
10268.0000000000 1810.0000000000 10450.0000000000 1283.0000000000
