38 4
-2094.0000000000 73.0000000000 -2601.0000000000 136.0000000000
-2601.0000000000 136.0000000000 -2074.0000000000 145.0000000000
-2074.0000000000 145.0000000000 -2299.0000000000 201.0000000000
-13795.0000000000 1939.0000000000 -13379.0000000000 2119.0000000000
-10891.0000000000 2715.0000000000 -10930.0000000000 2929.0000000000
-9225.0000000000 3177.0000000000 -9266.0000000000 3373.0000000000
-9266.0000000000 3373.0000000000 -7379.0000000000 3599.0000000000
-7379.0000000000 3599.0000000000 -7358.0000000000 4079.0000000000
-7358.0000000000 4079.0000000000 -7195.0000000000 4154.0000000000
-7174.0000000000 4311.0000000000 -7304.0000000000 4564.0000000000
-7304.0000000000 4564.0000000000 -6890.0000000000 4474.0000000000
-6890.0000000000 4474.0000000000 -6743.0000000000 4548.0000000000
-6743.0000000000 4548.0000000000 -6964.0000000000 4876.0000000000
-6964.0000000000 4876.0000000000 -6582.0000000000 4782.0000000000
-5809.0000000000 4874.0000000000 -5621.0000000000 4886.0000000000
-5621.0000000000 4886.0000000000 -5089.0000000000 4745.0000000000
-5089.0000000000 4745.0000000000 -5208.0000000000 5029.0000000000
-4724.0000000000 5065.0000000000 -4178.0000000000 4807.0000000000
-3020.0000000000 4650.0000000000 -2688.0000000000 4656.0000000000
-3321.0000000000 5992.0000000000 -2722.0000000000 6113.0000000000
-2005.0000000000 4723.0000000000 -1700.0000000000 4671.0000000000
-1896.0000000000 5836.0000000000 -1592.0000000000 5942.0000000000
-1141.0000000000 4942.0000000000 -1001.0000000000 4709.0000000000
-1001.0000000000 4709.0000000000 -797.0000000000 5032.0000000000
-797.0000000000 5032.0000000000 -762.0000000000 5420.0000000000
-762.0000000000 5420.0000000000 -613.0000000000 4992.0000000000
-462.0000000000 4396.0000000000 -290.0000000000 4146.0000000000
-290.0000000000 4146.0000000000 -0.0000000000 4196.0000000000
997.0000000000 4690.0000000000 1016.0000000000 4076.0000000000
1016.0000000000 4076.0000000000 1164.0000000000 4346.0000000000
1206.0000000000 4206.0000000000 1406.0000000000 4327.0000000000
1406.0000000000 4327.0000000000 1523.0000000000 4184.0000000000
1523.0000000000 4184.0000000000 1527.0000000000 3598.0000000000
1527.0000000000 3598.0000000000 1779.0000000000 3997.0000000000
1343.0000000000 2880.0000000000 2418.0000000000 1396.0000000000
3031.0000000000 1612.0000000000 3256.0000000000 1382.0000000000
3167.0000000000 1090.0000000000 3309.0000000000 1012.0000000000
3213.0000000000 921.0000000000 3575.0000000000 0.0000000000
