23 4
-1040.0000000000 0.0000000000 -762.0000000000 476.0000000000
-5458.0000000000 3545.0000000000 -4950.0000000000 4457.0000000000
-4950.0000000000 4457.0000000000 -4592.0000000000 4435.0000000000
-4592.0000000000 4435.0000000000 -4191.0000000000 4191.0000000000
-3703.0000000000 3834.0000000000 -3213.0000000000 3696.0000000000
-3213.0000000000 3696.0000000000 -3137.0000000000 3873.0000000000
-2601.0000000000 3329.0000000000 -1591.0000000000 2757.0000000000
-1591.0000000000 2757.0000000000 -1376.0000000000 2482.0000000000
-1376.0000000000 2482.0000000000 -966.0000000000 2517.0000000000
-966.0000000000 2517.0000000000 -850.0000000000 2336.0000000000
-789.0000000000 2429.0000000000 -648.0000000000 2120.0000000000
-633.0000000000 2209.0000000000 -316.0000000000 2252.0000000000
-316.0000000000 2252.0000000000 -67.0000000000 1905.0000000000
-67.0000000000 1905.0000000000 37.0000000000 2127.0000000000
132.0000000000 1505.0000000000 932.0000000000 932.0000000000
932.0000000000 932.0000000000 1256.0000000000 1131.0000000000
1256.0000000000 1131.0000000000 1111.0000000000 900.0000000000
1952.0000000000 1525.0000000000 2118.0000000000 1323.0000000000
1817.0000000000 809.0000000000 2216.0000000000 851.0000000000
2216.0000000000 851.0000000000 2007.0000000000 691.0000000000
2579.0000000000 548.0000000000 2289.0000000000 404.0000000000
2289.0000000000 404.0000000000 3199.0000000000 224.0000000000
3264.0000000000 114.0000000000 3029.0000000000 0.0000000000
