21 4
-700.0000000000 0.0000000000 -872.0000000000 317.0000000000
-783.0000000000 434.0000000000 -932.0000000000 538.0000000000
-6352.0000000000 4448.0000000000 -6454.0000000000 4689.0000000000
-6454.0000000000 4689.0000000000 -6271.0000000000 4725.0000000000
-6271.0000000000 4725.0000000000 -6288.0000000000 4913.0000000000
-5489.0000000000 4445.0000000000 -5272.0000000000 4424.0000000000
-5272.0000000000 4424.0000000000 -4682.0000000000 4848.0000000000
-2834.0000000000 3040.0000000000 -2488.0000000000 2764.0000000000
-2488.0000000000 2764.0000000000 -2299.0000000000 2943.0000000000
-2299.0000000000 2943.0000000000 -2330.0000000000 3207.0000000000
-2330.0000000000 3207.0000000000 -2082.0000000000 3087.0000000000
-1956.0000000000 3130.0000000000 -2220.0000000000 4006.0000000000
-2220.0000000000 4006.0000000000 -2092.0000000000 4106.0000000000
-2092.0000000000 4106.0000000000 -1643.0000000000 3524.0000000000
-1643.0000000000 3524.0000000000 -1776.0000000000 4185.0000000000
-1776.0000000000 4185.0000000000 -1449.0000000000 3775.0000000000
-1449.0000000000 3775.0000000000 -1255.0000000000 4106.0000000000
-1255.0000000000 4106.0000000000 -979.0000000000 3926.0000000000
-348.0000000000 1635.0000000000 -145.0000000000 1381.0000000000
-145.0000000000 1381.0000000000 -53.0000000000 1005.0000000000
37.0000000000 1052.0000000000 871.0000000000 0.0000000000
