30 4
-1251.0000000000 0.0000000000 -665.0000000000 47.0000000000
-665.0000000000 47.0000000000 -1368.0000000000 498.0000000000
-9432.0000000000 3811.0000000000 -9395.0000000000 3988.0000000000
-11477.0000000000 6896.0000000000 -11577.0000000000 7234.0000000000
-11577.0000000000 7234.0000000000 -11511.0000000000 7475.0000000000
-12608.0000000000 8828.0000000000 -12492.0000000000 9076.0000000000
-11476.0000000000 8647.0000000000 -11147.0000000000 9026.0000000000
-6371.0000000000 7075.0000000000 -6052.0000000000 7473.0000000000
-6052.0000000000 7473.0000000000 -5583.0000000000 7146.0000000000
-5583.0000000000 7146.0000000000 -5439.0000000000 7486.0000000000
-5439.0000000000 7486.0000000000 -5087.0000000000 7833.0000000000
-3609.0000000000 5776.0000000000 -3719.0000000000 6189.0000000000
-2991.0000000000 5625.0000000000 -2554.0000000000 5236.0000000000
-2554.0000000000 5236.0000000000 -2593.0000000000 5560.0000000000
-1997.0000000000 4486.0000000000 -1853.0000000000 4365.0000000000
-1853.0000000000 4365.0000000000 -1877.0000000000 4645.0000000000
-1877.0000000000 4645.0000000000 -1671.0000000000 4590.0000000000
-1671.0000000000 4590.0000000000 -1332.0000000000 4101.0000000000
-1332.0000000000 4101.0000000000 -992.0000000000 4299.0000000000
-992.0000000000 4299.0000000000 -842.0000000000 3961.0000000000
-842.0000000000 3961.0000000000 1291.0000000000 2648.0000000000
1291.0000000000 2648.0000000000 1145.0000000000 2248.0000000000
1145.0000000000 2248.0000000000 1292.0000000000 2150.0000000000
2292.0000000000 3669.0000000000 3069.0000000000 3178.0000000000
2447.0000000000 2447.0000000000 2010.0000000000 1687.0000000000
2010.0000000000 1687.0000000000 2352.0000000000 1470.0000000000
2352.0000000000 1470.0000000000 1927.0000000000 1158.0000000000
1927.0000000000 1158.0000000000 2483.0000000000 1376.0000000000
1592.0000000000 846.0000000000 1116.0000000000 237.0000000000
1116.0000000000 237.0000000000 1426.0000000000 0.0000000000
