50 4
-5673.0000000000 0.0000000000 -4616.0000000000 161.0000000000
-5539.0000000000 290.0000000000 -5052.0000000000 442.0000000000
-5052.0000000000 442.0000000000 -5457.0000000000 574.0000000000
-5517.0000000000 677.0000000000 -5243.0000000000 737.0000000000
-5243.0000000000 737.0000000000 -5620.0000000000 890.0000000000
-5620.0000000000 890.0000000000 -5616.0000000000 1092.0000000000
-5668.0000000000 1413.0000000000 -5434.0000000000 1456.0000000000
-5434.0000000000 1456.0000000000 -5773.0000000000 1655.0000000000
-4845.0000000000 2363.0000000000 -5321.0000000000 2711.0000000000
-5321.0000000000 2711.0000000000 -5061.0000000000 2805.0000000000
-5061.0000000000 2805.0000000000 -5032.0000000000 3023.0000000000
-4749.0000000000 3579.0000000000 -4788.0000000000 3877.0000000000
-4896.0000000000 4566.0000000000 -4863.0000000000 4863.0000000000
-4863.0000000000 4863.0000000000 -5444.0000000000 5838.0000000000
-5444.0000000000 5838.0000000000 -4988.0000000000 5539.0000000000
-5509.0000000000 6565.0000000000 -5616.0000000000 6935.0000000000
-5616.0000000000 6935.0000000000 -5318.0000000000 7057.0000000000
-5278.0000000000 7825.0000000000 -5001.0000000000 7702.0000000000
-5001.0000000000 7702.0000000000 -4898.0000000000 7839.0000000000
-4619.0000000000 8000.0000000000 -4033.0000000000 8648.0000000000
-3477.0000000000 8191.0000000000 -3249.0000000000 8041.0000000000
-3330.0000000000 8676.0000000000 -2369.0000000000 9500.0000000000
-2369.0000000000 9500.0000000000 -1938.0000000000 9117.0000000000
-778.0000000000 4003.0000000000 -394.0000000000 3206.0000000000
-394.0000000000 3206.0000000000 -115.0000000000 3293.0000000000
-115.0000000000 3293.0000000000 -64.0000000000 3655.0000000000
-64.0000000000 3655.0000000000 304.0000000000 2896.0000000000
304.0000000000 2896.0000000000 587.0000000000 3021.0000000000
587.0000000000 3021.0000000000 704.0000000000 3311.0000000000
704.0000000000 3311.0000000000 783.0000000000 3139.0000000000
783.0000000000 3139.0000000000 1124.0000000000 3265.0000000000
4005.0000000000 9913.0000000000 4137.0000000000 9746.0000000000
4183.0000000000 8210.0000000000 4095.0000000000 7702.0000000000
4095.0000000000 7702.0000000000 4259.0000000000 7684.0000000000
3949.0000000000 6320.0000000000 3818.0000000000 5879.0000000000
3818.0000000000 5879.0000000000 4045.0000000000 5567.0000000000
4045.0000000000 5567.0000000000 4106.0000000000 5255.0000000000
4106.0000000000 5255.0000000000 5174.0000000000 5746.0000000000
5770.0000000000 6187.0000000000 6606.0000000000 6606.0000000000
2137.0000000000 2064.0000000000 2180.0000000000 1895.0000000000
1687.0000000000 1181.0000000000 2352.0000000000 1528.0000000000
2352.0000000000 1528.0000000000 2460.0000000000 1308.0000000000
2460.0000000000 1308.0000000000 2916.0000000000 1486.0000000000
3614.0000000000 1763.0000000000 3475.0000000000 1620.0000000000
2928.0000000000 951.0000000000 3084.0000000000 656.0000000000
3084.0000000000 656.0000000000 2854.0000000000 555.0000000000
2854.0000000000 555.0000000000 3081.0000000000 543.0000000000
2330.0000000000 369.0000000000 2635.0000000000 324.0000000000
2635.0000000000 324.0000000000 2350.0000000000 164.0000000000
2350.0000000000 164.0000000000 2420.0000000000 0.0000000000
