15 4
-793.0000000000 0.0000000000 -841.0000000000 447.0000000000
-3398.0000000000 1883.0000000000 -3412.0000000000 2050.0000000000
-3412.0000000000 2050.0000000000 -3178.0000000000 1986.0000000000
-3178.0000000000 1986.0000000000 -3406.0000000000 2297.0000000000
-3406.0000000000 2297.0000000000 -3087.0000000000 2326.0000000000
-2183.0000000000 1832.0000000000 -1813.0000000000 1877.0000000000
-1821.0000000000 2023.0000000000 -1680.0000000000 1933.0000000000
-1680.0000000000 1933.0000000000 -1794.0000000000 2138.0000000000
-1794.0000000000 2138.0000000000 -1511.0000000000 2158.0000000000
-1511.0000000000 2158.0000000000 -1477.0000000000 2457.0000000000
-1120.0000000000 1940.0000000000 526.0000000000 2111.0000000000
612.0000000000 2001.0000000000 559.0000000000 1721.0000000000
559.0000000000 1721.0000000000 712.0000000000 2068.0000000000
712.0000000000 2068.0000000000 562.0000000000 1465.0000000000
562.0000000000 1465.0000000000 769.0000000000 0.0000000000
