48 4
-7036.0000000000 123.0000000000 -6628.0000000000 231.0000000000
-5956.0000000000 417.0000000000 -5782.0000000000 608.0000000000
-5782.0000000000 608.0000000000 -5910.0000000000 726.0000000000
-5910.0000000000 726.0000000000 -5761.0000000000 810.0000000000
-5761.0000000000 810.0000000000 -6122.0000000000 970.0000000000
-6410.0000000000 1362.0000000000 -6147.0000000000 1419.0000000000
-6147.0000000000 1419.0000000000 -6153.0000000000 1649.0000000000
-6153.0000000000 1649.0000000000 -6541.0000000000 2000.0000000000
-7607.0000000000 2472.0000000000 -7186.0000000000 2474.0000000000
-6527.0000000000 2505.0000000000 -6798.0000000000 2886.0000000000
-6595.0000000000 3217.0000000000 -6363.0000000000 3242.0000000000
-6363.0000000000 3242.0000000000 -6396.0000000000 3401.0000000000
-7507.0000000000 4334.0000000000 -7272.0000000000 4370.0000000000
-7272.0000000000 4370.0000000000 -7301.0000000000 4562.0000000000
-7301.0000000000 4562.0000000000 -7096.0000000000 4786.0000000000
-7096.0000000000 4786.0000000000 -7047.0000000000 5120.0000000000
-6919.0000000000 5406.0000000000 -6730.0000000000 5647.0000000000
-6730.0000000000 5647.0000000000 -5869.0000000000 5284.0000000000
-5869.0000000000 5284.0000000000 -6122.0000000000 5912.0000000000
-6122.0000000000 5912.0000000000 -5816.0000000000 6459.0000000000
-1478.0000000000 1825.0000000000 -1224.0000000000 2037.0000000000
-1224.0000000000 2037.0000000000 -1411.0000000000 2444.0000000000
-1411.0000000000 2444.0000000000 -721.0000000000 1786.0000000000
-721.0000000000 1786.0000000000 -468.0000000000 2027.0000000000
-468.0000000000 2027.0000000000 -497.0000000000 2337.0000000000
-497.0000000000 2337.0000000000 -348.0000000000 2197.0000000000
-348.0000000000 2197.0000000000 -83.0000000000 2385.0000000000
-0.0000000000 9869.0000000000 168.0000000000 9649.0000000000
168.0000000000 9649.0000000000 336.0000000000 9635.0000000000
545.0000000000 10390.0000000000 715.0000000000 10221.0000000000
693.0000000000 7921.0000000000 842.0000000000 8015.0000000000
1063.0000000000 7566.0000000000 1214.0000000000 7666.0000000000
1451.0000000000 6287.0000000000 1546.0000000000 5769.0000000000
1546.0000000000 5769.0000000000 1823.0000000000 5611.0000000000
1823.0000000000 5611.0000000000 1952.0000000000 5364.0000000000
1952.0000000000 5364.0000000000 2203.0000000000 5454.0000000000
2203.0000000000 5454.0000000000 2621.0000000000 5887.0000000000
3125.0000000000 6701.0000000000 4184.0000000000 7870.0000000000
2767.0000000000 4793.0000000000 3346.0000000000 4283.0000000000
1304.0000000000 1610.0000000000 1699.0000000000 1234.0000000000
1699.0000000000 1234.0000000000 1546.0000000000 1082.0000000000
1546.0000000000 1082.0000000000 1752.0000000000 1182.0000000000
2190.0000000000 1116.0000000000 2517.0000000000 818.0000000000
2517.0000000000 818.0000000000 2035.0000000000 622.0000000000
2035.0000000000 622.0000000000 2649.0000000000 710.0000000000
1798.0000000000 448.0000000000 1509.0000000000 348.0000000000
2781.0000000000 591.0000000000 2479.0000000000 348.0000000000
2362.0000000000 207.0000000000 2113.0000000000 148.0000000000
