51 4
-2418.0000000000 0.0000000000 -2071.0000000000 109.0000000000
-2071.0000000000 109.0000000000 -2288.0000000000 160.0000000000
-2288.0000000000 160.0000000000 -2664.0000000000 566.0000000000
-2664.0000000000 566.0000000000 -2424.0000000000 560.0000000000
-2355.0000000000 631.0000000000 -2209.0000000000 761.0000000000
-2209.0000000000 761.0000000000 -2400.0000000000 1019.0000000000
-6714.0000000000 3722.0000000000 -6532.0000000000 3771.0000000000
-6532.0000000000 3771.0000000000 -6639.0000000000 4149.0000000000
-9660.0000000000 6273.0000000000 -9523.0000000000 6423.0000000000
-10787.0000000000 7837.0000000000 -10644.0000000000 8021.0000000000
-10644.0000000000 8021.0000000000 -10290.0000000000 8039.0000000000
-10290.0000000000 8039.0000000000 -10144.0000000000 8215.0000000000
-10144.0000000000 8215.0000000000 -9607.0000000000 8061.0000000000
-9607.0000000000 8061.0000000000 -9339.0000000000 8409.0000000000
-9716.0000000000 9060.0000000000 -9325.0000000000 9325.0000000000
-9325.0000000000 9325.0000000000 -9135.0000000000 9796.0000000000
-6082.0000000000 7511.0000000000 -5900.0000000000 7552.0000000000
-6409.0000000000 8505.0000000000 -6169.0000000000 8811.0000000000
-5346.0000000000 7926.0000000000 -5254.0000000000 8090.0000000000
-7123.0000000000 11399.0000000000 -6961.0000000000 11585.0000000000
-5759.0000000000 10830.0000000000 -4639.0000000000 9948.0000000000
-3775.0000000000 8480.0000000000 -3621.0000000000 8529.0000000000
-3113.0000000000 7705.0000000000 -2928.0000000000 7627.0000000000
-2375.0000000000 7311.0000000000 -1256.0000000000 5911.0000000000
-1140.0000000000 5862.0000000000 -949.0000000000 5992.0000000000
-949.0000000000 5992.0000000000 -876.0000000000 6235.0000000000
-876.0000000000 6235.0000000000 -729.0000000000 5937.0000000000
-729.0000000000 5937.0000000000 -215.0000000000 6170.0000000000
-106.0000000000 6089.0000000000 407.0000000000 4651.0000000000
407.0000000000 4651.0000000000 675.0000000000 4804.0000000000
675.0000000000 4804.0000000000 1070.0000000000 5505.0000000000
1070.0000000000 5505.0000000000 1134.0000000000 4914.0000000000
1134.0000000000 4914.0000000000 1325.0000000000 5314.0000000000
1325.0000000000 5314.0000000000 1462.0000000000 5099.0000000000
2136.0000000000 4379.0000000000 2271.0000000000 4097.0000000000
2271.0000000000 4097.0000000000 2442.0000000000 4065.0000000000
2442.0000000000 4065.0000000000 2285.0000000000 3657.0000000000
2196.0000000000 2355.0000000000 2111.0000000000 2186.0000000000
3055.0000000000 3055.0000000000 3117.0000000000 2907.0000000000
3117.0000000000 2907.0000000000 3444.0000000000 3101.0000000000
3444.0000000000 3101.0000000000 3397.0000000000 2850.0000000000
2234.0000000000 1683.0000000000 2469.0000000000 1794.0000000000
3638.0000000000 2273.0000000000 3528.0000000000 2037.0000000000
3430.0000000000 1386.0000000000 2717.0000000000 989.0000000000
3875.0000000000 1334.0000000000 3711.0000000000 1135.0000000000
3711.0000000000 1135.0000000000 3857.0000000000 890.0000000000
3857.0000000000 890.0000000000 4027.0000000000 856.0000000000
4027.0000000000 856.0000000000 3480.0000000000 551.0000000000
3480.0000000000 551.0000000000 3964.0000000000 557.0000000000
3461.0000000000 364.0000000000 3154.0000000000 276.0000000000
3973.0000000000 69.0000000000 3732.0000000000 0.0000000000
