28 4
-1787.0000000000 219.0000000000 -2039.0000000000 287.0000000000
-2039.0000000000 287.0000000000 -2067.0000000000 1394.0000000000
-2067.0000000000 1394.0000000000 -1802.0000000000 1459.0000000000
-1802.0000000000 1459.0000000000 -1823.0000000000 2808.0000000000
-1823.0000000000 2808.0000000000 -2103.0000000000 3500.0000000000
-2103.0000000000 3500.0000000000 -2133.0000000000 4011.0000000000
-2110.0000000000 4141.0000000000 -1858.0000000000 4172.0000000000
-1858.0000000000 4172.0000000000 -1882.0000000000 4658.0000000000
-1882.0000000000 4658.0000000000 -1707.0000000000 4448.0000000000
-1707.0000000000 4448.0000000000 -1461.0000000000 4496.0000000000
-1461.0000000000 4496.0000000000 -1261.0000000000 5059.0000000000
-1307.0000000000 5663.0000000000 -1295.0000000000 6663.0000000000
-1443.0000000000 11749.0000000000 -612.0000000000 11671.0000000000
-612.0000000000 11671.0000000000 -413.0000000000 11834.0000000000
-413.0000000000 11834.0000000000 1038.0000000000 11868.0000000000
769.0000000000 5468.0000000000 811.0000000000 5118.0000000000
811.0000000000 5118.0000000000 997.0000000000 5128.0000000000
997.0000000000 5128.0000000000 1125.0000000000 4875.0000000000
1125.0000000000 4875.0000000000 1879.0000000000 4894.0000000000
1879.0000000000 4894.0000000000 1969.0000000000 4222.0000000000
1969.0000000000 4222.0000000000 2151.0000000000 4221.0000000000
2151.0000000000 4221.0000000000 2167.0000000000 3469.0000000000
2167.0000000000 3469.0000000000 1927.0000000000 2968.0000000000
1927.0000000000 2968.0000000000 1953.0000000000 1526.0000000000
1953.0000000000 1526.0000000000 2223.0000000000 1499.0000000000
2223.0000000000 1499.0000000000 2251.0000000000 397.0000000000
2251.0000000000 397.0000000000 2001.0000000000 281.0000000000
2001.0000000000 281.0000000000 2006.0000000000 0.0000000000
