10 4
-1196.0000000000 0.0000000000 -1087.0000000000 3556.0000000000
-1218.0000000000 4547.0000000000 -154.0000000000 4403.0000000000
-154.0000000000 4403.0000000000 -80.0000000000 4580.0000000000
-80.0000000000 4580.0000000000 2095.0000000000 4493.0000000000
2095.0000000000 4493.0000000000 2483.0000000000 4874.0000000000
2483.0000000000 4874.0000000000 3035.0000000000 4858.0000000000
1991.0000000000 3066.0000000000 1987.0000000000 2637.0000000000
1219.0000000000 1560.0000000000 1263.0000000000 246.0000000000
1263.0000000000 246.0000000000 1171.0000000000 82.0000000000
1171.0000000000 82.0000000000 862.0000000000 0.0000000000
