41 4
-3961.0000000000 416.0000000000 -4903.0000000000 689.0000000000
-5064.0000000000 1076.0000000000 -5018.0000000000 1345.0000000000
-5018.0000000000 1345.0000000000 -5558.0000000000 1594.0000000000
-4454.0000000000 1447.0000000000 -4927.0000000000 1697.0000000000
-4927.0000000000 1697.0000000000 -4364.0000000000 1675.0000000000
-4364.0000000000 1675.0000000000 -4578.0000000000 1849.0000000000
-4578.0000000000 1849.0000000000 -4206.0000000000 1785.0000000000
-4206.0000000000 1785.0000000000 -4366.0000000000 1944.0000000000
-4286.0000000000 1999.0000000000 -5387.0000000000 4362.0000000000
-5387.0000000000 4362.0000000000 -5040.0000000000 4538.0000000000
-5612.0000000000 5234.0000000000 -5472.0000000000 5472.0000000000
-5472.0000000000 5472.0000000000 -5740.0000000000 6156.0000000000
-5671.0000000000 6298.0000000000 -5390.0000000000 6423.0000000000
-5390.0000000000 6423.0000000000 -5072.0000000000 6264.0000000000
-4497.0000000000 5967.0000000000 -3897.0000000000 6237.0000000000
-4142.0000000000 6893.0000000000 -3248.0000000000 7296.0000000000
-1591.0000000000 3937.0000000000 -1392.0000000000 3825.0000000000
-1392.0000000000 3825.0000000000 -1397.0000000000 4299.0000000000
-1244.0000000000 4339.0000000000 -1320.0000000000 4925.0000000000
-1012.0000000000 4059.0000000000 -975.0000000000 4223.0000000000
-975.0000000000 4223.0000000000 -841.0000000000 3956.0000000000
-693.0000000000 3928.0000000000 -515.0000000000 4194.0000000000
-812.0000000000 7723.0000000000 -277.0000000000 7927.0000000000
-277.0000000000 7927.0000000000 1067.0000000000 5020.0000000000
840.0000000000 3638.0000000000 1063.0000000000 3708.0000000000
1063.0000000000 3708.0000000000 1069.0000000000 3498.0000000000
1069.0000000000 3498.0000000000 1275.0000000000 3504.0000000000
1275.0000000000 3504.0000000000 1205.0000000000 2984.0000000000
1205.0000000000 2984.0000000000 1430.0000000000 3369.0000000000
1430.0000000000 3369.0000000000 2005.0000000000 3770.0000000000
1996.0000000000 3195.0000000000 2174.0000000000 3105.0000000000
2174.0000000000 3105.0000000000 2091.0000000000 2878.0000000000
2091.0000000000 2878.0000000000 2312.0000000000 3068.0000000000
2312.0000000000 3068.0000000000 2075.0000000000 2656.0000000000
2075.0000000000 2656.0000000000 2386.0000000000 2947.0000000000
2386.0000000000 2947.0000000000 2490.0000000000 2765.0000000000
2514.0000000000 2344.0000000000 2885.0000000000 2421.0000000000
2874.0000000000 2013.0000000000 3091.0000000000 2085.0000000000
3247.0000000000 1727.0000000000 3314.0000000000 1546.0000000000
2757.0000000000 1114.0000000000 2290.0000000000 879.0000000000
2321.0000000000 536.0000000000 2593.0000000000 504.0000000000
