24 4
-1744.0000000000 0.0000000000 -1742.0000000000 812.0000000000
-1742.0000000000 812.0000000000 -1996.0000000000 974.0000000000
-1996.0000000000 974.0000000000 -1979.0000000000 2049.0000000000
-1979.0000000000 2049.0000000000 -1773.0000000000 2040.0000000000
-1773.0000000000 2040.0000000000 -1742.0000000000 2682.0000000000
-1742.0000000000 2682.0000000000 -1317.0000000000 2701.0000000000
-1211.0000000000 2597.0000000000 -1105.0000000000 2734.0000000000
-1105.0000000000 2734.0000000000 -1111.0000000000 3225.0000000000
-1253.0000000000 3856.0000000000 -1251.0000000000 4092.0000000000
-1110.0000000000 4141.0000000000 -1105.0000000000 6264.0000000000
-1185.0000000000 9651.0000000000 -333.0000000000 9537.0000000000
-333.0000000000 9537.0000000000 -0.0000000000 9715.0000000000
-0.0000000000 9715.0000000000 1711.0000000000 9701.0000000000
935.0000000000 4808.0000000000 1232.0000000000 4940.0000000000
1232.0000000000 4940.0000000000 1230.0000000000 4591.0000000000
941.0000000000 3282.0000000000 965.0000000000 2971.0000000000
965.0000000000 2971.0000000000 1237.0000000000 3062.0000000000
1237.0000000000 3062.0000000000 1264.0000000000 2711.0000000000
1264.0000000000 2711.0000000000 2044.0000000000 2712.0000000000
2044.0000000000 2712.0000000000 2060.0000000000 2133.0000000000
2060.0000000000 2133.0000000000 2297.0000000000 1997.0000000000
2297.0000000000 1997.0000000000 2301.0000000000 977.0000000000
2301.0000000000 977.0000000000 2042.0000000000 784.0000000000
2042.0000000000 784.0000000000 2034.0000000000 0.0000000000
