34 4
-819.0000000000 0.0000000000 -870.0000000000 169.0000000000
-870.0000000000 169.0000000000 -1362.0000000000 289.0000000000
-1362.0000000000 289.0000000000 -926.0000000000 356.0000000000
-926.0000000000 356.0000000000 -938.0000000000 707.0000000000
-6624.0000000000 5175.0000000000 -6505.0000000000 5459.0000000000
-6505.0000000000 5459.0000000000 -6821.0000000000 5929.0000000000
-6821.0000000000 5929.0000000000 -6632.0000000000 5971.0000000000
-3951.0000000000 3951.0000000000 -3791.0000000000 3925.0000000000
-3797.0000000000 4072.0000000000 -3625.0000000000 4170.0000000000
-3437.0000000000 4245.0000000000 -3270.0000000000 4186.0000000000
-3270.0000000000 4186.0000000000 -3029.0000000000 4326.0000000000
-3029.0000000000 4326.0000000000 -2724.0000000000 4039.0000000000
-2724.0000000000 4039.0000000000 -2092.0000000000 4106.0000000000
-2092.0000000000 4106.0000000000 -2227.0000000000 5246.0000000000
-4564.0000000000 13256.0000000000 -4324.0000000000 13308.0000000000
-4324.0000000000 13308.0000000000 -4139.0000000000 13539.0000000000
-1184.0000000000 4419.0000000000 160.0000000000 4588.0000000000
181.0000000000 3447.0000000000 328.0000000000 2669.0000000000
670.0000000000 4765.0000000000 1022.0000000000 4807.0000000000
497.0000000000 1733.0000000000 544.0000000000 1345.0000000000
544.0000000000 1345.0000000000 1279.0000000000 1471.0000000000
1279.0000000000 1471.0000000000 1087.0000000000 1208.0000000000
1693.0000000000 1815.0000000000 2113.0000000000 1902.0000000000
2113.0000000000 1902.0000000000 1880.0000000000 1634.0000000000
1880.0000000000 1634.0000000000 2321.0000000000 1948.0000000000
2321.0000000000 1948.0000000000 2474.0000000000 1864.0000000000
2263.0000000000 1469.0000000000 1869.0000000000 1168.0000000000
1201.0000000000 722.0000000000 1528.0000000000 882.0000000000
2309.0000000000 1280.0000000000 2349.0000000000 1095.0000000000
4315.0000000000 1076.0000000000 4227.0000000000 898.0000000000
9310.0000000000 1308.0000000000 9362.0000000000 984.0000000000
8787.0000000000 614.0000000000 9203.0000000000 482.0000000000
9203.0000000000 482.0000000000 8721.0000000000 305.0000000000
8721.0000000000 305.0000000000 8786.0000000000 0.0000000000
