30 4
-1716.0000000000 0.0000000000 -1067.0000000000 37.0000000000
-1067.0000000000 37.0000000000 -939.0000000000 342.0000000000
-939.0000000000 342.0000000000 -1321.0000000000 561.0000000000
-1263.0000000000 700.0000000000 -863.0000000000 519.0000000000
-863.0000000000 519.0000000000 -658.0000000000 812.0000000000
-5606.0000000000 8312.0000000000 -5425.0000000000 8682.0000000000
-5425.0000000000 8682.0000000000 -4895.0000000000 8479.0000000000
-3622.0000000000 7426.0000000000 -3332.0000000000 7485.0000000000
-3332.0000000000 7485.0000000000 -2987.0000000000 7036.0000000000
-2987.0000000000 7036.0000000000 -2887.0000000000 7522.0000000000
-2399.0000000000 7846.0000000000 -2159.0000000000 8056.0000000000
-2159.0000000000 8056.0000000000 -2145.0000000000 8605.0000000000
-2145.0000000000 8605.0000000000 -1965.0000000000 8511.0000000000
-903.0000000000 5124.0000000000 -860.0000000000 5429.0000000000
-751.0000000000 5346.0000000000 -676.0000000000 5510.0000000000
-438.0000000000 5009.0000000000 -173.0000000000 4959.0000000000
-173.0000000000 4959.0000000000 -79.0000000000 4511.0000000000
-79.0000000000 4511.0000000000 228.0000000000 4358.0000000000
310.0000000000 4429.0000000000 517.0000000000 4207.0000000000
517.0000000000 4207.0000000000 683.0000000000 4315.0000000000
683.0000000000 4315.0000000000 1075.0000000000 5059.0000000000
1420.0000000000 6150.0000000000 1652.0000000000 6625.0000000000
4204.0000000000 12937.0000000000 4416.0000000000 12826.0000000000
1425.0000000000 3915.0000000000 2600.0000000000 3210.0000000000
1885.0000000000 2247.0000000000 1448.0000000000 1448.0000000000
3125.0000000000 3018.0000000000 3402.0000000000 2855.0000000000
5541.0000000000 4487.0000000000 5444.0000000000 4253.0000000000
1044.0000000000 652.0000000000 903.0000000000 480.0000000000
977.0000000000 375.0000000000 1571.0000000000 55.0000000000
1571.0000000000 55.0000000000 2224.0000000000 0.0000000000
