21 4
-698.0000000000 0.0000000000 -622.0000000000 202.0000000000
-1835.0000000000 632.0000000000 -1736.0000000000 810.0000000000
-4639.0000000000 2262.0000000000 -4417.0000000000 2654.0000000000
-4417.0000000000 2654.0000000000 -4029.0000000000 2518.0000000000
-4029.0000000000 2518.0000000000 -4017.0000000000 2709.0000000000
-5161.0000000000 3614.0000000000 -4959.0000000000 4161.0000000000
-4360.0000000000 3790.0000000000 -3630.0000000000 3385.0000000000
-3630.0000000000 3385.0000000000 -3400.0000000000 3647.0000000000
-2647.0000000000 2940.0000000000 -2020.0000000000 2585.0000000000
-2020.0000000000 2585.0000000000 -1795.0000000000 2987.0000000000
-1795.0000000000 2987.0000000000 -1617.0000000000 2802.0000000000
-1617.0000000000 2802.0000000000 -1727.0000000000 3115.0000000000
-948.0000000000 2129.0000000000 -592.0000000000 1936.0000000000
-512.0000000000 2055.0000000000 -440.0000000000 1907.0000000000
-440.0000000000 1907.0000000000 -331.0000000000 2354.0000000000
-202.0000000000 2304.0000000000 -121.0000000000 1734.0000000000
-121.0000000000 1734.0000000000 -40.0000000000 2271.0000000000
-0.0000000000 1620.0000000000 1489.0000000000 759.0000000000
1489.0000000000 759.0000000000 1457.0000000000 530.0000000000
1238.0000000000 402.0000000000 1797.0000000000 515.0000000000
1133.0000000000 220.0000000000 1071.0000000000 0.0000000000
