33 4
-946.0000000000 0.0000000000 -1113.0000000000 362.0000000000
-4232.0000000000 2444.0000000000 -4495.0000000000 2701.0000000000
-4495.0000000000 2701.0000000000 -4479.0000000000 2909.0000000000
-4479.0000000000 2909.0000000000 -4674.0000000000 3153.0000000000
-4828.0000000000 3508.0000000000 -4657.0000000000 3509.0000000000
-4657.0000000000 3509.0000000000 -4869.0000000000 4232.0000000000
-5703.0000000000 5135.0000000000 -5292.0000000000 4935.0000000000
-6637.0000000000 6637.0000000000 -6146.0000000000 6365.0000000000
-6146.0000000000 6365.0000000000 -6383.0000000000 7089.0000000000
-6383.0000000000 7089.0000000000 -6118.0000000000 7038.0000000000
-6118.0000000000 7038.0000000000 -5986.0000000000 7134.0000000000
-5940.0000000000 7603.0000000000 -5842.0000000000 7752.0000000000
-6390.0000000000 8796.0000000000 -6098.0000000000 9041.0000000000
-6000.0000000000 13477.0000000000 -5553.0000000000 13745.0000000000
-4068.0000000000 15180.0000000000 -3729.0000000000 14957.0000000000
-3729.0000000000 14957.0000000000 -3521.0000000000 15252.0000000000
-3521.0000000000 15252.0000000000 -3266.0000000000 15366.0000000000
-1679.0000000000 8635.0000000000 -1371.0000000000 8656.0000000000
-1371.0000000000 8656.0000000000 -1270.0000000000 9039.0000000000
-1032.0000000000 8405.0000000000 -864.0000000000 8222.0000000000
-724.0000000000 8280.0000000000 -619.0000000000 8847.0000000000
-619.0000000000 8847.0000000000 -442.0000000000 8427.0000000000
-106.0000000000 6088.0000000000 -0.0000000000 5948.0000000000
387.0000000000 5529.0000000000 447.0000000000 5111.0000000000
447.0000000000 5111.0000000000 740.0000000000 5268.0000000000
926.0000000000 5253.0000000000 998.0000000000 4324.0000000000
917.0000000000 3679.0000000000 954.0000000000 3326.0000000000
954.0000000000 3326.0000000000 1338.0000000000 3311.0000000000
1338.0000000000 3311.0000000000 1257.0000000000 2960.0000000000
1257.0000000000 2960.0000000000 2335.0000000000 626.0000000000
2335.0000000000 626.0000000000 1977.0000000000 420.0000000000
1977.0000000000 420.0000000000 2041.0000000000 251.0000000000
3958.0000000000 416.0000000000 4124.0000000000 0.0000000000
