47 4
-2898.0000000000 152.0000000000 -2957.0000000000 311.0000000000
-2957.0000000000 311.0000000000 -3389.0000000000 416.0000000000
-1803.0000000000 253.0000000000 -2187.0000000000 346.0000000000
-13237.0000000000 2573.0000000000 -12298.0000000000 3066.0000000000
-10080.0000000000 3082.0000000000 -9826.0000000000 3193.0000000000
-2104.0000000000 766.0000000000 -1738.0000000000 667.0000000000
-8327.0000000000 3707.0000000000 -8063.0000000000 3933.0000000000
-8063.0000000000 3933.0000000000 -7496.0000000000 3819.0000000000
-7496.0000000000 3819.0000000000 -7402.0000000000 4103.0000000000
-7402.0000000000 4103.0000000000 -7582.0000000000 4378.0000000000
-7582.0000000000 4378.0000000000 -7277.0000000000 4373.0000000000
-7277.0000000000 4373.0000000000 -7284.0000000000 4730.0000000000
-7284.0000000000 4730.0000000000 -6844.0000000000 4792.0000000000
-6844.0000000000 4792.0000000000 -7007.0000000000 5091.0000000000
-7007.0000000000 5091.0000000000 -6621.0000000000 4990.0000000000
-6504.0000000000 5082.0000000000 -6086.0000000000 4928.0000000000
-6086.0000000000 4928.0000000000 -5698.0000000000 5131.0000000000
-5698.0000000000 5131.0000000000 -5232.0000000000 4879.0000000000
-5115.0000000000 4939.0000000000 -5253.0000000000 5253.0000000000
-4451.0000000000 4773.0000000000 -4677.0000000000 5195.0000000000
-4677.0000000000 5195.0000000000 -4239.0000000000 5052.0000000000
-4097.0000000000 5243.0000000000 -3920.0000000000 5202.0000000000
-3920.0000000000 5202.0000000000 -4146.0000000000 5706.0000000000
-3611.0000000000 5157.0000000000 -3614.0000000000 5357.0000000000
-3614.0000000000 5357.0000000000 -3006.0000000000 4811.0000000000
-3006.0000000000 4811.0000000000 -2802.0000000000 4854.0000000000
-3424.0000000000 6177.0000000000 -3131.0000000000 6144.0000000000
-3131.0000000000 6144.0000000000 -3086.0000000000 6328.0000000000
-3086.0000000000 6328.0000000000 -2788.0000000000 6262.0000000000
-2103.0000000000 4954.0000000000 -1767.0000000000 4854.0000000000
-1188.0000000000 5145.0000000000 -866.0000000000 4909.0000000000
-866.0000000000 4909.0000000000 -859.0000000000 5424.0000000000
-569.0000000000 4634.0000000000 -379.0000000000 4335.0000000000
-379.0000000000 4335.0000000000 -76.0000000000 4375.0000000000
-0.0000000000 5353.0000000000 166.0000000000 4757.0000000000
904.0000000000 4649.0000000000 999.0000000000 4328.0000000000
999.0000000000 4328.0000000000 1122.0000000000 4500.0000000000
1122.0000000000 4500.0000000000 1109.0000000000 4137.0000000000
1109.0000000000 4137.0000000000 1277.0000000000 4454.0000000000
1277.0000000000 4454.0000000000 1351.0000000000 3923.0000000000
1459.0000000000 4010.0000000000 1273.0000000000 3000.0000000000
1273.0000000000 3000.0000000000 2300.0000000000 1551.0000000000
3200.0000000000 2078.0000000000 3561.0000000000 2225.0000000000
3027.0000000000 1819.0000000000 3055.0000000000 1624.0000000000
3055.0000000000 1624.0000000000 3232.0000000000 1576.0000000000
3232.0000000000 1576.0000000000 3065.0000000000 1429.0000000000
3053.0000000000 1234.0000000000 3504.0000000000 0.0000000000
