51 4
-1392.0000000000 0.0000000000 -1475.0000000000 155.0000000000
-1856.0000000000 261.0000000000 -1700.0000000000 361.0000000000
-1700.0000000000 361.0000000000 -1371.0000000000 317.0000000000
-1371.0000000000 317.0000000000 -1628.0000000000 406.0000000000
-1525.0000000000 496.0000000000 -1798.0000000000 956.0000000000
-1798.0000000000 956.0000000000 -1566.0000000000 868.0000000000
-1566.0000000000 868.0000000000 -1331.0000000000 967.0000000000
-1331.0000000000 967.0000000000 -1387.0000000000 1249.0000000000
-3433.0000000000 3316.0000000000 -3507.0000000000 3507.0000000000
-4080.0000000000 4376.0000000000 -4180.0000000000 4642.0000000000
-6644.0000000000 8503.0000000000 -6350.0000000000 8741.0000000000
-7248.0000000000 10352.0000000000 -6893.0000000000 10614.0000000000
-6893.0000000000 10614.0000000000 -6381.0000000000 10619.0000000000
-6381.0000000000 10619.0000000000 -5945.0000000000 10297.0000000000
-5945.0000000000 10297.0000000000 -5598.0000000000 10529.0000000000
-5711.0000000000 11208.0000000000 -4677.0000000000 11577.0000000000
-4677.0000000000 11577.0000000000 -4395.0000000000 11449.0000000000
-3523.0000000000 9680.0000000000 -3235.0000000000 9397.0000000000
-2804.0000000000 8631.0000000000 -2632.0000000000 8608.0000000000
-2778.0000000000 9687.0000000000 -2465.0000000000 9887.0000000000
-2021.0000000000 8752.0000000000 -1878.0000000000 8838.0000000000
-2464.0000000000 12676.0000000000 -2260.0000000000 12814.0000000000
-2260.0000000000 12814.0000000000 -542.0000000000 10336.0000000000
-307.0000000000 8779.0000000000 -155.0000000000 8852.0000000000
-155.0000000000 8852.0000000000 -0.0000000000 8421.0000000000
135.0000000000 7761.0000000000 632.0000000000 7220.0000000000
632.0000000000 7220.0000000000 713.0000000000 6786.0000000000
713.0000000000 6786.0000000000 1081.0000000000 6131.0000000000
1179.0000000000 5547.0000000000 1472.0000000000 5494.0000000000
1472.0000000000 5494.0000000000 1714.0000000000 5608.0000000000
1714.0000000000 5608.0000000000 1759.0000000000 5414.0000000000
1759.0000000000 5414.0000000000 2093.0000000000 5452.0000000000
2093.0000000000 5452.0000000000 2326.0000000000 4987.0000000000
2326.0000000000 4987.0000000000 2470.0000000000 5065.0000000000
2470.0000000000 5065.0000000000 2370.0000000000 4652.0000000000
2370.0000000000 4652.0000000000 2501.0000000000 4512.0000000000
2501.0000000000 4512.0000000000 2332.0000000000 4040.0000000000
2332.0000000000 4040.0000000000 2449.0000000000 3771.0000000000
2449.0000000000 3771.0000000000 2868.0000000000 3948.0000000000
2868.0000000000 3948.0000000000 3035.0000000000 3884.0000000000
3035.0000000000 3884.0000000000 2965.0000000000 3661.0000000000
2965.0000000000 3661.0000000000 3553.0000000000 4087.0000000000
3261.0000000000 3497.0000000000 3546.0000000000 3672.0000000000
3646.0000000000 3521.0000000000 3753.0000000000 3379.0000000000
3847.0000000000 3228.0000000000 4036.0000000000 2826.0000000000
4036.0000000000 2826.0000000000 4240.0000000000 2860.0000000000
4240.0000000000 2860.0000000000 4280.0000000000 2675.0000000000
4523.0000000000 1920.0000000000 4422.0000000000 1523.0000000000
4670.0000000000 993.0000000000 5027.0000000000 977.0000000000
5027.0000000000 977.0000000000 4684.0000000000 742.0000000000
3123.0000000000 55.0000000000 3491.0000000000 0.0000000000
