21 4
-1233.0000000000 0.0000000000 -1261.0000000000 338.0000000000
-1261.0000000000 338.0000000000 -798.0000000000 389.0000000000
-6386.0000000000 3396.0000000000 -5567.0000000000 3345.0000000000
-5567.0000000000 3345.0000000000 -5478.0000000000 3558.0000000000
-4533.0000000000 3058.0000000000 -4309.0000000000 3247.0000000000
-4309.0000000000 3247.0000000000 -3802.0000000000 3190.0000000000
-3802.0000000000 3190.0000000000 -3674.0000000000 3548.0000000000
-3674.0000000000 3548.0000000000 -3364.0000000000 3364.0000000000
-3364.0000000000 3364.0000000000 -909.0000000000 3646.0000000000
-909.0000000000 3646.0000000000 -763.0000000000 3306.0000000000
-763.0000000000 3306.0000000000 -521.0000000000 3292.0000000000
-713.0000000000 5073.0000000000 90.0000000000 5142.0000000000
194.0000000000 3706.0000000000 292.0000000000 3338.0000000000
292.0000000000 3338.0000000000 595.0000000000 3372.0000000000
433.0000000000 2225.0000000000 499.0000000000 1631.0000000000
499.0000000000 1631.0000000000 1007.0000000000 1677.0000000000
1007.0000000000 1677.0000000000 878.0000000000 1404.0000000000
878.0000000000 1404.0000000000 1187.0000000000 1696.0000000000
1187.0000000000 1696.0000000000 1252.0000000000 1050.0000000000
721.0000000000 468.0000000000 764.0000000000 53.0000000000
764.0000000000 53.0000000000 1350.0000000000 0.0000000000
