45 4
-1580.0000000000 0.0000000000 -1506.0000000000 266.0000000000
-1506.0000000000 266.0000000000 -1942.0000000000 448.0000000000
-6098.0000000000 1864.0000000000 -6249.0000000000 2031.0000000000
-1867.0000000000 643.0000000000 -1755.0000000000 973.0000000000
-5780.0000000000 3337.0000000000 -5391.0000000000 4212.0000000000
-4413.0000000000 3573.0000000000 -3690.0000000000 3322.0000000000
-6633.0000000000 6633.0000000000 -6311.0000000000 6535.0000000000
-2611.0000000000 2900.0000000000 -2412.0000000000 2874.0000000000
-2412.0000000000 2874.0000000000 -2283.0000000000 3260.0000000000
-2283.0000000000 3260.0000000000 -1830.0000000000 2818.0000000000
-1830.0000000000 2818.0000000000 -1696.0000000000 3060.0000000000
-1383.0000000000 3107.0000000000 -1148.0000000000 2990.0000000000
-1148.0000000000 2990.0000000000 -991.0000000000 3241.0000000000
-1078.0000000000 4024.0000000000 -1059.0000000000 4249.0000000000
-1059.0000000000 4249.0000000000 -827.0000000000 4252.0000000000
-827.0000000000 4252.0000000000 -795.0000000000 5021.0000000000
-952.0000000000 6771.0000000000 -777.0000000000 6326.0000000000
-777.0000000000 6326.0000000000 -567.0000000000 6481.0000000000
-355.0000000000 5082.0000000000 -180.0000000000 5153.0000000000
-180.0000000000 5153.0000000000 -0.0000000000 5914.0000000000
122.0000000000 6984.0000000000 420.0000000000 8013.0000000000
600.0000000000 8586.0000000000 778.0000000000 8896.0000000000
778.0000000000 8896.0000000000 1081.0000000000 8801.0000000000
1663.0000000000 10498.0000000000 2546.0000000000 10213.0000000000
2539.0000000000 9477.0000000000 3033.0000000000 9334.0000000000
3424.0000000000 9944.0000000000 4306.0000000000 9672.0000000000
3224.0000000000 6064.0000000000 3270.0000000000 5898.0000000000
3270.0000000000 5898.0000000000 3545.0000000000 6140.0000000000
4032.0000000000 6710.0000000000 4072.0000000000 6516.0000000000
4072.0000000000 6516.0000000000 4287.0000000000 6601.0000000000
4287.0000000000 6601.0000000000 4562.0000000000 6516.0000000000
6543.0000000000 8375.0000000000 6736.0000000000 8318.0000000000
6667.0000000000 7669.0000000000 5997.0000000000 5400.0000000000
4934.0000000000 4289.0000000000 5190.0000000000 4055.0000000000
4699.0000000000 3541.0000000000 4482.0000000000 3256.0000000000
4482.0000000000 3256.0000000000 4527.0000000000 3054.0000000000
4389.0000000000 2742.0000000000 4370.0000000000 2523.0000000000
4205.0000000000 2236.0000000000 3856.0000000000 1404.0000000000
3856.0000000000 1404.0000000000 4261.0000000000 1384.0000000000
4261.0000000000 1384.0000000000 3477.0000000000 997.0000000000
3477.0000000000 997.0000000000 4366.0000000000 1089.0000000000
4366.0000000000 1089.0000000000 3927.0000000000 907.0000000000
3927.0000000000 907.0000000000 4524.0000000000 962.0000000000
4524.0000000000 962.0000000000 4276.0000000000 831.0000000000
5189.0000000000 822.0000000000 4982.0000000000 700.0000000000
