39 4
-7639.0000000000 534.0000000000 -7558.0000000000 794.0000000000
-2672.0000000000 423.0000000000 -2191.0000000000 386.0000000000
-3010.0000000000 920.0000000000 -2606.0000000000 847.0000000000
-7173.0000000000 3499.0000000000 -7016.0000000000 3575.0000000000
-6862.0000000000 3804.0000000000 -7116.0000000000 4109.0000000000
-7116.0000000000 4109.0000000000 -6656.0000000000 3999.0000000000
-5923.0000000000 3701.0000000000 -5604.0000000000 3639.0000000000
-5604.0000000000 3639.0000000000 -5880.0000000000 4117.0000000000
-5880.0000000000 4117.0000000000 -4838.0000000000 5009.0000000000
-4838.0000000000 5009.0000000000 -4370.0000000000 4686.0000000000
-4945.0000000000 5688.0000000000 -4697.0000000000 5598.0000000000
-4697.0000000000 5598.0000000000 -4507.0000000000 5769.0000000000
-4507.0000000000 5769.0000000000 -4647.0000000000 6167.0000000000
-4030.0000000000 5547.0000000000 -4113.0000000000 6098.0000000000
-4113.0000000000 6098.0000000000 -3124.0000000000 6699.0000000000
-3124.0000000000 6699.0000000000 -2774.0000000000 6230.0000000000
-2029.0000000000 7076.0000000000 -1806.0000000000 6740.0000000000
-1806.0000000000 6740.0000000000 -1715.0000000000 7427.0000000000
-1715.0000000000 7427.0000000000 -564.0000000000 8062.0000000000
-564.0000000000 8062.0000000000 -414.0000000000 7904.0000000000
216.0000000000 6187.0000000000 413.0000000000 5910.0000000000
413.0000000000 5910.0000000000 557.0000000000 5303.0000000000
557.0000000000 5303.0000000000 813.0000000000 5786.0000000000
753.0000000000 4753.0000000000 937.0000000000 4823.0000000000
937.0000000000 4823.0000000000 1087.0000000000 4706.0000000000
1410.0000000000 5654.0000000000 1600.0000000000 5580.0000000000
1600.0000000000 5580.0000000000 1704.0000000000 5244.0000000000
1404.0000000000 3012.0000000000 1699.0000000000 3484.0000000000
1699.0000000000 3484.0000000000 1779.0000000000 3345.0000000000
1779.0000000000 3345.0000000000 1707.0000000000 3080.0000000000
1372.0000000000 1636.0000000000 2113.0000000000 2113.0000000000
3638.0000000000 3276.0000000000 3515.0000000000 2950.0000000000
1577.0000000000 1277.0000000000 1968.0000000000 1537.0000000000
1661.0000000000 1121.0000000000 1736.0000000000 962.0000000000
1736.0000000000 962.0000000000 1932.0000000000 984.0000000000
12085.0000000000 5894.0000000000 12541.0000000000 5067.0000000000
6460.0000000000 1975.0000000000 5233.0000000000 1305.0000000000
5233.0000000000 1305.0000000000 5626.0000000000 591.0000000000
2296.0000000000 201.0000000000 2383.0000000000 0.0000000000
