45 4
-2169.0000000000 152.0000000000 -1610.0000000000 198.0000000000
-1610.0000000000 198.0000000000 -1425.0000000000 408.0000000000
-1425.0000000000 408.0000000000 -1817.0000000000 771.0000000000
-1712.0000000000 949.0000000000 -1515.0000000000 1227.0000000000
-5041.0000000000 4230.0000000000 -4361.0000000000 5197.0000000000
-3512.0000000000 4336.0000000000 -2851.0000000000 3925.0000000000
-5104.0000000000 7860.0000000000 -4840.0000000000 7746.0000000000
-1783.0000000000 3217.0000000000 -1503.0000000000 3541.0000000000
-1503.0000000000 3541.0000000000 -1172.0000000000 3053.0000000000
-1172.0000000000 3053.0000000000 -1006.0000000000 3291.0000000000
-706.0000000000 3323.0000000000 -543.0000000000 3080.0000000000
-543.0000000000 3080.0000000000 -385.0000000000 3137.0000000000
-385.0000000000 3137.0000000000 -214.0000000000 4089.0000000000
-214.0000000000 4089.0000000000 -137.0000000000 3917.0000000000
-137.0000000000 3917.0000000000 -75.0000000000 4299.0000000000
-75.0000000000 4299.0000000000 148.0000000000 4240.0000000000
698.0000000000 4964.0000000000 985.0000000000 5068.0000000000
1507.0000000000 6528.0000000000 1961.0000000000 7320.0000000000
2579.0000000000 8435.0000000000 2863.0000000000 8316.0000000000
2863.0000000000 8316.0000000000 3173.0000000000 8718.0000000000
3656.0000000000 9523.0000000000 3971.0000000000 9829.0000000000
3971.0000000000 9829.0000000000 4292.0000000000 9641.0000000000
4292.0000000000 9641.0000000000 4366.0000000000 9364.0000000000
4366.0000000000 9364.0000000000 4523.0000000000 9274.0000000000
4523.0000000000 9274.0000000000 4432.0000000000 8698.0000000000
4432.0000000000 8698.0000000000 4865.0000000000 8426.0000000000
4865.0000000000 8426.0000000000 5226.0000000000 8697.0000000000
5226.0000000000 8697.0000000000 5427.0000000000 8357.0000000000
5427.0000000000 8357.0000000000 5880.0000000000 8093.0000000000
5880.0000000000 8093.0000000000 6323.0000000000 8390.0000000000
6323.0000000000 8390.0000000000 6135.0000000000 7853.0000000000
5083.0000000000 6277.0000000000 4898.0000000000 5837.0000000000
4455.0000000000 5125.0000000000 4466.0000000000 4960.0000000000
5256.0000000000 5637.0000000000 5743.0000000000 5356.0000000000
5104.0000000000 4596.0000000000 5021.0000000000 4365.0000000000
5021.0000000000 4365.0000000000 5203.0000000000 4366.0000000000
8229.0000000000 6664.0000000000 8399.0000000000 6562.0000000000
8156.0000000000 5925.0000000000 7018.0000000000 3890.0000000000
5736.0000000000 3050.0000000000 5916.0000000000 2759.0000000000
5413.0000000000 2410.0000000000 5065.0000000000 2046.0000000000
5067.0000000000 1945.0000000000 5332.0000000000 1941.0000000000
5332.0000000000 1941.0000000000 4919.0000000000 1694.0000000000
4919.0000000000 1694.0000000000 4829.0000000000 1476.0000000000
4843.0000000000 1389.0000000000 5347.0000000000 1433.0000000000
5838.0000000000 1029.0000000000 5736.0000000000 806.0000000000
