24 4
-789.0000000000 0.0000000000 -637.0000000000 78.0000000000
-637.0000000000 78.0000000000 -794.0000000000 405.0000000000
-675.0000000000 490.0000000000 -953.0000000000 744.0000000000
-953.0000000000 744.0000000000 -664.0000000000 577.0000000000
-664.0000000000 577.0000000000 -1256.0000000000 1172.0000000000
-3856.0000000000 3724.0000000000 -3972.0000000000 3972.0000000000
-5607.0000000000 5806.0000000000 -5168.0000000000 5541.0000000000
-5168.0000000000 5541.0000000000 -5258.0000000000 5840.0000000000
-5258.0000000000 5840.0000000000 -5055.0000000000 5815.0000000000
-5055.0000000000 5815.0000000000 -5086.0000000000 6062.0000000000
-4428.0000000000 5468.0000000000 -4198.0000000000 5373.0000000000
-4198.0000000000 5373.0000000000 -3526.0000000000 5642.0000000000
-1846.0000000000 3073.0000000000 -1859.0000000000 3353.0000000000
-1859.0000000000 3353.0000000000 -1645.0000000000 3229.0000000000
-1645.0000000000 3229.0000000000 -1576.0000000000 3379.0000000000
-1771.0000000000 3978.0000000000 -1357.0000000000 3359.0000000000
-1230.0000000000 3379.0000000000 -1309.0000000000 4282.0000000000
-791.0000000000 3723.0000000000 -813.0000000000 4184.0000000000
-813.0000000000 4184.0000000000 -629.0000000000 3969.0000000000
-629.0000000000 3969.0000000000 -423.0000000000 4025.0000000000
-277.0000000000 3964.0000000000 -70.0000000000 4036.0000000000
-0.0000000000 1589.0000000000 156.0000000000 1271.0000000000
156.0000000000 1271.0000000000 157.0000000000 891.0000000000
272.0000000000 890.0000000000 695.0000000000 0.0000000000
