38 4
-2269.0000000000 0.0000000000 -1648.0000000000 115.0000000000
-1964.0000000000 346.0000000000 -1570.0000000000 334.0000000000
-2977.0000000000 687.0000000000 -2747.0000000000 685.0000000000
-1681.0000000000 894.0000000000 -1482.0000000000 822.0000000000
-6702.0000000000 3870.0000000000 -6152.0000000000 3696.0000000000
-6948.0000000000 4342.0000000000 -6784.0000000000 4406.0000000000
-5590.0000000000 4690.0000000000 -5897.0000000000 5126.0000000000
-4714.0000000000 4395.0000000000 -4527.0000000000 4527.0000000000
-5313.0000000000 5502.0000000000 -5079.0000000000 5640.0000000000
-5079.0000000000 5640.0000000000 -5296.0000000000 6092.0000000000
-4224.0000000000 5034.0000000000 -4021.0000000000 5336.0000000000
-3846.0000000000 5493.0000000000 -4163.0000000000 6411.0000000000
-3101.0000000000 4963.0000000000 -2867.0000000000 5173.0000000000
-3216.0000000000 6311.0000000000 -3002.0000000000 6154.0000000000
-2258.0000000000 6204.0000000000 -1891.0000000000 6185.0000000000
-1891.0000000000 6185.0000000000 -1737.0000000000 6058.0000000000
-1524.0000000000 6113.0000000000 -1266.0000000000 5957.0000000000
-958.0000000000 4929.0000000000 -668.0000000000 5438.0000000000
-668.0000000000 5438.0000000000 618.0000000000 5037.0000000000
618.0000000000 5037.0000000000 626.0000000000 4456.0000000000
626.0000000000 4456.0000000000 786.0000000000 4460.0000000000
1003.0000000000 5157.0000000000 1141.0000000000 5366.0000000000
1206.0000000000 5226.0000000000 1486.0000000000 5182.0000000000
1486.0000000000 5182.0000000000 1580.0000000000 4590.0000000000
1580.0000000000 4590.0000000000 1937.0000000000 5045.0000000000
1937.0000000000 5045.0000000000 2998.0000000000 4444.0000000000
2998.0000000000 4444.0000000000 2827.0000000000 4038.0000000000
2827.0000000000 4038.0000000000 2901.0000000000 3849.0000000000
4329.0000000000 4483.0000000000 3751.0000000000 3377.0000000000
4342.0000000000 3643.0000000000 5573.0000000000 2963.0000000000
5573.0000000000 2963.0000000000 5326.0000000000 2484.0000000000
4332.0000000000 1750.0000000000 4518.0000000000 1468.0000000000
4236.0000000000 1215.0000000000 4377.0000000000 930.0000000000
4377.0000000000 930.0000000000 3935.0000000000 694.0000000000
3935.0000000000 694.0000000000 4676.0000000000 657.0000000000
4676.0000000000 657.0000000000 4369.0000000000 459.0000000000
5072.0000000000 444.0000000000 4656.0000000000 326.0000000000
4656.0000000000 326.0000000000 5161.0000000000 270.0000000000
