39 4
-11708.0000000000 0.0000000000 -11574.0000000000 202.0000000000
-10505.0000000000 367.0000000000 -11014.0000000000 770.0000000000
-11014.0000000000 770.0000000000 -10873.0000000000 951.0000000000
-10873.0000000000 951.0000000000 -11328.0000000000 1391.0000000000
-11328.0000000000 1391.0000000000 -11090.0000000000 1756.0000000000
-11090.0000000000 1756.0000000000 -10530.0000000000 1857.0000000000
-10530.0000000000 1857.0000000000 -10835.0000000000 2106.0000000000
-10835.0000000000 2106.0000000000 -10752.0000000000 2285.0000000000
-2459.0000000000 944.0000000000 -2272.0000000000 1208.0000000000
-2272.0000000000 1208.0000000000 -2731.0000000000 1577.0000000000
-2212.0000000000 1382.0000000000 -1784.0000000000 1203.0000000000
-1689.0000000000 1319.0000000000 -1594.0000000000 1486.0000000000
-1594.0000000000 1486.0000000000 -1872.0000000000 1872.0000000000
-1872.0000000000 1872.0000000000 -1760.0000000000 2024.0000000000
-1374.0000000000 2696.0000000000 -1254.0000000000 2571.0000000000
-1402.0000000000 3150.0000000000 -1205.0000000000 2839.0000000000
-2125.0000000000 7409.0000000000 -2100.0000000000 8424.0000000000
-1179.0000000000 8389.0000000000 -422.0000000000 8045.0000000000
-122.0000000000 7009.0000000000 130.0000000000 7451.0000000000
130.0000000000 7451.0000000000 1349.0000000000 6939.0000000000
1777.0000000000 7128.0000000000 1962.0000000000 7323.0000000000
1962.0000000000 7323.0000000000 2256.0000000000 6945.0000000000
2256.0000000000 6945.0000000000 2216.0000000000 6436.0000000000
2216.0000000000 6436.0000000000 2624.0000000000 6837.0000000000
2624.0000000000 6837.0000000000 3559.0000000000 6164.0000000000
3559.0000000000 6164.0000000000 3472.0000000000 5556.0000000000
4080.0000000000 6282.0000000000 4721.0000000000 5830.0000000000
4721.0000000000 5830.0000000000 4706.0000000000 5608.0000000000
4300.0000000000 4947.0000000000 4882.0000000000 5235.0000000000
4882.0000000000 5235.0000000000 6083.0000000000 4420.0000000000
4572.0000000000 2857.0000000000 4541.0000000000 2622.0000000000
4541.0000000000 2622.0000000000 4030.0000000000 2143.0000000000
3641.0000000000 1776.0000000000 3746.0000000000 1438.0000000000
4937.0000000000 1797.0000000000 4737.0000000000 1631.0000000000
4737.0000000000 1631.0000000000 4774.0000000000 1460.0000000000
4774.0000000000 1460.0000000000 4508.0000000000 1293.0000000000
3574.0000000000 825.0000000000 3362.0000000000 654.0000000000
3219.0000000000 510.0000000000 3966.0000000000 487.0000000000
1789.0000000000 188.0000000000 2360.0000000000 165.0000000000
