48 4
-11471.0000000000 2648.0000000000 -11299.0000000000 2817.0000000000
-10273.0000000000 2753.0000000000 -10484.0000000000 3006.0000000000
-10484.0000000000 3006.0000000000 -10527.0000000000 3421.0000000000
-10527.0000000000 3421.0000000000 -9449.0000000000 3439.0000000000
-9449.0000000000 3439.0000000000 -9366.0000000000 3595.0000000000
-9366.0000000000 3595.0000000000 -9441.0000000000 3814.0000000000
-9441.0000000000 3814.0000000000 -9121.0000000000 3872.0000000000
-9121.0000000000 3872.0000000000 -9007.0000000000 4010.0000000000
-8702.0000000000 4244.0000000000 -8015.0000000000 4816.0000000000
-8015.0000000000 4816.0000000000 -8196.0000000000 5122.0000000000
-7480.0000000000 5045.0000000000 -7442.0000000000 5211.0000000000
-7487.0000000000 5642.0000000000 -7521.0000000000 5876.0000000000
-7521.0000000000 5876.0000000000 -7204.0000000000 6262.0000000000
-2265.0000000000 2040.0000000000 -2001.0000000000 2223.0000000000
-2432.0000000000 2899.0000000000 -1486.0000000000 2204.0000000000
-1486.0000000000 2204.0000000000 -1285.0000000000 2417.0000000000
-1285.0000000000 2417.0000000000 -1413.0000000000 3173.0000000000
-977.0000000000 3406.0000000000 -779.0000000000 2906.0000000000
-779.0000000000 2906.0000000000 -710.0000000000 3074.0000000000
-630.0000000000 2963.0000000000 -490.0000000000 3094.0000000000
-490.0000000000 3094.0000000000 -466.0000000000 3317.0000000000
-466.0000000000 3317.0000000000 -301.0000000000 3445.0000000000
-301.0000000000 3445.0000000000 -216.0000000000 4129.0000000000
-0.0000000000 9232.0000000000 151.0000000000 8672.0000000000
151.0000000000 8672.0000000000 319.0000000000 9124.0000000000
319.0000000000 9124.0000000000 470.0000000000 8964.0000000000
780.0000000000 8918.0000000000 922.0000000000 8771.0000000000
942.0000000000 7675.0000000000 1274.0000000000 8044.0000000000
1274.0000000000 8044.0000000000 1932.0000000000 7747.0000000000
1932.0000000000 7747.0000000000 2411.0000000000 7420.0000000000
2411.0000000000 7420.0000000000 2450.0000000000 6731.0000000000
2450.0000000000 6731.0000000000 3024.0000000000 7485.0000000000
3024.0000000000 7485.0000000000 3286.0000000000 7380.0000000000
3387.0000000000 7264.0000000000 3277.0000000000 6719.0000000000
3277.0000000000 6719.0000000000 3752.0000000000 7057.0000000000
3752.0000000000 7057.0000000000 4528.0000000000 6232.0000000000
4528.0000000000 6232.0000000000 4301.0000000000 5708.0000000000
5104.0000000000 6303.0000000000 5142.0000000000 6128.0000000000
5142.0000000000 6128.0000000000 5694.0000000000 5694.0000000000
5198.0000000000 4847.0000000000 5695.0000000000 5128.0000000000
5695.0000000000 5128.0000000000 6563.0000000000 4262.0000000000
5228.0000000000 3267.0000000000 5421.0000000000 3257.0000000000
5421.0000000000 3257.0000000000 4968.0000000000 2642.0000000000
4397.0000000000 2145.0000000000 3783.0000000000 1606.0000000000
4476.0000000000 1808.0000000000 4193.0000000000 1609.0000000000
4193.0000000000 1609.0000000000 4400.0000000000 1601.0000000000
5574.0000000000 1494.0000000000 5469.0000000000 1363.0000000000
4651.0000000000 737.0000000000 4779.0000000000 587.0000000000
