181 2
-1511.000000 21.000000
-1510.769897 47.370586
-1529.067993 74.396233
-1536.890869 101.545036
-1553.207275 129.610825
-1570.002808 158.357452
-1577.311768 186.782150
-1593.036621 216.600296
-1600.273193 245.903732
-1613.882690 276.613922
-1626.902466 307.866791
-1624.593018 336.788879
-1733.277588 389.419525
-2148.486084 517.017090
-2123.977295 550.567017
-2099.922852 583.672607
-2104.201904 624.370178
-2089.525879 659.832153
-2088.520020 699.601318
-2037.592529 722.599365
-1846.495972 693.069580
-2720.453369 1065.284180
-4113.914551 1683.129395
-7518.683594 3212.491943
-8153.393066 3651.124512
-8088.796875 3792.867920
-8024.433105 3934.777588
-7960.252441 4076.951172
-7895.317383 4219.014648
-7821.724121 4356.652344
-7751.793457 4496.500000
-7684.504883 4638.316406
-7648.545898 4800.341797
-7577.388672 4941.813477
-7521.857910 5094.557129
-7456.741211 5242.266113
-7405.741699 5401.586426
-7331.474121 5545.662109
-7278.855469 5707.865234
-4137.524902 3371.501709
-3871.588623 3269.648682
-3555.436768 3111.694092
-3308.480713 2999.969482
-3215.762207 3019.746826
-3193.149414 3104.588623
-3146.625244 3167.625244
-3109.985596 3241.484375
-2108.056885 2281.614258
-1979.957520 2219.965576
-1895.354492 2201.355957
-1849.942749 2225.676025
-1827.546387 2277.831787
-1803.272461 2329.083496
-1784.983398 2389.752930
-1759.829102 2443.196777
-1826.840942 2629.999268
-1790.535645 2675.578369
-1697.095215 2634.297607
-1606.715210 2592.281738
-1522.452515 2554.786621
-1441.000000 2516.885254
-1369.587158 2491.800781
-1295.741455 2457.935303
-1228.044312 2431.172607
-1162.121948 2403.703125
-1097.117065 2373.774902
-1039.212158 2355.108643
-979.562927 2328.705566
-921.532227 2301.872314
-865.100220 2274.663086
-812.639832 2253.709717
-763.131775 2237.295654
-712.593201 2214.136230
-665.437988 2197.549561
-616.600769 2171.342529
-571.472473 2153.764160
-526.663940 2133.333740
-483.194855 2113.946777
-442.228180 2101.520020
-400.126465 2079.472168
-359.451721 2059.552002
-319.439178 2037.859619
-282.799744 2033.224731
-244.104294 2009.069946
-207.175415 1992.142456
-171.348190 1979.518799
-135.676346 1961.262085
-100.851387 1945.359131
-66.902336 1936.832275
-33.072311 1915.711426
-0.000000 1908.000000
32.740715 1896.714233
64.947960 1880.866333
96.978523 1871.460571
128.630936 1860.508057
159.843628 1848.021118
190.450867 1833.018921
219.364822 1807.583130
249.398193 1795.560425
279.861267 1787.974487
308.920105 1772.973022
259.309418 1355.031372
358.439758 1707.326416
397.713470 1743.686279
425.782532 1728.720459
452.933319 1711.370239
482.641022 1704.169189
511.942841 1695.489624
537.998596 1676.789429
566.814148 1667.147827
595.457092 1657.004883
569.446655 1504.459351
519.204712 1306.076782
680.262878 1623.598999
704.874573 1604.174316
732.397461 1591.631348
763.204163 1585.800415
784.041565 1559.768311
819.227905 1561.743530
846.477600 1548.086060
873.000000 1533.080322
903.891846 1525.328613
934.247681 1516.108765
959.653992 1498.737549
990.330627 1489.225586
1014.656738 1470.079956
1050.372192 1466.713379
1075.443481 1448.161621
1105.112305 1435.479248
1135.923340 1423.748413
1166.016724 1410.604614
1196.651611 1397.590332
1226.516357 1383.184448
1257.604980 1369.616211
1287.896606 1354.656006
1317.339966 1338.339966
1354.516846 1329.041748
1384.452515 1312.022949
1412.718262 1293.017334
1449.797119 1281.289429
1486.126221 1268.007935
1514.657471 1247.545410
1550.017212 1232.006104
1583.694214 1214.399170
1627.742188 1203.623901
1662.878662 1185.360107
1699.526978 1167.345459
1735.209351 1147.858154
1774.964722 1130.120972
1842.052490 1127.816772
1887.935425 1111.000000
1933.784180 1092.914062
1976.919678 1072.146851
2020.802856 1050.650513
2074.416748 1032.760620
2128.010742 1013.307678
2171.497559 987.812988
2223.939697 965.006409
2280.872314 942.532227
2330.216797 915.486389
2395.276611 892.809326
2444.165527 862.593689
2508.887207 836.186829
2576.284912 808.649353
2643.469727 779.002747
2708.456055 746.728577
2767.283447 710.961243
2809.108887 669.533875
2859.125488 628.725891
2809.416992 567.095337
2783.066650 511.729736
2760.588867 458.234344
2727.198242 404.282715
2704.688232 353.093964
2672.280273 301.867981
2638.919678 251.875565
2617.608154 204.040985
2596.436768 157.073486
2571.432617 110.796402
2543.612549 65.398926
2525.000000 21.000000
