181 2
-1081.000000 21.000000
-1092.833496 40.075481
-1089.336060 59.040451
-1096.495239 78.464882
-1111.286377 98.708710
-1116.734253 118.701584
-1114.859009 138.176407
-1112.644287 157.615540
-1099.197510 175.482147
-1107.198608 196.363037
-1113.817627 217.396088
-1109.238770 236.614166
-1120.957153 259.266785
-1128.320557 281.493317
-1129.424194 302.597076
-1126.269531 322.783020
-1125.637451 343.771332
-1119.832886 363.367279
-1128.904053 387.803162
-1131.785767 410.705078
-1132.329590 433.134277
-1132.433105 455.700317
-1141.363281 482.140717
-1141.426025 505.506592
-1141.931763 529.420776
-1140.135254 552.653748
-1140.569702 577.292969
-1137.815308 600.745850
-1144.300049 629.435120
-1150.124878 658.524658
-1146.617676 683.000000
-1145.175537 709.090881
-1149.953247 739.570496
-2656.069580 1745.871826
-2643.800781 1804.266113
-2652.414307 1878.240479
-2661.666016 1954.813477
-2665.845215 2029.858521
-2547.638672 2011.433594
-974.541016 810.167786
-2477.387695 2099.775146
-2403.750000 2110.548096
-2341.649414 2129.430420
-2271.584717 2139.286865
-2198.302490 2143.875977
-2129.098633 2150.098633
-2057.578125 2151.684570
-1977.795288 2141.925781
-1916.390015 2149.366699
-1384.284546 1613.437256
-1795.948608 2161.328125
-1740.070923 2169.808594
-1680.755859 2172.269287
-1630.316895 2184.503662
-1571.737793 2184.311523
-1468.929199 2118.848389
-1418.672363 2124.268311
-1021.742859 1594.345947
-975.581360 1582.256592
-957.455811 1614.473999
-963.500000 1689.830933
-960.407837 1753.621582
-966.172485 1838.106201
-968.361755 1921.516968
-973.183960 2016.322754
-979.629150 2121.821533
-983.489197 2229.952881
-992.066345 2358.161865
-995.704346 2485.454590
-1008.805786 2649.028809
-1016.483887 2813.766357
-1029.446533 3010.729736
-1039.533203 3220.354004
-1051.368652 3459.871826
-1069.197266 3749.734131
-1087.557617 4079.820312
-1107.276489 4462.043457
-1133.303467 4929.876465
-1220.025757 5760.770020
-1166.415405 6021.687012
-1062.205933 6045.068848
-956.909607 6062.689453
-850.486816 6072.528320
-743.768616 6078.509277
-637.205505 6083.605469
-530.778503 6087.825684
-424.956451 6098.160156
-318.778320 6103.652344
-211.316452 6072.311523
-105.901199 6088.075684
-0.000000 6090.000000
106.023369 6095.074707
213.689621 6140.270020
321.499786 6155.581055
429.699890 6165.994629
537.750916 6167.521484
646.717590 6174.106934
756.686768 6183.719238
867.048401 6190.370117
977.871826 6195.040039
1089.642334 6200.668457
1202.669067 6208.196289
514.789368 2442.893555
529.759705 2315.641602
526.905884 2134.304199
555.943298 2095.808594
593.998474 2092.519043
621.874634 2055.060303
557.466675 1736.705933
566.488586 1666.202271
571.173645 1590.286621
573.747070 1515.662231
564.532166 1418.266113
584.533752 1398.075317
607.257812 1384.923340
644.915466 1404.025635
677.283447 1409.636841
710.041138 1414.534180
735.661926 1404.578857
765.999207 1402.899170
804.500000 1414.434814
868.869263 1467.041260
868.537659 1410.950806
872.511719 1364.550293
872.900146 1315.127686
874.130493 1269.387695
878.151184 1229.671387
881.658997 1191.000977
884.089905 1152.583496
892.376343 1122.992920
894.117554 1086.567871
892.240295 1047.405029
897.973267 1018.300354
895.463867 981.267395
898.193298 951.106384
900.854065 921.854065
901.332764 891.406921
908.341309 868.041992
908.122986 838.677612
914.708008 816.143555
911.592896 785.917236
909.260803 757.304871
914.880493 735.782959
920.028137 714.290894
917.425293 687.548462
911.716248 659.390564
916.086548 638.908142
918.344299 617.379761
921.828308 597.022217
916.311829 571.575684
926.647156 556.000000
927.971497 535.382996
929.743835 515.353577
928.428772 494.058105
927.555481 473.399017
934.403320 456.719421
934.557007 437.091583
931.550903 416.419891
929.965393 396.730408
936.381165 380.443054
936.873535 361.994080
943.627563 345.917023
873.069885 304.677612
500.147400 173.910400
480.630859 158.818680
474.269592 148.080154
471.563721 138.574036
475.492584 130.776108
479.292328 122.876732
475.107544 113.351555
470.738098 104.003830
473.102722 95.932106
474.338409 87.663918
473.444519 79.131676
474.386932 70.860077
475.184875 62.573288
466.859985 53.646030
468.357239 45.545563
467.714905 37.332966
476.927338 29.324799
477.000000 21.000000
