180 2
-4125.000000 21.000000
-4115.373047 92.834106
-4095.503662 164.018143
-4083.396240 235.001724
-4069.063721 305.536652
-4044.550537 374.852325
-4029.802734 444.549347
-3997.975830 511.889709
-3980.877686 580.475891
-3964.581055 648.927917
-4661.095215 842.876831
-3873.500977 773.932312
-10285.221680 2207.191406
-10615.761719 2471.841797
-10571.372070 2656.739014
-10529.557617 2842.386475
-17045.091797 4908.601562
-16988.753906 5214.983398
-16902.175781 5512.850098
-7661.537109 2659.078857
-4532.137695 1670.563110
-4458.780273 1732.565308
-4443.064941 1816.114746
-4419.343750 1896.900146
-4403.289062 1981.470581
-4376.560547 2061.823486
-3873.802246 1910.379639
-4336.528809 2230.571777
-4313.199219 2314.368652
-4298.755859 2403.839355
-4217.543945 2456.000000
-4194.119629 2541.081299
-2215.949707 1405.679077
-2106.740479 1389.133301
-2018.706543 1382.634766
-1912.719971 1360.301025
-1828.378418 1349.394653
-1766.581787 1352.214844
-1749.383911 1387.768433
-1751.687012 1439.488159
-1749.645508 1489.126953
-1737.341431 1531.247925
-1719.637085 1569.368164
-1711.367676 1616.876221
-1679.658447 1643.027344
-1608.667969 1629.667969
-1535.194946 1610.740967
-1472.434448 1599.992676
-1408.519897 1585.319824
-1325.895264 1546.268066
-1275.290649 1540.832153
-1222.769531 1530.994629
-1169.141113 1517.432373
-1121.181396 1508.857910
-1077.998169 1504.737183
-1041.614868 1508.580078
-997.040955 1499.173950
-956.386169 1493.705566
-915.700500 1486.427124
-874.019592 1475.612915
-833.000000 1463.798340
-802.359924 1468.495605
-763.360779 1456.672729
-726.838806 1447.501465
-703.585693 1463.564453
-690.980835 1502.813232
-678.843445 1545.707397
-627.123474 1498.410278
-593.002258 1488.732056
-561.204224 1482.986938
-529.447205 1475.644165
-497.793701 1466.697876
-468.778778 1463.752686
-439.434662 1458.326050
-409.872742 1450.396118
-383.052185 1450.570190
-357.560547 1455.097046
-327.753693 1440.657227
-299.392822 1429.532593
-271.712006 1418.837158
-244.496628 1407.609375
-218.851822 1402.776001
-192.893921 1393.511597
-167.814087 1387.736084
-143.935699 1390.456665
-118.531807 1375.824829
-94.799049 1376.689575
-70.810547 1372.145752
-47.044521 1368.178833
-23.839987 1386.791992
-0.000000 1355.000000
23.124439 1345.798218
46.067337 1340.195923
68.612442 1330.203369
91.590248 1330.801636
114.522644 1329.999878
136.409637 1318.851074
159.405106 1319.250366
182.455933 1319.241455
204.303406 1310.921021
226.958176 1308.143677
248.814926 1301.041870
272.572235 1303.351562
295.360748 1300.347900
292.241638 1193.117188
311.618134 1183.974731
334.348114 1187.010498
353.477386 1177.172485
373.292542 1169.876221
396.542023 1172.641602
415.896484 1163.666260
437.925629 1161.835327
458.143860 1154.945801
478.645630 1148.618408
498.252380 1140.093140
521.088318 1138.477539
540.511597 1129.213013
563.856201 1127.630127
587.778381 1126.450439
668.552490 1227.100586
907.500000 1592.836060
939.944458 1585.330322
975.581360 1582.256592
1008.671509 1574.217896
1040.657959 1563.838867
1077.750122 1560.186646
1109.738525 1548.424072
1147.059448 1543.199341
1183.916992 1536.344727
1217.105591 1524.000244
1252.793091 1514.020630
1258.977295 1469.287720
1325.547729 1493.169922
1364.678711 1484.438721
1403.209961 1474.066406
1440.376465 1461.376465
1465.295166 1436.019043
1525.603882 1443.648560
1571.751343 1436.211182
1611.304932 1421.686035
1652.357910 1407.492920
1701.949707 1399.211670
1746.231812 1385.305786
1807.312134 1382.907349
1857.503052 1370.554932
1910.262573 1358.580200
1963.161011 1345.168823
2015.325317 1329.767578
1964.079346 1248.292969
2135.203857 1303.959839
2204.034668 1293.500000
1548.951538 879.597839
1533.679932 836.472107
1523.621216 797.323730
1513.569214 759.217041
1503.564575 722.123718
1498.214600 688.048096
1493.058838 654.765869
1478.858276 618.497498
1222.990356 490.462006
1126.691406 431.082153
1136.513306 412.332916
1594.921753 539.221497
1647.713135 524.756470
1708.161987 510.807587
1770.541992 495.415314
1834.829224 478.474304
1903.919067 460.554352
2325.056885 515.206116
2417.747803 490.962555
2560.500244 472.485260
3524.072021 579.158142
1797.336548 273.599182
1866.979370 250.236237
3421.155273 380.577911
3452.810791 323.081818
3403.688477 259.009094
3384.355469 198.366562
3433.477051 80.931564
2924.000000 21.000000
