181 2
-935.000000 21.000000
-932.857910 37.283096
-939.427368 53.805527
-940.709045 70.300468
-940.702881 86.780357
-941.403992 103.362175
-937.834167 119.570343
-944.903931 137.019608
-942.735229 153.492798
-937.316223 169.456314
-947.385071 188.049545
-934.509094 202.650162
-939.999817 220.803131
-937.343994 237.402908
-943.127441 256.148071
-940.811768 273.089752
-946.842773 292.502808
-941.960205 308.986115
-945.350159 328.162903
-939.845459 344.614746
-941.572021 363.704193
-938.248352 381.159790
-939.237244 400.476471
-941.676453 420.717957
-942.778931 440.752228
-944.372742 461.368225
-946.430115 482.604828
-946.248901 503.137909
-948.285706 525.212463
-947.213135 546.048828
-944.833740 566.500000
-943.741211 588.056946
-948.965820 613.979675
-946.020386 635.352844
-950.906067 662.394287
-955.131287 689.790100
-948.976929 710.472107
-943.987183 732.345337
-945.612915 759.793762
-948.118103 788.770874
-942.234680 811.628784
-943.386963 841.073792
-943.793945 870.795898
-949.297119 906.233887
-940.896484 929.613159
-939.037781 960.037781
-943.346069 997.863464
-946.613708 1036.118896
-948.158081 1074.036255
-941.444702 1104.008301
-948.111694 1150.915527
-946.497864 1189.827515
-943.809021 1229.020508
-946.053223 1276.455078
-946.334229 1323.517334
-945.827515 1371.781738
-946.713562 1424.560669
-947.671936 1480.286743
-946.435791 1535.613892
-948.185120 1599.045044
-950.000000 1666.448242
-949.257263 1733.505371
-949.271484 1806.320068
-948.386169 1882.312622
-948.196777 1965.091553
-947.932739 2053.848389
-948.916565 2152.301514
-949.867371 2258.747314
-949.253113 2370.483887
-978.344482 2569.674561
-981.939819 2718.857422
-981.588013 2871.738525
-984.219116 3050.114990
-986.462158 3247.572266
-956.737244 3357.539307
-943.395447 3541.799561
-882.289124 3559.668457
-819.946594 3572.578857
-758.253906 3588.304199
-692.445862 3583.324951
-628.432739 3585.019287
-565.041260 3588.530273
-501.579865 3589.926025
-438.364014 3591.188477
-375.152649 3590.339111
-312.104706 3588.373291
-249.309631 3586.293945
-187.153381 3592.099121
-124.800598 3594.821533
-62.235283 3586.456787
-0.000000 3590.000000
61.886234 3566.459961
123.823418 3566.838623
185.687973 3564.137695
248.123779 3569.335205
310.797394 3573.430176
372.957550 3569.454102
441.045166 3613.024414
505.755035 3619.634277
568.169983 3608.283936
632.947632 3610.624268
698.742554 3615.718750
763.451721 3612.758057
829.394531 3613.502441
896.320618 3615.945557
963.583313 3617.141846
1032.261841 3620.925049
1101.364258 3623.399902
1171.792480 3627.406250
1243.344727 3631.935547
1313.357300 3629.419678
1382.941895 3623.686768
1453.848145 3619.400635
1527.368042 3619.253418
1604.982788 3625.850342
1684.133789 3632.636475
1760.498535 3630.556885
1841.385498 3634.922363
1926.241821 3643.733887
2008.566284 3644.549561
2093.000000 3646.182373
2175.005859 3640.817627
2268.054443 3650.645752
2328.331787 3606.316650
2411.799072 3596.639160
2500.793213 3592.502930
2595.659668 3593.619141
2691.316895 3592.498047
2793.256104 3596.204834
2900.537598 3602.865723
854.907532 1039.839111
858.125183 1008.160156
863.178467 979.656799
861.363953 944.699707
864.155029 915.858704
864.791565 885.791565
866.085144 857.368652
864.460083 827.122070
870.965759 805.221069
870.180176 777.436035
868.694397 749.921143
864.963440 721.433594
869.175842 700.074585
865.720886 673.367493
868.884277 652.281372
865.024536 626.696716
868.831360 607.034180
869.701355 585.790649
870.945374 565.227112
873.453491 545.823792
874.685669 526.000000
871.121216 503.870392
870.586304 483.898956
878.532410 468.634644
877.222961 448.850250
875.493347 429.249237
873.349487 409.840240
870.797607 390.631653
877.115906 375.377838
875.698425 357.149139
873.914124 339.078735
881.223328 324.429535
877.825134 306.222687
881.713013 290.566711
884.360779 274.586365
874.162903 255.231232
880.058228 240.423157
872.061218 222.331192
874.463928 206.873047
867.758423 189.675156
870.570068 174.504990
876.079529 159.757370
874.406677 143.889847
877.410828 128.732498
879.157349 113.403160
880.636108 98.045677
868.878296 81.757889
869.806335 66.584618
879.463928 51.711555
870.867371 36.201046
871.000000 21.000000
