181 2
-2203.000000 21.000000
-2231.660156 59.953770
-2269.616455 100.256760
-2297.846680 141.425034
-2335.297363 184.299911
-2369.947266 228.343506
-2412.710205 274.586060
-2440.670898 320.676727
-2482.602051 369.906952
-2522.555908 420.533630
-2568.378662 473.874451
-2615.054932 529.315186
-2659.583252 586.311890
-2712.646240 647.263733
-2766.313232 710.719299
-2819.537598 776.492798
-2876.094971 845.706970
-2941.593506 920.335388
-2998.681152 995.330566
-3065.371338 1076.491943
-3125.417725 1158.558960
-3211.516602 1253.785767
-3283.157959 1347.481934
-3368.127197 1450.685181
-3464.164307 1563.345337
-3557.258057 1679.776733
-3664.383301 1808.239136
-3776.976562 1945.465698
-3893.798828 2091.369629
-4024.125244 2251.609131
-4168.180176 2427.500000
-4318.408691 2615.761719
-4492.110840 2827.982422
-4686.491211 3064.442871
-4894.637695 3322.474854
-5153.285645 3629.369385
-5439.021484 3972.680176
-5409.158203 4097.093262
-5396.297852 4237.049805
-5380.958496 4378.414551
-5394.484863 4547.510254
-5381.079102 4698.700684
-5360.303711 4847.438965
-5350.583496 5010.500000
-1215.684204 1194.972656
-1486.338501 1507.338501
-1454.614624 1527.297485
-1415.828613 1539.290283
-1520.933838 1710.168213
-9659.813477 11133.343750
-1583.828613 1908.533447
-9281.846680 11483.125977
-2159.124756 2784.553711
-1307.142212 1755.636353
-1266.089478 1763.622559
-1230.895020 1778.900269
-1182.692993 1774.414429
-944.948730 1476.093384
-1111.770630 1800.204956
-864.748901 1460.183838
-661.000000 1165.885620
-607.951294 1117.773071
-878.381287 1672.994995
-905.257080 1797.666992
-888.578308 1842.855591
-856.224609 1857.179565
-656.879700 1496.375854
-784.978821 1870.294312
-749.213196 1875.367676
-717.810974 1890.961548
-681.988159 1894.747070
-646.903931 1899.745361
-611.235596 1902.189819
-578.895996 1914.483398
-545.210693 1922.375610
-810.621277 3046.279785
-730.362183 2950.322754
-654.382629 2855.442627
-232.861099 1116.525269
-518.237244 2687.099365
-269.849274 1551.391235
-399.690063 2544.543701
-345.288452 2477.854980
-294.314453 2417.999023
-246.269058 2364.093506
-200.022430 2307.266846
-155.905716 2250.555664
-114.354065 2203.005615
-74.545326 2155.698730
-36.440624 2108.681885
-0.000000 2060.000000
34.974621 2024.694824
68.298317 1976.807861
100.799049 1944.360474
131.839737 1906.395996
162.022522 1872.925903
191.496140 1842.964111
219.730423 1810.560669
247.032257 1778.725830
273.447449 1747.479248
297.459320 1707.975708
323.230438 1683.876465
346.172974 1649.615723
370.269440 1624.813110
393.606934 1599.671143
416.957489 1577.106445
436.333923 1542.677246
459.900696 1525.267334
480.212402 1498.941772
500.072693 1473.316528
518.502563 1445.573975
540.418884 1428.839233
557.414612 1400.649536
573.984009 1373.221680
594.242249 1355.689941
613.219116 1336.052612
631.692810 1316.162231
646.028503 1288.902344
664.302246 1270.370850
681.157532 1249.840698
698.000000 1229.971436
713.842773 1209.033936
728.109070 1186.218140
743.976929 1166.624023
762.739136 1151.807251
776.622498 1130.131836
795.861206 1116.409058
808.839417 1094.366089
821.292419 1072.206299
839.513428 1057.712769
877.405090 1066.650635
984.744629 1153.819092
1118.786377 1263.538208
1274.654907 1387.900024
1321.934937 1389.903687
1339.967407 1360.967407
1363.148926 1337.377563
1387.377930 1314.750854
1408.259399 1289.002441
1429.419922 1263.575806
1498.382935 1278.292603
1519.320312 1251.321411
1790.360474 1419.782837
2296.875732 1751.819946
3016.824463 2212.851318
3068.543457 2169.617432
3113.036133 2120.769287
3156.756104 2071.021240
3760.245361 2370.662109
3809.251465 2309.829102
3859.009277 2249.000000
3911.299316 2189.068604
3956.488281 2124.702148
4007.747314 2063.049316
4059.852783 2001.122437
4109.199707 1937.151245
5610.082520 2518.769775
5685.038086 2434.155518
6001.661133 2445.828369
6259.656738 2423.857178
6337.287109 2327.583740
6413.452637 2229.328857
6376.833984 2092.958984
1953.730591 618.315369
1980.199097 588.812927
1999.466431 556.755432
2025.977417 526.132935
2063.715820 497.446320
2080.520020 463.228180
2116.388184 432.384186
2139.987305 398.337494
2166.988281 364.217224
2192.453613 329.129242
2211.392822 292.524902
2070.594482 238.628265
2039.210571 199.407806
1947.244995 157.164642
1951.322144 123.264458
1965.801758 89.647308
2007.694214 56.044434
1737.000000 21.000000
