180 2
-664.000000 21.000000
-671.897644 32.728016
-672.590027 44.487362
-683.062622 56.797794
-708.270447 70.527100
-718.256348 83.839287
-736.940735 98.455589
-980.635620 141.406906
-1573.536011 242.146057
-1451.901855 250.958664
-1539.254517 292.412109
-1517.595581 315.990692
-1503.412842 340.560272
-1488.837402 364.725220
-1474.849487 388.721283
-1458.547974 411.816772
-1438.047485 433.353485
-1444.976440 462.773651
-1435.144287 487.306641
-1387.075806 498.608490
-1379.468750 523.085571
-1366.761719 545.650696
-1351.834106 567.176392
-1341.175537 590.295227
-1552.113770 712.045532
-1724.703735 825.242554
-1714.000244 856.973755
-1685.784302 879.950012
-1696.142334 922.854858
-4379.220703 2448.441650
-6011.948242 3492.000000
-5941.883789 3591.243896
-5868.492676 3688.041260
-5601.480957 3658.644043
-5634.139160 3821.274902
-5695.563965 4009.076904
-5430.931152 3966.802490
-5554.509766 4206.623535
-5482.190918 4304.156738
-5413.598633 4404.845703
-5348.522461 4508.942871
-5258.061523 4591.763184
-5185.664551 4690.193359
-5117.281738 4792.942383
-4653.409180 4514.745117
-4589.123047 4610.123047
-3908.147949 4068.005615
-3028.485107 3384.473389
-3056.579102 3537.191895
-2883.545166 3457.475342
-1238.502563 1550.423218
-1123.582153 1459.119629
-1028.501831 1385.868042
-941.044189 1316.236206
-872.409790 1266.930298
-810.270508 1222.275391
-745.610840 1169.140015
-691.544617 1127.702759
-639.677307 1085.601807
-611.500000 1080.149048
-591.952576 1088.910645
-648.809692 1241.233521
-607.439270 1213.166748
-574.704590 1199.318970
-539.683533 1178.355103
-515.742065 1179.375610
-488.804657 1172.551514
-457.769257 1154.018677
-427.532959 1134.761475
-399.821533 1119.500732
-372.124390 1101.727783
-344.244934 1080.476929
-317.808044 1060.503296
-294.380707 1047.627441
-269.430634 1026.528809
-247.244171 1012.642212
-223.826294 990.498230
-205.000931 985.453552
-184.512299 970.233459
-164.618469 954.597778
-145.327621 938.562439
-126.230003 919.173157
-108.341843 903.373535
-91.357880 890.212158
-75.476875 883.704590
-59.223248 867.931885
-43.281837 846.866638
-28.582687 839.501099
-14.101544 828.876953
-0.000000 822.000000
13.961926 820.878174
27.710201 814.516296
41.083725 804.924194
53.921753 792.117004
67.371391 791.058472
79.755219 779.820190
92.133224 771.364868
105.214867 769.642639
116.700111 757.815491
130.062485 758.621033
141.007843 746.422485
152.191360 737.004028
162.639618 725.469543
174.909531 722.523804
187.126175 719.364380
196.253799 705.418335
208.461029 702.845276
218.166000 692.445923
229.851120 688.536133
238.046021 675.026062
249.424088 670.771973
257.354736 657.975281
271.948853 661.671387
279.428070 648.605713
291.183990 645.446045
302.476105 641.167908
313.253448 635.794495
320.649078 624.053223
331.609772 619.239868
339.500000 609.031250
349.710846 603.016602
362.994690 601.912964
368.720612 588.779968
383.047150 588.890747
392.326294 581.299988
402.045105 574.367615
412.243286 568.065308
419.881134 558.423340
426.049896 547.127808
439.666718 544.974426
452.680725 541.749634
455.677948 527.081604
468.532867 523.440002
477.230286 515.186462
490.732117 511.732117
499.221832 503.092896
506.828125 493.624878
514.256226 484.038391
529.806152 481.553436
536.231140 470.951324
550.996460 467.188171
558.699646 457.503998
565.433960 447.085022
579.256165 441.854248
593.885254 436.842926
601.052246 426.414856
615.584167 420.765045
624.163391 411.020569
637.732483 404.188324
652.983154 398.000000
661.212524 387.516083
673.689026 379.206818
688.748047 371.934662
701.059326 362.929504
707.826355 351.064850
713.479004 338.661316
714.311768 324.207367
718.567505 311.320099
741.262878 305.544159
757.392273 296.668243
770.597656 286.338043
786.523743 276.557068
800.427063 265.715118
819.956238 256.118652
832.628052 244.102020
845.127563 231.713974
862.317505 220.081680
927.283936 218.100281
1933.805542 396.893707
1977.494019 369.685547
2017.847290 340.595612
2025.098145 305.608978
2077.399170 276.072540
2119.326172 243.750153
2160.746338 210.040802
2213.594727 175.789612
2264.891846 139.697952
2324.583008 102.176231
2251.656982 60.302818
2436.000000 21.000000
