181 2
-581.000000 21.000000
-588.910278 31.279467
-639.610107 43.335678
-659.095520 55.541733
-593.550598 62.505100
-590.743469 72.683357
-578.811768 81.835564
-582.624573 92.537308
-598.121887 105.060555
-605.452942 116.894325
-611.565613 128.835526
-628.241394 143.117752
-645.577393 158.221710
-651.853577 171.492249
-667.563477 187.442261
-680.977722 203.467422
-694.992188 220.285812
-707.665527 237.355057
-722.802979 255.852921
-746.014160 277.873260
-756.452576 296.326202
-776.738892 319.162140
-789.960632 340.164825
-817.408325 367.969238
-838.634705 394.384247
-862.804993 423.332581
-889.806091 454.987427
-922.191772 490.880157
-948.285706 525.212463
-986.571045 567.865234
-1022.776001 611.500000
-1061.173096 658.617126
-1202.532227 772.425537
-1715.919922 1135.331421
-1825.540771 1252.342773
-1960.230835 1393.568359
-2106.680176 1551.592773
-2220.206787 1694.045776
-3312.009277 2608.625244
-3718.643311 3032.298096
-5073.512207 4278.182129
-4986.366211 4355.582031
-5395.231445 4878.888184
-5322.792480 4984.583984
-5186.439941 5029.486816
-5352.091309 5373.091309
-5068.227539 5269.303223
-5167.501465 5562.466797
-5081.377930 5664.441895
-4987.360840 5758.302246
-3814.301758 4566.707520
-3744.456299 4645.018555
-3674.267578 4723.848145
-3601.862793 4800.833496
-3526.711426 4875.102051
-3454.650879 4954.752930
-2867.541260 4272.304688
-2663.284912 4122.099121
-2390.995605 3847.393066
-2326.427002 3892.824707
-2274.000000 3959.683594
-2212.671143 4012.764404
-2007.929932 3797.366943
-1945.349243 3838.962891
-798.273865 1657.703979
-744.653381 1617.914307
-719.517151 1637.061890
-694.329224 1656.737183
-669.421997 1677.877563
-645.779053 1703.311890
-1636.566406 4517.429199
-1569.564087 4579.345215
-1500.895508 4640.281738
-1430.574707 4700.199219
-285.560303 1016.867126
-259.595490 989.823608
-236.115768 968.008606
-213.478546 945.677185
-191.694580 922.852112
-170.010818 895.629822
-149.684723 869.904297
-132.499985 857.572021
-115.235329 840.941956
-97.495476 815.036926
-82.891075 809.655884
-66.586990 782.092773
-51.271008 754.209595
-37.943569 745.006409
-24.813541 731.566895
-9.825705 583.914246
-0.000000 571.000000
9.145061 544.920166
18.985327 564.668640
28.784777 570.246216
38.505573 571.655334
47.935658 568.907104
57.281597 565.997986
68.490570 578.810913
81.555435 601.297058
93.234940 609.662231
106.793633 626.656738
119.446434 635.498596
133.895126 650.927063
146.218185 654.340515
164.264969 679.830811
179.620422 691.352539
198.458893 713.108398
215.477951 725.796631
236.707016 749.509277
255.570999 763.232056
277.720367 784.030396
300.670715 804.273987
327.031555 830.431519
355.956055 859.579895
381.112244 876.992065
385.005249 846.646423
409.438660 860.473633
444.456696 893.295410
480.738892 925.138306
524.564026 967.338501
568.000000 1004.804871
614.955444 1044.457764
672.997437 1098.021118
736.896606 1155.721313
807.474548 1218.130249
890.764221 1293.143066
995.120422 1390.665771
1083.267090 1458.543945
1193.767578 1548.952881
376.333588 485.733276
380.530273 474.498322
385.106659 464.014526
390.772278 454.996582
405.107025 455.424103
405.680481 441.094452
420.728546 441.728546
422.971802 429.459137
421.259735 413.831055
2618.099121 2378.347168
1661.870483 1465.641968
559.978516 490.877747
554.105042 469.705444
561.063660 459.350983
1720.260864 1317.309570
1748.285767 1291.203979
1770.187622 1260.498657
1801.498657 1236.126221
1838.365845 1214.848755
1518.854126 970.085388
1179.462158 729.692383
1097.254150 654.500000
1029.427368 591.620911
976.540039 540.235535
918.627747 489.064209
866.437439 443.589783
814.770691 400.933807
812.141907 382.588867
907.617798 406.260895
916.984802 391.485931
931.713257 378.651215
942.511719 364.046204
951.191711 348.521576
1187.869629 406.962219
1147.565674 371.846039
1108.334717 338.809875
1066.382080 306.736237
1044.038208 281.307953
1020.165466 256.523743
984.994629 230.367065
967.884399 209.137665
995.640625 196.558304
2571.940430 428.355347
2511.319824 373.942993
2455.559082 322.504761
2399.781250 273.227173
2349.027100 226.513245
2297.389893 181.649155
1863.442749 118.658897
1829.884644 84.900978
1792.726929 52.292164
1755.000000 21.000000
