181 2
-891.000000 21.000000
-907.861694 36.846786
-943.424927 53.945126
-964.676147 71.556534
-991.578674 90.337936
-1017.114807 109.986015
-1053.198730 131.695648
-1076.912598 153.228241
-1113.061279 177.430573
-1139.792358 201.525375
-1174.875610 228.162277
-1210.346313 256.267487
-1265.723022 290.037720
-1307.604614 322.884308
-1328.334839 352.191071
-1332.011719 377.911469
-1342.882568 406.065399
-1344.564453 432.074615
-1346.696045 458.568054
-1349.255005 485.585754
-1386.986328 525.821716
-1395.702759 556.760071
-1395.411743 584.782898
-1402.849365 616.474243
-1405.946411 646.967712
-1413.840088 680.284485
-1417.398193 712.311279
-1422.937378 746.022827
-1427.726318 780.135498
-1436.125610 817.057373
-1435.004150 849.500000
-1445.184082 889.354187
-1451.858398 928.221802
-1460.964111 969.761169
-1469.054565 1011.889832
-1469.558716 1049.996094
-1478.883057 1095.471436
-1482.267456 1137.968628
-1494.856445 1188.909790
-1497.560303 1233.700439
-1505.277344 1284.077637
-1510.928589 1334.430176
-1516.015503 1386.026489
-1527.797852 1445.694580
-1533.632446 1502.011597
-1542.906982 1563.906982
-1556.729370 1633.040527
-1567.914185 1702.382202
-1576.471680 1771.849243
-1588.974976 1848.906616
-1603.755127 1932.280884
-1616.094727 2016.710815
-1619.805298 2094.256348
-1605.040649 2150.960938
-1621.699463 2253.077881
-1638.134277 2360.498291
-1654.092651 2473.293213
-1634.461792 2537.850342
-1580.219238 2549.879395
-1527.087891 2562.500977
-1467.000000 2561.918457
-1413.704834 2571.391113
-1361.937012 2582.430908
-1307.946655 2587.989746
-1259.001953 2602.336426
-1205.307251 2605.789795
-1156.352295 2618.209717
-1112.802246 2642.597900
-1077.743164 2688.508057
-1041.417236 2733.984619
-1005.881226 2784.635986
-969.216370 2835.808838
-931.068176 2886.533203
-894.657410 2947.292480
-853.648865 2998.027588
-811.656555 3050.143311
-767.618164 3099.748291
-727.041809 3170.164062
-681.950317 3229.324219
-634.630737 3285.892090
-587.104492 3350.635010
-543.766174 3454.204590
-493.786163 3534.471191
-439.582733 3601.114014
-384.664734 3680.840576
-326.572571 3753.741455
-266.678986 3834.687256
-203.848557 3910.662109
-139.004700 4001.573730
-70.804413 4077.382080
-0.000000 4130.000000
73.404823 4226.359375
151.149719 4349.361816
232.319305 4453.916504
318.508057 4575.877441
409.196198 4698.134277
505.499634 4830.507812
607.518677 4968.842773
715.488892 5111.968262
831.449158 5270.563477
954.717651 5435.473145
1087.802124 5617.256348
1231.460938 5814.568359
1383.448975 6013.375977
1552.412842 6247.387695
1735.640503 6498.498535
1941.038208 6790.205078
2157.995605 7079.485352
2404.461182 7421.170898
2676.495850 7794.108398
2972.839111 8188.808105
3317.053711 8662.220703
3545.276855 8795.868164
3737.343262 8825.628906
1771.744873 4000.404053
1847.687012 3983.377686
1906.476074 3929.855225
1970.318726 3887.968262
2031.872925 3842.397217
1846.639893 3352.426514
1870.500000 3260.801025
1901.005493 3184.804443
1922.017212 3096.870361
510.326782 806.834351
531.233276 808.585693
525.969604 772.162415
538.411316 762.059570
551.864380 753.348755
565.177246 744.393860
572.681580 728.202820
583.008362 715.802307
591.765259 701.748047
606.232300 694.289185
620.618530 686.531860
632.139099 675.599243
644.174255 665.174255
658.195923 656.612427
658.949707 635.480530
680.720642 633.923645
690.559265 621.294006
701.696716 609.793457
714.197144 599.345459
727.333923 589.255554
744.328308 581.891602
755.621887 569.991455
760.992249 553.852539
780.953369 547.759705
790.027649 534.049988
808.189819 526.013062
823.737793 515.951599
833.116455 502.000000
847.506470 490.780518
860.873901 478.734772
866.949341 462.732758
886.210938 453.233948
898.151001 439.814697
919.026733 430.177063
926.948364 414.466248
945.727539 403.098724
965.322144 391.552460
979.159729 377.384979
1002.249695 366.102234
1013.826233 350.412109
1029.940186 335.884338
1049.697754 321.996002
1066.382080 306.736237
1077.998535 289.775238
1102.012573 275.419647
1118.022705 258.643066
1139.669189 242.529251
1152.225098 224.168365
1178.312134 207.626312
1192.282715 188.564407
1208.921265 169.436859
1233.207153 150.615295
1254.209106 130.729080
1277.879517 110.358040
1303.211548 89.298424
1326.191650 67.311630
1350.794189 44.578201
1374.000000 21.000000
