181 2
-933.000000 21.000000
-930.858215 37.248192
-928.434082 53.421631
-929.724121 69.724777
-938.707764 86.640839
-938.415405 103.100708
-936.839600 119.465813
-934.978455 135.800919
-940.754639 153.214447
-938.303894 169.612747
-935.567383 185.965775
-933.527466 202.459351
-940.977966 221.011047
-936.369629 237.177963
-942.157166 255.906158
-938.879883 272.572113
-933.385132 288.643860
-941.003906 308.693756
-943.448059 327.544861
-937.954407 343.963623
-939.692627 363.020142
-937.314758 380.801422
-940.164429 400.851074
-939.835449 419.936493
-940.951843 439.938751
-933.497009 456.296814
-944.632568 481.728088
-944.466919 502.229919
-935.924438 518.639832
-935.843079 539.746277
-943.101685 565.500000
-941.169678 586.511780
-939.637268 608.150574
-945.181702 634.808167
-950.077087 661.835083
-945.301453 682.907227
-948.167908 709.884338
-942.389893 731.141724
-945.612915 759.793762
-947.340942 788.141541
-949.129089 817.413818
-950.179382 846.978333
-950.482239 876.818054
-948.565735 905.551880
-947.370544 935.865051
-953.179932 974.179932
-949.598022 1004.337524
-952.751709 1042.701172
-952.841980 1079.238281
-948.005310 1111.555298
-953.254028 1157.043945
-952.161743 1196.821899
-954.890930 1243.204712
-956.885864 1290.830444
-957.502197 1338.888672
-955.578369 1385.707275
-956.779053 1439.483276
-957.475403 1495.382812
-960.213684 1557.663208
-963.636230 1624.760010
-964.500000 1691.562988
-961.862305 1756.245483
-962.416687 1831.042603
-965.637817 1916.170898
-967.046753 2003.739624
-969.486267 2100.070068
-969.253418 2197.978760
-972.139038 2311.216064
-973.227905 2429.823730
-980.494690 2575.276123
-980.571777 2715.098633
-982.239136 2873.629639
-984.837158 3052.017090
-990.555359 3260.960449
-1028.678589 3608.428711
-1037.605591 3893.396729
-1030.345337 4153.489258
-1005.531189 4376.434082
-926.246582 4378.647461
-854.633484 4417.708008
-775.512756 4419.151367
-695.976929 4415.225586
-618.067749 4418.780273
-540.368652 4421.949707
-462.642975 4422.753906
-385.141235 4423.184570
-307.905090 4424.247559
-230.487549 4418.964355
-153.627579 4420.318359
-76.860397 4424.329102
-0.000000 4400.000000
76.493896 4403.332520
153.034286 4403.328613
229.807190 4405.982422
306.788971 4408.286621
387.407288 4449.085449
466.406006 4458.556641
544.024719 4451.726074
624.191345 4462.352051
703.329346 4461.646973
783.674255 4465.437500
864.173950 4466.789551
945.582397 4469.615234
1026.676636 4468.024902
1108.728027 4467.865234
1194.449951 4478.747559
1279.508545 4483.176758
1362.744507 4478.336426
1446.199585 4471.944336
1535.704956 4481.011230
1625.621704 4487.358887
1714.432251 4487.248535
1804.479980 4487.244629
1897.390381 4490.971680
830.149475 1885.546265
833.403198 1808.239014
836.850525 1736.797852
840.336426 1670.253052
841.762512 1604.125000
847.447205 1549.835205
846.000000 1486.314941
847.237610 1431.040161
852.110168 1384.661377
855.083313 1337.712769
851.091614 1282.795166
851.187439 1236.621582
855.227539 1198.119751
719.770752 976.168091
571.333862 752.273987
577.086792 733.642822
588.150635 721.930664
583.892517 692.691528
582.143616 667.536011
589.246582 652.889587
586.291687 628.122803
587.605713 608.605713
590.578003 591.314514
588.739746 570.008667
585.598145 548.274902
584.145203 528.789673
585.257935 512.089722
588.299500 497.395538
589.432068 481.514771
583.003906 460.324982
580.065186 442.442017
581.597961 428.239258
581.155334 412.994232
582.876038 399.524139
593.633667 391.943481
600.017090 381.526642
612.279968 374.500000
646.343933 379.274323
712.538696 399.863556
738.644409 397.358124
761.278564 392.300354
774.893127 382.338623
857.819214 402.925720
879.082153 394.148224
876.188721 375.003235
882.233521 359.657715
882.371399 342.156921
880.277771 324.103943
875.923035 305.604645
881.713013 290.566711
883.399475 274.310730
887.685852 258.854706
879.087952 240.181244
882.779297 224.805649
883.267273 208.744263
885.427734 193.109711
879.433350 176.067825
886.944153 161.478149
883.319092 145.142410
687.834473 105.455452
584.778870 82.462738
582.773926 71.986107
582.577393 61.737782
584.198303 51.616535
585.643005 41.451103
579.911682 31.122396
577.000000 21.000000
