181 2
-864.000000 21.000000
-880.865845 36.375568
-904.448669 52.584045
-959.682983 71.294853
-1012.527527 91.802818
-1003.168091 108.765831
-991.538330 125.214874
-972.695251 140.431961
-961.550293 156.137085
-947.193115 171.020645
-936.552185 186.139420
-915.858154 199.024796
-912.611694 214.981613
-901.292297 229.079727
-879.087952 240.181244
-869.333252 253.937134
-861.290466 267.971069
-857.805359 283.257416
-843.587158 295.098083
-829.219788 306.523285
-823.170715 320.609650
-809.414246 331.705017
-802.941223 345.409302
-787.952148 355.465851
-781.081360 368.759827
-767.642700 378.957672
-761.278564 392.300354
-746.663452 401.444031
-739.910095 414.417175
-726.808960 423.876801
-720.533142 437.000000
-705.448669 444.876343
-697.943604 457.123566
-690.225891 469.237915
-681.468872 480.656555
-673.342957 492.479828
-658.539856 499.457184
-650.089294 510.877441
-643.016785 523.379761
-634.928223 535.154785
-626.624329 546.800293
-611.314758 552.407837
-601.947327 562.995789
-592.396484 573.418701
-587.700623 588.535889
-570.635193 591.635193
-567.535889 608.700623
-557.874634 619.247314
-547.348816 628.892456
-535.344177 636.843018
-523.229126 644.560181
-517.301392 659.813965
-506.073730 668.744812
-494.090149 676.679749
-488.449554 693.293152
-476.642029 701.715332
-465.248505 710.759277
-457.496796 725.483276
-449.371521 740.144775
-436.752289 747.877869
-423.500000 754.523499
-414.997040 769.674500
-406.562378 785.632629
-393.155762 792.611633
-384.013123 808.343567
-370.213593 814.925598
-359.961914 829.487732
-349.704346 844.851868
-338.644348 859.174194
-327.906677 875.226074
-317.052673 892.095032
-301.150543 895.604675
-289.548920 912.139954
-278.630249 932.358459
-265.714417 947.656250
-252.089752 961.811768
-237.809219 974.800720
-223.376404 988.549500
-207.703781 998.169434
-192.335464 1010.480225
-177.989380 1030.427979
-163.004715 1050.171265
-146.410095 1062.761963
-129.059631 1072.106323
-117.594521 1139.837158
-99.531860 1158.654297
-80.219948 1168.198608
-61.547085 1195.388306
-41.669998 1214.272705
-21.152317 1232.815430
-0.000000 1262.000000
22.182009 1291.806396
45.125050 1313.212280
69.188133 1341.188232
94.938560 1378.684692
120.362083 1396.744873
148.534943 1434.215576
177.929245 1470.117432
207.367920 1496.499390
239.188293 1531.175415
273.495880 1572.072266
308.919769 1610.254395
347.628357 1656.462769
385.791046 1692.044678
428.201752 1738.423462
476.744690 1800.235352
524.813538 1851.242310
564.569763 1867.624512
609.381531 1896.483398
664.810181 1951.748901
688.486572 1912.601196
716.019165 1886.293701
739.848022 1852.188110
767.395935 1828.871582
795.576904 1807.894897
821.992493 1783.768677
842.987732 1749.380981
867.121826 1722.822510
893.404358 1701.249268
919.683838 1680.153564
944.500000 1656.921997
968.271606 1632.474487
991.478943 1607.697998
1014.662537 1583.443237
1039.539551 1562.180908
1061.116455 1536.431274
1083.875977 1512.827393
1105.534180 1488.093384
1130.354492 1467.787720
1149.768311 1440.845703
1169.873413 1415.200928
1190.747192 1390.797852
1216.479492 1372.037354
1241.919067 1352.795044
1255.942383 1321.566406
1279.863281 1300.863281
1309.198486 1285.278198
1325.212891 1256.781006
1349.551025 1236.141235
1369.043213 1211.091064
1390.370605 1187.659546
1415.959961 1167.621704
1431.815552 1139.656860
1455.912476 1118.108765
1479.692139 1096.059204
1506.420654 1075.807007
6468.151367 4383.823242
6484.601074 4232.148926
6492.656250 4078.061768
6498.185547 3925.503662
6477.003906 3760.500000
5783.860352 3227.045898
5562.569824 2978.670898
5359.404297 2751.752930
5257.046387 2585.032959
5084.386719 2391.888428
4911.220215 2207.616211
4701.018066 2016.463867
4567.307617 1866.312134
4450.377930 1729.339966
4330.103516 1597.028809
4229.304688 1477.266357
4122.830078 1360.588623
4033.693359 1254.223877
3936.366699 1149.734985
3848.248535 1052.135132
3767.658203 960.382690
3697.734375 874.689270
3621.102539 790.689087
3552.508789 711.537781
3483.265137 635.193604
3418.389404 562.419678
3348.096436 491.544250
3304.186035 426.703033
3235.179688 361.031097
3180.849609 299.288300
3128.360840 239.756302
3076.777588 182.247086
3023.157227 126.570976
2978.546387 72.990715
2935.000000 21.000000
