181 2
-1659.000000 21.000000
-1603.755737 48.993660
-1565.046021 75.652611
-1517.916870 100.550652
-1478.389893 124.379097
-1435.516602 146.591431
-1397.303223 167.862488
-1354.825439 187.351654
-1322.998169 206.935257
-1288.933228 225.146973
-1260.553955 243.269669
-1227.033936 259.511230
-1205.077881 277.147217
-1171.192871 291.391174
-1148.830200 307.435516
-1126.269531 322.783020
-1103.528442 337.431671
-1071.061279 348.456299
-1047.113281 361.227722
-1023.996643 373.590302
-1007.350464 387.645599
-982.126587 398.003082
-965.198364 410.965454
-939.835449 419.936493
-924.507996 432.617493
-899.963623 440.659943
-887.109741 453.672333
-864.276306 461.370789
-847.629700 471.692688
-830.888733 481.569153
-816.661926 492.500000
-798.879944 501.015472
-780.204224 508.525726
-761.512878 515.532227
-751.937073 528.187988
-735.598511 536.071655
-718.407104 542.953308
-701.201965 549.393616
-684.781372 556.009827
-677.671265 569.767395
-660.330322 575.082947
-643.012573 579.962280
-625.727966 584.407959
-615.799805 595.242615
-605.684082 605.902344
-590.434143 611.434143
-580.039734 621.648743
-562.648621 624.366821
-552.701904 634.837646
-535.344177 636.843018
-525.157471 646.858337
-513.525452 655.151123
-502.379761 664.016785
-485.664734 665.498840
-474.342712 673.876709
-463.449768 682.874878
-452.946259 692.520447
-435.166595 691.097778
-423.405487 698.590454
-415.635712 712.734009
-399.500000 712.954285
-388.332520 721.570374
-375.107788 726.475098
-362.738403 732.914185
-350.258545 739.136414
-338.517242 746.952515
-328.643219 759.144714
-315.710754 764.767944
-302.682129 770.164551
-289.202942 774.399414
-279.088440 787.789185
-265.989197 793.488647
-252.775894 798.964233
-238.867676 802.300964
-225.195724 806.350830
-213.784531 818.854736
-199.827484 822.464294
-187.834137 834.598999
-173.606262 837.753235
-161.042786 849.493347
-146.559067 852.177734
-133.282166 862.510437
-118.436310 863.718140
-103.832680 866.649292
-89.999008 877.283325
-74.866783 876.731262
-59.920811 877.907532
-45.427608 887.810425
-30.257864 887.471863
-15.270856 895.866760
-0.000000 905.000000
15.776976 924.862305
32.002838 937.441406
48.567768 947.728210
66.198891 967.688293
83.408043 974.358337
101.183556 983.697205
119.188217 991.710144
138.477234 1006.316711
157.373077 1014.614441
177.989380 1030.427979
197.487305 1036.984131
219.138916 1051.967529
241.372482 1066.499023
263.694855 1078.622314
287.030334 1092.211792
308.989471 1098.574341
336.227448 1120.750488
360.931854 1131.833984
385.798248 1141.439453
411.792267 1152.389893
441.867676 1172.104614
469.756683 1183.688599
501.308044 1202.007690
533.231750 1218.658081
566.731079 1236.358765
600.568481 1252.347900
640.126587 1277.319214
675.569580 1291.561646
716.548645 1313.687866
761.500000 1339.956665
808.094727 1365.895508
858.469238 1394.837891
911.725769 1424.934570
966.285339 1453.576904
1023.260376 1482.367188
1087.402710 1517.681396
1154.883057 1553.581543
1233.169922 1599.385498
1307.098511 1635.132202
1391.635132 1679.486206
1450.546509 1689.662842
1465.395996 1648.487183
1499.714355 1629.246826
1541.446899 1617.214966
1576.848145 1597.848145
1624.269287 1589.538574
1666.023682 1574.592285
1708.489990 1559.331299
1757.718628 1548.961426
1798.672363 1530.265259
1862.041748 1528.851685
1936.930420 1534.295898
1983.810547 1515.908569
2040.340820 1503.394409
2097.029297 1489.355713
2153.010498 1473.223999
2215.767578 1459.936279
2276.161133 1443.303345
2339.209473 1426.538940
2403.220459 1408.500000
2471.675293 1391.072021
2539.357178 1371.200195
2612.431152 1352.100098
2645.150879 1311.126343
3448.501221 1629.062500
3212.939453 1451.492798
3439.926758 1481.162231
3101.429932 1274.059082
9632.682617 3718.640625
9697.627930 3550.647949
9793.681641 3393.234863
9910.008789 3240.957031
10001.035156 3078.623291
10087.480469 2913.538330
10187.620117 2750.764404
10278.342773 2583.678711
10364.374023 2413.804443
6623.037598 1428.770020
6348.183105 1254.961792
5945.284180 1069.314087
5726.617188 928.007019
5796.039062 835.580139
5929.470703 749.047485
4481.315430 492.005249
4289.614258 396.292633
4267.579102 319.418182
4305.091797 246.620300
4346.350586 172.777908
4395.330566 97.720779
4615.000000 21.000000
