181 2
-445.000000 21.000000
-432.934052 28.556892
-443.729523 36.495377
-456.373688 44.917534
-484.816132 54.901646
-506.066895 65.275116
-525.107544 76.191032
-548.878052 88.393745
-584.258179 103.112129
-627.182068 120.335884
-699.213501 144.290207
-4274.986328 851.973145
-4229.510254 920.010132
-4239.484375 999.762024
-4213.023926 1071.424927
-4188.254395 1143.239380
-4168.030762 1216.163574
-4147.493652 1289.016113
-4124.731934 1361.206665
-4100.713867 1432.989136
-3279.527344 1214.650269
-3243.258301 1265.970215
-3225.672607 1324.256348
-4423.025879 1898.463013
-4416.992188 1987.571655
-4390.154785 2068.162842
-4355.556152 2145.346680
-4331.182617 2227.847900
-4297.306152 2305.918213
-4275.141113 2390.749512
-4246.122559 2472.500000
-4217.263184 2554.987305
-4194.445801 2641.980713
-4138.839355 2708.793701
-3822.692139 2599.438477
-3551.024170 2507.453857
-3369.555664 2469.125488
-3177.770752 2415.622070
-2970.012451 2341.427979
-2785.291016 2276.484375
-2623.702148 2222.547607
-2476.202148 2173.529785
-2335.704102 2124.077393
-2208.688232 2080.635010
-2088.243408 2037.593262
-1943.129395 1964.129395
-1841.539307 1927.969849
-1692.719971 1836.219849
-1636.024292 1837.989136
-1621.121826 1885.887329
-1606.326294 1935.345093
-1590.292603 1984.847900
-1582.250000 2046.187622
-1562.913574 2095.056396
-1548.226318 2151.950684
-1537.184814 2216.327393
-1519.327148 2273.495117
-1504.292969 2337.408203
-1483.244019 2394.686523
-1466.313354 2461.355225
-1451.000000 2534.205811
-1470.427612 2673.721680
-1481.652222 2807.582520
-1456.855469 2880.239990
-1433.473633 2960.056641
-1404.360474 3032.660889
-1376.803589 3113.351318
-1345.677979 3191.218750
-1312.996094 3270.779297
-1282.240479 3361.350830
-1252.477783 3462.154297
-577.557922 1698.349976
-546.342041 1702.467896
-703.446350 2321.869141
-653.811829 2301.112793
-606.930664 2286.095947
-561.016846 2271.115723
-517.162476 2261.076660
-472.375366 2243.351318
-409.285309 2126.590332
-387.061798 2216.136475
-344.468689 2195.889648
-303.814880 2182.755127
-263.725250 2168.869873
-224.109024 2153.254883
-185.293106 2138.909912
-105.471786 1529.316895
-109.382149 2108.135742
-72.521156 2097.734131
-25.445608 1478.777954
-0.000000 1913.000000
34.171810 1978.701782
71.020477 2054.760254
105.247604 2029.244019
140.698807 2033.086670
175.183044 2023.351318
209.056931 2010.043823
242.519989 1996.166870
275.701904 1982.721069
308.801636 1970.696777
342.781494 1965.010498
376.656952 1958.732056
407.714813 1939.147461
441.578918 1933.688477
472.715393 1916.957886
505.732422 1908.419067
538.871033 1900.266602
561.353699 1857.105103
429.224609 1342.017456
627.695374 1843.959839
664.203125 1845.883057
700.250977 1845.216187
731.232056 1830.862915
763.488647 1819.666504
794.763428 1806.067871
825.796082 1791.925415
860.522583 1785.332764
891.637329 1770.936768
926.736877 1763.938599
957.499023 1748.373901
992.000000 1739.194458
1026.985962 1730.191650
1061.428345 1719.640381
1090.367310 1700.018433
1129.010498 1694.826904
1163.786621 1683.059448
1197.318604 1668.967651
1231.313477 1655.008301
1271.340942 1648.242188
1305.839844 1633.577881
1339.569336 1617.436646
1379.692139 1608.154297
1413.203857 1590.521851
1459.476440 1586.096924
1492.820801 1566.861206
1533.007446 1554.007446
1571.757446 1538.828491
1612.634888 1524.806396
1394.139648 1276.289062
1372.816772 1214.371338
1355.898682 1158.734009
1342.908203 1108.465576
1338.830322 1067.008789
1331.325439 1024.225586
1336.496094 992.021240
1347.505127 964.533264
1378.689453 950.937805
1392.193115 925.100769
1584.153809 1010.889160
1685.190918 1033.564819
1729.452759 1019.500000
1778.101807 1006.617981
1832.116211 995.153503
1813.198242 944.870667
1998.917969 995.937439
1983.001465 945.688782
1979.652954 902.398315
2023.269653 879.827026
2094.508301 867.236267
2140.699951 842.737732
2203.579102 823.037231
2254.116211 797.154480
2227.374268 744.717773
2103.870361 664.217773
1976.354004 587.710388
920.527283 267.654541
819.899902 225.423996
813.598999 208.834137
805.015503 192.111328
798.062927 176.127716
793.755066 160.960434
797.064514 147.242615
792.214478 132.338486
787.089111 117.642387
785.672302 103.577484
775.039490 88.807167
768.124329 74.712486
760.955688 60.879997
761.535828 47.593418
752.885315 34.141663
753.000000 21.000000
