180 2
-1786.000000 21.000000
-1801.725586 52.449238
-1831.883423 84.970779
-1862.444092 118.606560
-1902.354614 154.025589
-1922.655762 189.210587
-1948.268433 225.771255
-1969.211548 262.788788
-2005.292847 302.825531
-2032.662598 342.942139
-2084.838135 388.613190
-2108.535156 430.857727
-2072.694824 461.564880
-2042.279663 492.497406
-2066.729980 536.293640
-2101.854492 584.190247
-2145.536133 636.222595
-2178.462158 687.022766
-2272.073975 759.241577
-3195.852783 1121.420410
-3207.170898 1188.314697
-3350.620117 1307.182617
-3414.818115 1400.676025
-3521.851562 1515.937256
-3608.504639 1627.609741
-3695.923096 1744.437256
-2853.671143 1412.828369
-3928.447754 2022.644165
-2827.198242 1524.247925
-2777.792236 1560.755371
-2725.381836 1594.500000
-2682.933594 1633.069214
-2627.252930 1662.689941
-2584.782715 1699.577515
-2644.629883 1804.825317
-2284.614990 1620.704712
-2194.054199 1615.073608
-4075.437012 3092.062012
-3347.469727 2636.329834
-2634.524902 2154.396240
-4241.587891 3580.114990
-3449.022705 3019.189697
-2874.951416 2701.935547
-3301.050293 3208.787354
-3192.587158 3213.587158
-3065.527344 3195.446533
-3058.080566 3300.389893
-2991.682861 3343.600586
-2929.303467 3390.778320
-2521.655762 3026.192383
-2811.803467 3493.288086
-2744.618896 3533.951904
-2683.493164 3582.115723
-2628.575684 3638.924072
-2581.667480 3708.003418
-2501.829102 3730.114014
-2576.142578 3987.911865
-1756.682373 2832.279541
-1345.794434 2260.778076
-1638.000000 2858.099121
-1626.051514 2954.474609
-1208.889282 2294.590088
-1530.855957 3025.474121
-1481.694458 3058.923828
-1458.455566 3148.668213
-1392.259521 3148.066162
-1355.055542 3213.310791
-1312.996094 3270.779297
-1269.697632 3328.675537
-1228.194336 3395.436279
-1182.789062 3456.069092
-1136.564453 3518.985840
-1091.131226 3589.929443
-1044.389893 3663.220459
-994.382751 3732.086914
-944.463074 3809.034424
-810.723572 3532.629639
-836.636658 3957.065918
-782.507690 4046.653076
-724.807495 4131.587402
-664.690063 4217.687988
-604.985474 4325.695312
-364.389343 2988.712891
-428.671234 4099.534180
-347.664246 3994.820557
-271.003906 3896.536377
-198.457947 3807.803223
-129.197937 3720.744873
-60.367874 3479.473145
-0.000000 3374.000000
56.999561 3286.502686
110.491806 3185.071289
162.346130 3118.748779
211.292358 3042.621582
258.416779 2974.717285
306.059326 2932.960205
362.073822 2969.854736
420.024414 3009.629150
479.784515 3050.240234
553.764038 3161.552002
619.938416 3210.306641
617.081909 2924.142090
657.981812 2871.032471
698.912354 2824.184326
743.845947 2797.070801
792.457397 2784.627441
865.712646 2852.618408
991.635559 3072.940430
1032.376587 3019.239502
1071.549072 2965.056885
1112.732544 2919.767334
1151.915283 2872.090332
1186.650391 2816.573242
1223.463867 2768.944824
1260.247681 2723.609863
1299.332031 2685.025635
1333.370117 2637.886230
1366.162231 2590.377441
1401.099854 2548.650879
1431.500000 2500.430664
1469.403687 2466.498291
1501.791138 2424.368408
1533.703491 2382.696289
1565.180908 2341.476074
1593.968872 2297.423584
1628.165161 2261.977051
1661.009521 2225.233887
1693.069092 2188.029541
1718.673950 2143.385742
1749.667847 2106.173096
1779.232056 2067.772461
1808.660034 2029.720459
1837.985596 1991.998169
1865.852417 1953.146729
1892.924805 1913.924805
1927.111328 1881.989746
1951.983032 1841.253662
1983.453491 1806.909546
2008.282227 1766.773071
2037.678223 1730.815063
2067.208252 1694.992188
2096.108643 1658.659546
2124.370361 1621.828003
2151.985107 1584.508789
2184.678467 1550.728394
2211.043213 1512.367432
2195.639648 1446.864990
2077.717773 1319.302246
2294.636963 1399.756958
2081.059082 1222.500000
1934.658813 1093.398926
1959.260742 1062.757446
1986.053589 1032.944824
2012.399902 1002.513000
2035.567261 970.200623
2060.958496 938.597839
2084.943604 906.005981
2115.833496 875.852234
2147.234863 845.246277
2163.172363 808.330383
2200.221680 778.597107
2222.619141 743.172729
2252.097656 709.535339
2275.306396 673.433594
1436.331665 405.863922
1449.621826 382.431305
1494.683716 366.074921
2400.374268 531.215271
2425.600830 492.489014
2460.049805 454.773163
2491.937744 415.684143
2513.300293 374.221344
2547.865967 333.838593
2589.735107 293.192108
2609.033936 249.260895
3221.134277 246.243652
3271.510254 192.452591
3311.981201 136.656937
3357.488525 79.605179
3402.000000 21.000000
