181 2
-3330.000000 21.000000
-3233.507324 77.441086
-3140.085938 130.654221
-3056.804932 181.200363
-2976.731201 229.153320
-2965.671631 280.462646
-2991.521973 335.421631
-3034.213623 393.554596
-3065.869873 451.879913
-3193.196289 526.752625
-3211.458008 587.266724
-2923.285645 589.229187
-2858.147217 628.517944
-2822.750000 672.683228
-2794.451660 717.735046
-2809.878174 773.904602
-2874.172363 845.155701
-2983.670898 933.199707
-3004.387451 997.184692
-2950.018066 1036.772583
-2896.132568 1075.106079
-2839.951660 1111.155273
-2791.750488 1148.940430
-2740.343018 1184.206543
-2694.045654 1220.466309
-2647.324951 1255.467896
-2602.008789 1290.084473
-2554.515625 1322.590820
-2508.454102 1354.768677
-2468.176758 1389.132690
-2419.675049 1418.000000
-2378.639160 1450.230713
-2337.220459 1481.457520
-2289.570557 1507.864624
-2256.640381 1543.123047
-2214.987061 1571.950684
-2172.210693 1599.203369
-2129.162354 1625.438843
-2093.744629 1656.812500
-2050.111084 1681.147217
-2013.930786 1710.888672
-1977.339111 1739.874634
-1939.608032 1767.430908
-1902.250977 1794.877686
-1865.248047 1822.249146
-1827.163940 1848.163940
-1789.439941 1874.019287
-1750.007812 1897.653564
-1716.989136 1927.909668
-1677.542969 1950.792358
-1644.250732 1980.541626
-1604.137695 2001.945068
-1569.321045 2029.639404
-1534.026489 2056.721924
-1499.440186 2084.802246
-1463.193481 2110.656982
-1396.863892 2091.935791
-1267.919678 1973.425049
-1353.413818 2186.914795
-1204.159058 2025.057129
-1042.500000 1826.662964
-1009.858459 1842.832886
-982.134521 1868.126343
-953.834045 1893.004761
-925.401489 1918.354248
-895.105469 1940.559937
-865.128845 1964.111206
-834.992432 1988.118896
-803.531128 2009.809326
-771.924561 2031.932251
-740.131592 2054.494873
-707.459595 2075.611816
-676.747192 2103.813721
-390.316223 1297.666870
-364.668213 1292.749268
-343.194061 1301.817627
-539.485840 2184.759521
-509.514130 2227.948242
-474.454468 2253.132812
-439.051483 2279.724121
-403.037415 2306.738770
-366.056641 2332.190674
-329.005219 2361.993652
-288.952209 2374.326904
-251.181900 2410.836182
-212.137085 2445.737793
-171.042877 2467.027100
-159.729340 3068.817383
-107.769646 3107.118896
-54.538769 3145.523926
-0.000000 3174.000000
55.673176 3210.514160
113.213966 3263.023926
95.722466 1847.493408
116.423553 1685.934448
143.371201 1659.740234
173.099136 1667.928223
203.643677 1679.544678
234.785019 1691.582275
269.693024 1723.774658
538.830322 3076.858398
581.967407 3014.962891
624.150879 2957.399170
664.280457 2898.314697
704.234619 2845.530762
746.692932 2807.696045
783.085754 2751.944580
827.411926 2727.342529
864.629578 2682.056152
899.544800 2633.467773
932.688904 2583.541748
967.235107 2540.733643
1000.574219 2497.508057
1033.093140 2454.814941
1064.023071 2410.834961
1093.313477 2365.618164
1122.668457 2322.811523
1150.865967 2279.701660
1181.190430 2242.496094
1211.054443 2205.800049
1237.000000 2163.546875
1264.933472 2126.202881
1291.943115 2088.541260
1318.026489 2050.582764
1348.214111 2019.809570
1370.847656 1978.773438
1399.516724 1947.269409
1422.088867 1908.175659
1449.267090 1875.977295
1475.126953 1842.630127
1502.194702 1811.245850
1520.088745 1769.662109
1544.353394 1736.178223
1567.914185 1702.382202
1591.462280 1669.007446
1613.617676 1634.617676
1642.972046 1607.599731
1663.829712 1572.546265
1666.873901 1521.859985
1693.568237 1493.196411
1712.875366 1458.273071
1737.698364 1428.160400
1761.992065 1397.619019
1789.742188 1369.667480
2395.499268 1761.432129
2396.019775 1698.711060
2092.490723 1432.402832
1831.656494 1210.491699
7754.551758 4866.581543
7846.509277 4735.658691
13881.521484 8035.500000
14021.903320 7793.467773
13064.975586 6967.770508
12142.636719 6207.982422
5763.067383 2831.835693
5341.778320 2511.912109
4914.874512 2209.243164
4544.532227 1950.039551
4244.647461 1735.948975
3990.122803 1552.664673
2914.926514 1081.946533
2928.270996 1029.284546
2954.932617 981.115784
2999.927979 938.170044
3024.129395 888.155151
3065.848633 842.491638
3098.154297 793.456604
3122.855957 741.968140
3158.438721 692.346863
3194.214844 641.892456
3128.734131 572.680237
3260.359131 537.390198
3310.466064 486.255676
3344.880615 431.699677
3298.829102 367.720917
3417.944092 320.031342
3460.549805 262.985199
3499.197998 204.385193
3545.838623 144.823410
2948.550781 72.467148
3634.000000 21.000000
