180 2
-1392.000000 21.000000
-1388.788452 45.241394
-1390.152588 69.545197
-1403.074463 94.532021
-1400.579956 118.938087
-1408.619263 144.238220
-1406.253906 168.803253
-1412.393188 194.420074
-1419.054199 220.435059
-1417.332764 245.483459
-1421.077637 271.574310
-1425.322632 298.054657
-1428.095459 324.551056
-1424.529053 349.878448
-1438.948608 379.770172
-1447.922852 408.969757
-1450.543945 436.936768
-1450.714355 464.527863
-1460.822754 495.650116
-1459.880737 523.677246
-1461.222046 552.841309
-1467.588379 584.354431
-1468.659180 614.376831
-1471.887207 645.779053
-1477.203003 678.693176
-1482.719482 712.403503
-1485.706543 745.627502
-1487.980835 779.164124
-1493.064331 814.876404
-1500.847412 852.933289
-1512.080322 894.000000
-1512.900269 930.042175
-1518.854126 970.085388
-1526.380493 1012.243042
-1535.377563 1056.625244
-1530.176025 1092.440796
-1544.413452 1143.082031
-1544.561035 1184.910278
-1553.169189 1234.468750
-1562.063354 1285.933960
-1568.859009 1337.429077
-1570.550659 1386.258789
-1583.641602 1446.917358
-1587.037476 1500.936401
-1595.495728 1561.752319
-1578.969482 1599.969482
-1576.874512 1653.901367
-1581.554199 1717.009277
-1597.883911 1795.629883
-1604.064331 1866.264893
-1612.111328 1942.239502
-1610.430908 2009.716553
-1565.011475 2024.123291
-1512.963013 2028.769653
-1462.409668 2033.834229
-1415.586670 2042.667236
-1364.989868 2044.680664
-1319.660400 2053.098877
-1273.925903 2059.707520
-1233.001099 2073.058594
-1187.000000 2076.944336
-1142.211426 2081.604004
-1096.685547 2083.565674
-1069.147583 2119.320312
-1040.693115 2154.737061
-1011.325500 2189.794434
-981.048767 2224.471680
-950.258118 2259.667725
-921.157593 2300.945068
-891.619446 2343.748047
-859.838623 2383.387207
-827.594238 2424.508301
-796.645813 2472.823730
-761.628296 2512.173828
-727.958252 2559.692139
-692.858582 2606.783447
-656.092163 2652.441895
-618.165527 2698.568848
-579.034058 2745.141113
-540.371094 2800.968262
-498.196625 2846.413330
-464.610352 2954.434326
-420.024414 3009.629150
-374.138885 3068.116699
-325.815216 3120.924805
-276.806641 3184.914307
-225.731949 3249.117188
-172.760986 3317.476074
-117.436806 3383.950195
-59.966469 3456.476562
-0.000000 3528.000000
61.746613 3558.461182
126.859673 3653.785645
195.160782 3744.889648
267.516083 3846.658203
343.045013 3942.022217
423.340271 4048.813721
507.707672 4155.947266
598.583496 4280.143066
694.725464 4407.323730
796.350525 4537.328125
905.770325 4680.784180
1021.678040 4827.617188
1148.600098 4996.133789
1283.879517 5170.359375
1432.304565 5366.433594
1590.427490 5567.479980
1767.971680 5803.774902
1961.948853 6059.257812
2176.423096 6341.791504
2414.320312 6654.290039
2676.291748 6992.978516
2975.500244 7385.621582
3316.135010 7833.324707
3640.699707 8198.145508
3807.790527 8186.833008
3992.246094 8206.317383
4210.308105 8284.194336
4413.501953 8321.589844
1887.363892 3425.894531
1939.000000 3379.446533
1990.107178 3333.094482
2048.137939 3298.705811
2105.029785 3262.461670
1887.835205 2819.830811
1923.201782 2767.616699
1934.401245 2683.474854
1957.102417 2618.162598
1976.273315 2550.514404
1979.212646 2465.124023
2054.349121 2469.278076
2155.153809 2500.220947
2260.992432 2532.086426
2367.216309 2559.528809
3348.947998 3488.937256
3565.767334 3464.421631
3830.099365 3592.625488
1041.889038 959.121094
970.556519 864.691895
906.996643 782.060547
863.409180 720.174927
810.863037 654.515686
777.072327 606.566040
730.542358 551.770081
698.736694 510.260712
681.468872 480.656555
643.260315 438.738129
630.947754 415.259918
612.874634 389.252228
594.959473 364.500000
576.374390 340.489532
554.491089 315.828156
542.622986 297.480225
530.288513 279.638977
530.190063 268.231689
523.461548 254.060089
504.436646 235.120651
530.349182 235.274979
535.875183 226.703201
541.262939 218.003601
524.762817 201.690323
538.297974 195.903625
542.224792 186.774750
556.570496 180.594025
566.032532 172.667953
573.444763 163.975845
585.596436 156.195587
591.779297 146.786575
605.664001 138.729156
609.596008 128.488220
623.231323 119.710144
634.761841 110.209961
640.192261 99.605728
645.444702 88.838974
662.469482 78.958572
682.333801 68.713425
684.061218 56.850128
695.575989 45.290051
711.891541 33.426113
729.000000 21.000000
