181 2
-2998.000000 21.000000
-2624.600098 66.812569
-2533.455811 109.470222
-2538.516357 154.037994
-2538.800537 198.530228
-2546.273682 243.770081
-2459.452637 279.498901
-3310.141357 427.434265
-3032.200928 447.148041
-2833.677734 469.810486
-2844.124756 522.495911
-2838.865723 572.819641
-2849.343994 626.646729
-2845.160645 677.857056
-2852.669434 732.250366
-2857.208496 786.586731
-2861.676025 841.572388
-2866.045410 897.237976
-2867.435303 952.686218
-2878.158447 1012.029480
-2877.338867 1068.265625
-2883.829834 1127.998535
-2885.396240 1186.775757
-2888.544189 1247.114258
-2537.829346 1150.914429
-3359.682861 1587.645874
-3368.680176 1664.015015
-3123.868896 1612.690674
-2863.398926 1543.496338
-2857.382568 1604.873047
-2861.347900 1673.000000
-2863.795898 1741.742188
-2870.642822 1814.776733
-2870.769287 1885.299438
-2873.444336 1959.162598
-2283.795898 1620.131104
-2238.550049 1647.401733
-2240.971191 1709.692993
-2048.040039 1621.104126
-1993.379395 1635.206787
-1954.945435 1661.393921
-1687.530640 1487.947998
-1537.566650 1405.431274
-1574.604492 1489.342529
-1628.585327 1593.706543
-1589.576050 1610.576050
-1554.645386 1630.882446
-1505.852417 1635.828979
-1544.353394 1736.178223
-1550.923584 1805.133423
-1502.194702 1811.245850
-1342.969727 1679.429443
-1339.679321 1735.711426
-1339.038452 1797.963989
-1342.501465 1868.794800
-1285.384766 1856.719727
-1225.750854 1838.250366
-1057.144409 1648.859619
-1052.949585 1706.071533
-1057.373169 1780.764526
-1060.500000 1857.839844
-1066.096313 1944.288696
-1073.212036 2039.418213
-1077.319458 2135.358398
-1081.900024 2239.223633
-748.879578 1626.977417
-720.737305 1639.802490
-722.461853 1723.013428
-733.479736 1836.426025
-752.214355 1980.585327
-767.151184 2128.730469
-705.180603 2068.993164
-686.017700 2132.345459
-725.081848 2392.635742
-694.054871 2441.457031
-556.460938 2097.740479
-431.830597 1752.977905
-409.635864 1795.327881
-377.567627 1797.316040
-342.311340 1782.039185
-311.351196 1786.760254
-280.799866 1793.900513
-251.485794 1810.414429
-206.690399 1704.358276
-190.450867 1833.018921
-225.384750 2597.159424
-180.739029 2605.688477
-135.707138 2610.446289
-90.145401 2602.426514
-45.201733 2610.605469
-0.000000 2612.000000
45.376255 2620.604004
90.250099 2605.424561
137.695908 2648.394287
184.087341 2653.571533
230.788406 2658.923584
277.523071 2661.455566
324.538055 2664.150391
371.870514 2666.996338
419.557220 2669.980225
467.287231 2671.117676
516.329163 2677.283203
564.272339 2675.692627
612.991638 2676.158447
664.801392 2687.372559
713.564087 2684.057617
765.444946 2690.423828
817.471313 2694.828125
387.507324 1213.624878
413.797119 1222.754150
434.707611 1215.349365
462.294647 1225.318726
483.617126 1217.994385
506.778259 1214.894775
531.604797 1215.003906
560.391785 1222.764160
585.663879 1221.788818
615.157104 1228.313843
640.359192 1225.340576
670.491699 1230.598999
696.500000 1227.373413
727.748779 1232.177368
757.784546 1233.708740
783.190918 1227.008301
819.217590 1235.540039
846.025269 1229.249268
458.472504 652.033264
429.695923 591.225769
444.507599 589.943787
459.403900 588.316528
480.805145 594.001221
497.948792 593.824585
516.568848 594.707825
521.046753 579.754211
515.436523 554.750122
510.531097 531.531067
517.205322 520.459351
516.335693 502.490845
513.513062 483.369263
517.730774 471.056488
515.547913 453.596069
418.881683 360.203705
420.797729 349.763214
420.880920 338.156525
439.296234 340.167389
444.799561 332.451996
436.073761 315.135468
440.302063 306.935486
449.465485 301.857208
472.299194 304.785980
491.902435 305.000000
513.401794 305.583252
542.129822 309.255554
560.443115 306.560028
589.608887 308.571472
616.289307 308.380432
651.357910 311.003235
686.696594 312.485413
723.203430 313.193146
761.801636 313.428253
808.135681 315.137329
857.585327 316.290314
925.377991 321.673523
994.556946 325.066559
1074.690552 329.162567
1162.008789 332.359314
1305.047729 346.384949
1322.220215 326.258575
1327.346313 303.136169
1322.251831 278.019714
1325.551270 254.730453
1320.539307 230.152878
1316.066284 205.961044
1330.011841 184.304916
1325.697632 160.336441
1328.923706 137.265762
1330.750488 114.055138
1327.178711 90.554489
1325.192261 67.276733
1319.798950 44.037178
1326.000000 21.000000
