181 2
-959.000000 21.000000
-1268.806763 43.147102
-1509.080200 73.698242
-1503.936035 99.817947
-1319.777222 113.287811
-1167.540161 123.146530
-1053.198730 131.695648
-992.546143 142.869339
-1015.024780 163.652435
-975.836060 175.557251
-1028.139282 202.288696
-1007.149475 216.770035
-1076.940552 249.910767
-1169.244019 290.941254
-1268.176514 337.191925
-1243.146484 354.100098
-1220.802368 371.059448
-1213.550781 392.019684
-1184.065308 405.726166
-1164.878906 422.099976
-1138.907471 435.528412
-1122.163696 451.758270
-1113.547852 470.902527
-1134.062012 502.380737
-1159.289185 537.148804
-1184.544312 573.362061
-1215.169556 613.677795
-1241.172119 653.408752
-1279.391113 701.264282
-1304.057983 743.851135
-1338.875244 794.000000
-1384.325195 852.786499
-1462.882935 935.110718
-1852.623291 1224.107666
-1931.657593 1323.919434
-2066.720703 1468.133301
-2076.746582 1529.844727
-2884.671387 2194.755859
-3215.871826 2533.514404
-3099.258057 2530.729736
-3105.544189 2626.861084
-3040.724854 2664.261719
-2986.698975 2710.235840
-2464.661865 2319.334473
-2408.349609 2346.716309
-2501.036621 2522.036621
-2735.564697 2853.760254
-3044.440674 3285.762939
-3442.007812 3843.737061
-3982.934326 4602.841797
-4843.404785 5793.145020
-4868.422363 6033.000977
-4775.070312 6132.811523
-4666.473633 6213.619629
-4560.038086 6297.354004
-4445.791016 6370.247559
-4339.895996 6455.160645
-4225.309570 6527.406250
-4101.575195 6584.892090
-3990.000000 6661.475098
-3882.000000 6744.821289
-3787.332764 6853.529297
-3676.901367 6936.245605
-3565.641357 7018.965332
-3454.802979 7104.395996
-3343.755615 7191.707031
-3222.167725 7258.106934
-3108.266113 7343.616211
-1489.061157 3706.555908
-1370.399048 3591.011475
-1180.995605 3265.758545
-1061.026611 3102.445068
-969.695312 3005.415283
-929.449646 3061.092773
-882.315186 3097.998779
-828.738586 3113.894531
-802.213013 3238.500732
-714.669495 3116.573730
-387.755310 1845.245239
-342.883759 1784.984009
-299.022156 1716.838989
-259.211914 1657.599609
-225.460419 1625.234253
-197.062729 1625.947144
-168.290833 1622.180298
-141.802399 1641.808716
-115.237694 1668.975830
-87.453384 1689.709961
-58.945251 1708.971069
-29.756353 1725.740356
-0.000000 1753.000000
30.716236 1780.731934
69.938591 2023.779175
103.101837 1988.300171
134.141693 1939.315674
164.201416 1897.830811
192.959549 1856.887451
221.436600 1824.456299
247.449768 1781.696655
272.665283 1742.540771
298.153931 1711.914917
322.085571 1677.986694
344.717590 1642.768677
367.120117 1611.171997
390.220032 1586.087036
410.487000 1552.958374
432.475006 1529.219604
453.176147 1503.272339
469.396820 1465.654907
488.352234 1439.277832
506.531830 1412.684814
527.875977 1396.163940
544.303406 1368.198120
560.308411 1341.003906
579.192993 1321.888672
598.427429 1304.331787
611.966125 1275.716431
629.230835 1255.935059
645.992859 1235.935913
658.371460 1208.733521
674.500000 1189.268311
689.120972 1167.889893
703.732788 1147.207886
718.378906 1127.206421
736.457031 1112.842529
749.090820 1090.812622
761.769714 1069.486084
780.554077 1056.830200
792.971985 1035.957886
805.530090 1015.746826
816.340271 993.876465
833.851013 980.235901
843.773682 958.105652
859.999939 943.237000
869.017639 920.894104
884.590576 905.590576
899.894104 890.017639
906.878601 866.677979
921.499573 850.721924
934.330444 833.201050
947.596985 816.128296
959.775269 798.210693
974.769287 782.573242
986.314880 764.241577
999.135986 746.914795
1010.833618 728.793335
1023.861389 711.603210
1034.919434 693.084595
1047.339355 675.450317
1058.601562 657.072021
1078.201660 643.500000
1088.901489 624.587952
1099.269775 605.492065
1109.303101 586.218201
1127.986572 571.155762
1137.416260 551.385925
1155.635010 535.521851
1163.518188 514.884155
1182.159424 498.623413
1190.315063 477.919128
1207.505005 460.495880
1216.882446 440.006226
1230.667114 420.867981
1243.196167 401.083221
1260.214111 382.360565
1274.056152 362.382324
1288.552734 342.272278
1303.707153 321.984497
1316.586670 300.849121
1329.123169 279.355377
1342.292969 257.682465
1359.059204 236.253830
1376.472656 214.450607
1372.691284 189.545303
1381.390869 166.190033
1394.672607 143.018036
1432.501953 121.170296
1446.015625 96.782463
1469.104492 72.302261
1489.773071 47.004086
1500.000000 21.000000
