27 4
-856.0000000000 21.0000000000 -802.8809204102 206.3596649170
-691.1471557617 219.1832580566 -1515.7242431641 572.6784667969
-5415.6806640625 2209.0771484375 -5568.1337890625 2384.5327148438
-4839.9638671875 2175.8906250000 -5420.6269531250 2664.8164062500
-5187.5102539062 3262.5161132812 -4770.3583984375 3118.9067382812
-4770.3583984375 3118.9067382812 -4812.5180664062 3390.7614746094
-4812.5180664062 3390.7614746094 -4383.2539062500 3205.6206054688
-4558.6420898438 3582.6015625000 -4289.8457031250 3494.8486328125
-4538.8232421875 3966.5390625000 -4312.4692382812 3903.9648437500
-4312.4692382812 3903.9648437500 -4042.5295410156 4063.5295410156
-1229.5452880859 1294.2314453125 -676.4417114258 1062.6289062500
-676.4417114258 1062.6289062500 -576.3458251953 1315.4938964844
-495.6045227051 1247.6641845703 -475.9811401367 1577.8641357422
-475.9811401367 1577.8641357422 116.7015380859 1354.9046630859
116.7015380859 1354.9046630859 119.3100891113 992.7026977539
119.3100891113 992.7026977539 183.8476715088 1329.1441650391
183.8476715088 1329.1441650391 335.9471130371 1274.7717285156
335.9471130371 1274.7717285156 270.6758728027 964.9589843750
270.6758728027 964.9589843750 430.7266540527 1271.9210205078
430.7266540527 1271.9210205078 635.5853881836 1167.6264648438
635.5853881836 1167.6264648438 510.0000000000 904.3458862305
510.0000000000 904.3458862305 712.2114868164 1160.7766113281
712.2114868164 1160.7766113281 540.2819213867 852.9611816406
540.2819213867 852.9611816406 755.4696044922 1141.0297851562
755.4696044922 1141.0297851562 1879.6909179688 668.2294921875
1879.6909179688 668.2294921875 1378.9914550781 442.6000061035
1378.9914550781 442.6000061035 1979.4388427734 194.1784667969
