20 4
-581.0000000000 21.0000000000 -1202.5322265625 772.4255371094
-1715.9199218750 1135.3314208984 -2220.2067871094 1694.0457763672
-3312.0092773438 2608.6252441406 -3718.6433105469 3032.2980957031
-5395.2314453125 4878.8881835938 -5186.4399414062 5029.4868164062
-5186.4399414062 5029.4868164062 -5352.0913085938 5373.0913085938
-5352.0913085938 5373.0913085938 -5068.2275390625 5269.3032226562
-5068.2275390625 5269.3032226562 -5167.5014648438 5562.4667968750
-5167.5014648438 5562.4667968750 -4987.3608398438 5758.3022460938
-3814.3017578125 4566.7075195312 -3454.6508789062 4954.7529296875
-2867.5412597656 4272.3046875000 -2390.9956054688 3847.3930664062
-2390.9956054688 3847.3930664062 -2212.6711425781 4012.7644042969
-2212.6711425781 4012.7644042969 -1945.3492431641 3838.9628906250
-1636.5664062500 4517.4291992188 -1430.5747070312 4700.1992187500
-285.5603027344 1016.8671264648 9.1450605392 544.9201660156
9.1450605392 544.9201660156 1193.7675781250 1548.9528808594
1838.3658447266 1214.8487548828 814.7706909180 400.9338073730
814.7706909180 400.9338073730 1187.8696289062 406.9622192383
1187.8696289062 406.9622192383 995.6406250000 196.5583038330
2571.9404296875 428.3553466797 2297.3898925781 181.6491546631
2297.3898925781 181.6491546631 1755.0000000000 21.0000000000
