32 4
-1201.0000000000 21.0000000000 -1027.2852783203 147.1347656250
-2646.9865722656 393.0097045898 -2292.6928710938 550.3098144531
-2292.6928710938 550.3098144531 -1852.2945556641 482.8288879395
-1852.2945556641 482.8288879395 -1298.8159179688 711.5926513672
-1298.8159179688 711.5926513672 -1487.7281494141 845.6611938477
-1368.7410888672 944.2274780273 -1705.4078369141 1260.0512695312
-1705.4078369141 1260.0512695312 -1524.0128173828 1211.6893310547
-1524.0128173828 1211.6893310547 -1804.5329589844 1482.2819824219
-1804.5329589844 1482.2819824219 -1671.8745117188 1580.0482177734
-1671.8745117188 1580.0482177734 -1936.0762939453 2328.3259277344
-1936.0762939453 2328.3259277344 -1711.1221923828 2134.0598144531
-2814.6889648438 3756.2182617188 -2020.4526367188 4163.5419921875
-2020.4526367188 4163.5419921875 -1819.3715820312 3922.6550292969
-1819.3715820312 3922.6550292969 -1872.6154785156 4226.9633789062
-1872.6154785156 4226.9633789062 -1049.6215820312 4567.4106445312
-484.0082397461 3076.9077148438 -340.7627868652 3263.1413574219
-340.7627868652 3263.1413574219 -38.6047248840 2232.6630859375
-38.6047248840 2232.6630859375 135.0791015625 2598.4628906250
135.0791015625 2598.4628906250 248.1456451416 1786.6479492188
248.1456451416 1786.6479492188 491.7561950684 1856.2590332031
491.7561950684 1856.2590332031 419.5200500488 1484.0402832031
419.5200500488 1484.0402832031 612.7807006836 1906.9450683594
612.7807006836 1906.9450683594 547.9162597656 1526.3875732422
547.9162597656 1526.3875732422 838.5089721680 1996.4034423828
648.8096923828 1241.2335205078 596.6890869141 975.9021606445
677.1286010742 952.9875488281 1450.5517578125 1281.9454345703
1450.5517578125 1281.9454345703 887.2840576172 689.6165161133
1508.8166503906 1117.2194824219 1694.6494140625 740.3359985352
1005.9945068359 427.4481506348 1217.8416748047 464.2581176758
1217.8416748047 464.2581176758 1042.9069824219 380.1016845703
1042.9069824219 380.1016845703 1158.3200683594 246.1546173096
1158.3200683594 246.1546173096 771.0000000000 21.0000000000
