18 4
-1511.0000000000 21.0000000000 -1624.5930175781 336.7888793945
-1624.5930175781 336.7888793945 -2148.4860839844 517.0170898438
-2148.4860839844 517.0170898438 -2088.5200195312 699.6013183594
-2088.5200195312 699.6013183594 -1846.4959716797 693.0695800781
-8153.3930664062 3651.1245117188 -7278.8554687500 5707.8652343750
-4137.5249023438 3371.5017089844 -3308.4807128906 2999.9694824219
-3308.4807128906 2999.9694824219 -3109.9855957031 3241.4843750000
-2108.0568847656 2281.6142578125 -1849.9427490234 2225.6760253906
-1849.9427490234 2225.6760253906 -1790.5356445312 2675.5783691406
-1790.5356445312 2675.5783691406 308.9201049805 1772.9730224609
308.9201049805 1772.9730224609 259.3094177246 1355.0313720703
259.3094177246 1355.0313720703 397.7134704590 1743.6862792969
397.7134704590 1743.6862792969 595.4570922852 1657.0048828125
595.4570922852 1657.0048828125 519.2047119141 1306.0767822266
519.2047119141 1306.0767822266 680.2628784180 1623.5989990234
680.2628784180 1623.5989990234 2643.4697265625 779.0027465820
2643.4697265625 779.0027465820 2859.1254882812 628.7258911133
2859.1254882812 628.7258911133 2525.0000000000 21.0000000000
