9 4
-1659.0000000000 21.0000000000 1391.6351318359 1679.4862060547
1391.6351318359 1679.4862060547 2645.1508789062 1311.1263427734
3439.9267578125 1481.1622314453 3101.4299316406 1274.0590820312
9632.6826171875 3718.6406250000 10364.3740234375 2413.8044433594
6623.0375976562 1428.7700195312 5726.6171875000 928.0070190430
5726.6171875000 928.0070190430 5929.4707031250 749.0474853516
4481.3154296875 492.0052490234 4267.5791015625 319.4181823730
4267.5791015625 319.4181823730 4395.3305664062 97.7207794189
4395.3305664062 97.7207794189 4615.0000000000 21.0000000000
