26 4
-1860.0000000000 21.0000000000 -2838.9038085938 943.4157104492
-2838.9038085938 943.4157104492 -3106.9680175781 1404.3112792969
-4468.0971679688 2104.5080566406 -5016.9082031250 2688.5373535156
-5016.9082031250 2688.5373535156 -4482.4257812500 2505.6494140625
-3824.3681640625 2229.0000000000 -3644.8623046875 2388.0012207031
-3644.8623046875 2388.0012207031 -3819.7060546875 2695.5869140625
-5007.4448242188 3794.3801269531 -4205.2836914062 3942.4904785156
-4205.2836914062 3942.4904785156 -4065.8640136719 4086.8640136719
-4065.8640136719 4086.8640136719 -3829.6516113281 3986.7202148438
-3829.6516113281 3986.7202148438 -3907.8505859375 4211.6567382812
-3907.8505859375 4211.6567382812 -3763.1545410156 4350.0141601562
-3763.1545410156 4350.0141601562 -3800.1604003906 4549.8549804688
-2648.7758789062 3803.8442382812 -2134.6447753906 4598.7607421875
-2134.6447753906 4598.7607421875 -1942.5742187500 4384.0932617188
-1942.5742187500 4384.0932617188 -1967.8084716797 4891.4965820312
-1858.5374755859 5127.2895507812 -1317.5465087891 4615.8310546875
-1317.5465087891 4615.8310546875 -814.3900756836 3852.4040527344
-814.3900756836 3852.4040527344 -627.4586181641 3982.6179199219
-627.4586181641 3982.6179199219 -590.3723144531 4221.7172851562
-590.3723144531 4221.7172851562 -392.6089172363 3756.4243164062
-263.1214294434 3783.8115234375 -139.9818878174 4029.5566406250
-139.9818878174 4029.5566406250 963.6817626953 2819.7348632812
1079.6162109375 2693.1437988281 971.5993652344 2104.6015625000
971.5993652344 2104.6015625000 1491.4315185547 1565.4226074219
2084.4387207031 1591.7371826172 2664.0285644531 990.6271362305
2664.0285644531 990.6271362305 1685.0000000000 21.0000000000
