24 4
-2849.0000000000 21.0000000000 -2570.7226562500 200.7624359131
-2570.7226562500 200.7624359131 -2149.7880859375 209.0820922852
-2149.7880859375 209.0820922852 -2558.9047851562 289.9517211914
-2558.9047851562 289.9517211914 -3289.4733886719 780.4347534180
-4507.0097656250 1228.6496582031 -4099.8789062500 1513.2338867188
-4368.8901367188 1786.1462402344 -4537.1684570312 1946.9136962891
-3306.6633300781 1633.7674560547 -3207.2304687500 1798.7968750000
-3207.2304687500 1798.7968750000 -2669.0903320312 1562.0000000000
-2669.0903320312 1562.0000000000 -3298.4914550781 2163.0654296875
-3298.4914550781 2163.0654296875 -2981.2189941406 2031.8576660156
-1784.1334228516 1571.9235839844 -1581.8247070312 1777.7943115234
-1581.8247070312 1777.7943115234 -1244.0972900391 2571.7775878906
-1244.0972900391 2571.7775878906 -1074.2956542969 2324.8344726562
-1074.2956542969 2324.8344726562 -1160.4714355469 2754.8994140625
-1160.4714355469 2754.8994140625 -1023.7733154297 3171.8503417969
-789.9157104492 2969.0056152344 99.5953216553 1921.3919677734
99.5953216553 1921.3919677734 390.7084045410 2236.8173828125
390.7084045410 2236.8173828125 530.0506591797 1869.5062255859
626.3931274414 1840.1777343750 842.4902343750 2106.2365722656
842.4902343750 2106.2365722656 1325.3487548828 1657.6694335938
1325.3487548828 1657.6694335938 2313.3012695312 728.2471313477
2313.3012695312 728.2471313477 2132.0783691406 632.3636474609
2227.7990722656 576.4526977539 2026.7364501953 342.0035095215
2026.7364501953 342.0035095215 2368.0000000000 21.0000000000
