27 4
-5109.2216796875 110.1817932129 -4672.1523437500 184.1551513672
-4672.1523437500 184.1551513672 -5165.9106445312 291.7338867188
-5165.9106445312 291.7338867188 -5217.2617187500 569.3563232422
-5217.2617187500 569.3563232422 -4797.9682617188 610.1163940430
-4797.9682617188 610.1163940430 -5302.8857421875 766.2719726562
-5302.8857421875 766.2719726562 -5384.9287109375 970.5082397461
-2875.1860351562 579.8795776367 -2491.5903320312 735.4520263672
-2491.5903320312 735.4520263672 -2551.6098632812 1051.9173583984
-2551.6098632812 1051.9173583984 -987.8430175781 1665.0468750000
-987.8430175781 1665.0468750000 -337.1594848633 1755.5352783203
-337.1594848633 1755.5352783203 -361.8329162598 2305.5231933594
-361.8329162598 2305.5231933594 586.8972778320 2563.1315917969
586.8972778320 2563.1315917969 514.5678710938 2084.8190917969
514.5678710938 2084.8190917969 752.7656250000 2646.2058105469
752.7656250000 2646.2058105469 627.1373291016 2072.2736816406
455.8000793457 1423.8083496094 661.4669799805 1838.3654785156
696.0190429688 1743.7076416016 982.7091064453 1793.8541259766
982.7091064453 1793.8541259766 1388.4759521484 2079.5002441406
1388.4759521484 2079.5002441406 1157.9368896484 1614.7634277344
2318.5810546875 2988.6484375000 2713.2065429688 3254.4736328125
2713.2065429688 3254.4736328125 2466.1259765625 2857.9533691406
2466.1259765625 2857.9533691406 2594.8430175781 2440.7302246094
2594.8430175781 2440.7302246094 3241.4758300781 2645.8952636719
2359.4409179688 1612.4630126953 2695.4873046875 1771.4698486328
1905.5640869141 1211.7286376953 2708.0002441406 1460.8692626953
2708.0002441406 1460.8692626953 2468.9873046875 1225.2055664062
1475.1962890625 361.5758972168 1685.0000000000 21.0000000000
