23 4
-1876.4179687500 152.2119293213 -1515.2121582031 153.5638885498
-1515.2121582031 153.5638885498 -1999.9804687500 266.5667419434
-1999.9804687500 266.5667419434 -2104.6086425781 430.0944824219
-1269.6356201172 290.8693847656 -1269.8314208984 458.2380371094
-1269.8314208984 458.2380371094 -1049.3443603516 423.8055725098
-1049.3443603516 423.8055725098 -1499.8375244141 1151.2086181641
-1357.7255859375 1243.5015869141 -1000.8908691406 1450.4202880859
-588.2709350586 893.1475219727 -727.0492553711 1184.5219726562
-727.0492553711 1184.5219726562 -565.5117797852 962.1696777344
-565.5117797852 962.1696777344 -433.0452270508 1092.8245849609
-433.0452270508 1092.8245849609 -0.0000000000 527.0000000000
-0.0000000000 527.0000000000 827.2904052734 972.6887817383
1350.3055419922 1520.6662597656 1994.7292480469 1947.2877197266
5063.5537109375 4269.8261718750 5428.3647460938 4416.8027343750
5431.7583007812 4264.7543945312 5750.9741210938 4354.6699218750
5338.7031250000 3899.7949218750 5313.3017578125 3604.8674316406
5434.5854492188 3550.2609863281 5094.2250976562 3204.2250976562
5094.2250976562 3204.2250976562 5283.5585937500 2830.3178710938
5874.4062500000 3014.1594238281 5585.5747070312 2625.5964355469
4226.9746093750 1902.9704589844 4101.9067382812 1353.7902832031
1764.3823242188 560.4257812500 1821.3107910156 408.1315612793
4733.4062500000 941.0809936523 4973.6489257812 631.6872558594
1028.3356933594 129.0824279785 874.0000000000 21.0000000000
