32 4
-3470.7368164062 570.7106933594 -3383.4211425781 864.5816650391
-3383.4211425781 864.5816650391 -2601.1740722656 766.8746948242
-2610.4660644531 971.1319580078 -2409.7507324219 994.6025390625
-2409.7507324219 994.6025390625 -3075.9074707031 1390.4822998047
-3075.9074707031 1390.4822998047 -2967.5869140625 1598.8939208984
-2871.5104980469 1746.3775634766 -2790.5405273438 1903.2432861328
-2790.5405273438 1903.2432861328 -2133.3779296875 1570.9897460938
-2133.3779296875 1570.9897460938 -2433.2438964844 1991.4020996094
-2433.2438964844 1991.4020996094 -2163.3095703125 1836.2321777344
-2445.8920898438 2553.7954101562 -1799.2922363281 2019.3164062500
-2285.0537109375 2649.6535644531 -1685.7680664062 2341.2607421875
-1692.9552001953 3075.1721191406 -1515.0939941406 3423.9567871094
-1515.0939941406 3423.9567871094 -1302.8817138672 3245.7453613281
-1302.8817138672 3245.7453613281 -1250.7677001953 3457.4558105469
-1250.7677001953 3457.4558105469 -1121.9078369141 3279.2570800781
-1121.9078369141 3279.2570800781 -1239.1582031250 3834.7365722656
-1239.1582031250 3834.7365722656 -933.5234985352 4412.8828125000
-569.7343139648 3618.1608886719 -208.8508758545 3007.7067871094
-208.8508758545 3007.7067871094 114.6099472046 3302.9995117188
114.6099472046 3302.9995117188 282.6460876465 3251.6594238281
282.6460876465 3251.6594238281 365.4861755371 2997.6459960938
365.4861755371 2997.6459960938 514.8258056641 3271.4824218750
514.8258056641 3271.4824218750 587.3505249023 2784.2670898438
587.3505249023 2784.2670898438 793.2843017578 2787.5112304688
793.2843017578 2787.5112304688 974.6395874023 3020.6323242188
974.6395874023 3020.6323242188 946.1010742188 2768.6770019531
946.1010742188 2768.6770019531 1209.6347656250 2737.8842773438
1559.0388183594 3364.3693847656 2199.4924316406 3048.3415527344
1077.9548339844 1305.6564941406 936.1137084961 1060.6596679688
936.1137084961 1060.6596679688 1131.5245361328 937.2904663086
623.3165283203 507.9882202148 493.6344909668 306.0000000000
493.6344909668 306.0000000000 985.0000000000 21.0000000000
