19 4
-5484.0000000000 21.0000000000 -5904.4008789062 227.1862335205
-2708.0830078125 305.6310119629 -2566.0144042969 427.4167480469
-3311.9084472656 604.9788208008 -3110.8593750000 972.0851440430
-3110.8593750000 972.0851440430 -3036.2851562500 1774.0000000000
-3036.2851562500 1774.0000000000 -2772.0791015625 1686.6331787109
-2772.0791015625 1686.6331787109 -3024.9875488281 1911.2220458984
-3001.9450683594 2045.8375244141 -3013.7719726562 2461.5043945312
-2890.2856445312 2446.2375488281 -1528.3582763672 1659.9636230469
-1528.3582763672 1659.9636230469 -1396.8126220703 1874.6330566406
-1396.8126220703 1874.6330566406 -1512.3714599609 2102.6008300781
-1512.3714599609 2102.6008300781 -1116.5100097656 1740.2746582031
-1116.5100097656 1740.2746582031 -965.1837768555 1915.2799072266
-965.1837768555 1915.2799072266 -1028.4187011719 2129.5708007812
-1028.4187011719 2129.5708007812 821.8602905273 1286.5538330078
821.8602905273 1286.5538330078 798.5129394531 1043.0499267578
798.5129394531 1043.0499267578 957.8256225586 1203.8161621094
957.8256225586 1203.8161621094 784.7997436523 778.8722534180
784.7997436523 778.8722534180 1785.4564208984 335.8241577148
2740.3083496094 212.6210327148 2671.5930175781 67.6328277588
