30 4
-2693.7104492188 256.6691284180 -2440.5566406250 277.5128479004
-1340.3233642578 257.3351745605 -904.3156127930 246.4712066650
-904.3156127930 246.4712066650 -1084.3547363281 481.2812805176
-1084.3547363281 481.2812805176 -878.5328369141 488.1242065430
-5356.1708984375 2989.9741210938 -5703.6430664062 3314.0000000000
-5703.6430664062 3314.0000000000 -5582.5209960938 3929.9233398438
-1795.2087402344 1325.2955322266 -1191.4511718750 1298.6749267578
-1191.4511718750 1298.6749267578 -1163.9102783203 1565.5610351562
-1068.5728759766 1547.0802001953 -1140.9161376953 1846.8475341797
-1140.9161376953 1846.8475341797 -555.7985839844 1838.9353027344
-555.7985839844 1838.9353027344 -402.9812622070 1524.9465332031
-402.9812622070 1524.9465332031 -452.6358642578 1836.4233398438
-353.1874389648 1837.9919433594 -275.7532958984 1584.8747558594
-275.7532958984 1584.8747558594 -291.1245422363 1859.0880126953
-63.9707756042 1852.8834228516 -0.0000000000 1541.0000000000
-0.0000000000 1541.0000000000 31.7808322906 1841.7226562500
31.7808322906 1841.7226562500 57.5841712952 1669.9948730469
57.5841712952 1669.9948730469 128.0728912354 1852.5275878906
128.0728912354 1852.5275878906 1192.1992187500 1788.5080566406
1192.1992187500 1788.5080566406 966.4763183594 1401.2712402344
966.4763183594 1401.2712402344 1292.0645751953 1358.9720458984
1292.0645751953 1358.9720458984 1047.9322509766 1068.9322509766
1047.9322509766 1068.9322509766 1459.0506591797 1381.5866699219
983.0896606445 817.0902709961 1050.8870849609 652.4367065430
1050.8870849609 652.4367065430 941.7938842773 500.8679504395
941.7938842773 500.8679504395 1657.5286865234 465.1334838867
1657.5286865234 465.1334838867 796.1755371094 132.8951721191
796.1755371094 132.8951721191 1792.1542968750 177.7931823730
1792.1542968750 177.7931823730 884.8652343750 36.4453811646
884.8652343750 36.4453811646 1309.0000000000 21.0000000000
