9 4
-416.0000000000 21.0000000000 -748.9061889648 719.3663330078
-748.9061889648 719.3663330078 -427.6896667480 938.1834716797
-1415.0367431641 3199.2246093750 -379.2292785645 3629.1254882812
-507.6821899414 5823.8339843750 -328.3034667969 6285.4028320312
-94.9964294434 2741.3417968750 402.5580444336 1635.5721435547
402.5580444336 1635.5721435547 312.6534118652 1187.8383789062
312.6534118652 1187.8383789062 665.9044189453 453.4433898926
665.9044189453 453.4433898926 878.5778198242 569.9963378906
878.5778198242 569.9963378906 1117.0000000000 21.0000000000
