22 4
-1172.0000000000 0.0000000000 -2151.0000000000 1049.0000000000
-3266.0000000000 1664.0000000000 -5418.0000000000 3936.0000000000
-6221.0000000000 4688.0000000000 -6537.0000000000 5107.0000000000
-6537.0000000000 5107.0000000000 -6560.0000000000 5312.0000000000
-6452.0000000000 5414.0000000000 -6741.0000000000 5860.0000000000
-7710.0000000000 6942.0000000000 -6664.0000000000 7942.0000000000
-3132.0000000000 4156.0000000000 -2423.0000000000 3461.0000000000
-2019.0000000000 2993.0000000000 -1047.0000000000 1969.0000000000
-1047.0000000000 1969.0000000000 106.0000000000 3037.0000000000
106.0000000000 3037.0000000000 625.0000000000 2505.0000000000
625.0000000000 2505.0000000000 1439.0000000000 3390.0000000000
1439.0000000000 3390.0000000000 1880.0000000000 3690.0000000000
1880.0000000000 3690.0000000000 1987.0000000000 3442.0000000000
1987.0000000000 3442.0000000000 2374.0000000000 3799.0000000000
2968.0000000000 4570.0000000000 3129.0000000000 4469.0000000000
6812.0000000000 9376.0000000000 7366.0000000000 8779.0000000000
7366.0000000000 8779.0000000000 7674.0000000000 8828.0000000000
7674.0000000000 8828.0000000000 7797.0000000000 8659.0000000000
11707.0000000000 12554.0000000000 12947.0000000000 11255.0000000000
8923.0000000000 7226.0000000000 9335.0000000000 6782.0000000000
4771.0000000000 3218.0000000000 4716.0000000000 3063.0000000000
4028.0000000000 2517.0000000000 1377.0000000000 0.0000000000
