37 4
-5062.0000000000 265.0000000000 -5281.0000000000 369.0000000000
-3651.0000000000 578.0000000000 -3096.0000000000 546.0000000000
-3845.0000000000 817.0000000000 -3508.0000000000 875.0000000000
-2328.0000000000 624.0000000000 -2859.0000000000 820.0000000000
-2221.0000000000 853.0000000000 -1674.0000000000 676.0000000000
-3408.0000000000 1517.0000000000 -3255.0000000000 1588.0000000000
-1939.0000000000 1120.0000000000 -1599.0000000000 1079.0000000000
-1599.0000000000 1079.0000000000 -1771.0000000000 1240.0000000000
-1771.0000000000 1240.0000000000 -1771.0000000000 1771.0000000000
-2174.0000000000 2252.0000000000 -1940.0000000000 2080.0000000000
-2411.0000000000 2678.0000000000 -2132.0000000000 2633.0000000000
-2132.0000000000 2633.0000000000 -1827.0000000000 3296.0000000000
-1827.0000000000 3296.0000000000 -1328.0000000000 2982.0000000000
-1328.0000000000 2982.0000000000 -1027.0000000000 3581.0000000000
-1120.0000000000 4850.0000000000 -184.0000000000 5275.0000000000
-184.0000000000 5275.0000000000 -0.0000000000 5465.0000000000
449.0000000000 6418.0000000000 536.0000000000 6122.0000000000
900.0000000000 8563.0000000000 1001.0000000000 8152.0000000000
1001.0000000000 8152.0000000000 1293.0000000000 8165.0000000000
1222.0000000000 6933.0000000000 1295.0000000000 6660.0000000000
1295.0000000000 6660.0000000000 1819.0000000000 6789.0000000000
2213.0000000000 7719.0000000000 2630.0000000000 8094.0000000000
3551.0000000000 9251.0000000000 4149.0000000000 9318.0000000000
1349.0000000000 2892.0000000000 1625.0000000000 2932.0000000000
1625.0000000000 2932.0000000000 1474.0000000000 2553.0000000000
1832.0000000000 3049.0000000000 2009.0000000000 3093.0000000000
1338.0000000000 1984.0000000000 1491.0000000000 1491.0000000000
2760.0000000000 2485.0000000000 2667.0000000000 2160.0000000000
2775.0000000000 2168.0000000000 2832.0000000000 1702.0000000000
2832.0000000000 1702.0000000000 2416.0000000000 1339.0000000000
2416.0000000000 1339.0000000000 2873.0000000000 1279.0000000000
2873.0000000000 1279.0000000000 2953.0000000000 1075.0000000000
2953.0000000000 1075.0000000000 3322.0000000000 1144.0000000000
7245.0000000000 2077.0000000000 7583.0000000000 2032.0000000000
16587.0000000000 3526.0000000000 16927.0000000000 3290.0000000000
18614.0000000000 3282.0000000000 18647.0000000000 2953.0000000000
7464.0000000000 1049.0000000000 7476.0000000000 0.0000000000
