18 4
-1810.0000000000 0.0000000000 -1523.0000000000 1107.0000000000
-1523.0000000000 1107.0000000000 -1824.0000000000 1425.0000000000
-1824.0000000000 1425.0000000000 -1482.0000000000 1334.0000000000
-1482.0000000000 1334.0000000000 -1070.0000000000 998.0000000000
-1070.0000000000 998.0000000000 -805.0000000000 1452.0000000000
-1799.0000000000 3384.0000000000 -1159.0000000000 3185.0000000000
-1159.0000000000 3185.0000000000 -1261.0000000000 3661.0000000000
-1261.0000000000 3661.0000000000 -1045.0000000000 3216.0000000000
-1045.0000000000 3216.0000000000 -265.0000000000 3033.0000000000
-265.0000000000 3033.0000000000 168.0000000000 4804.0000000000
302.0000000000 5759.0000000000 1471.0000000000 5488.0000000000
1471.0000000000 5488.0000000000 1512.0000000000 4947.0000000000
1858.0000000000 5719.0000000000 1765.0000000000 4849.0000000000
1765.0000000000 4849.0000000000 2028.0000000000 5282.0000000000
2028.0000000000 5282.0000000000 2309.0000000000 5186.0000000000
1296.0000000000 2780.0000000000 1027.0000000000 1413.0000000000
1027.0000000000 1413.0000000000 1345.0000000000 1345.0000000000
1345.0000000000 1345.0000000000 1012.0000000000 0.0000000000
