36 4
-3226.0000000000 0.0000000000 -3415.0000000000 119.0000000000
-13856.0000000000 726.0000000000 -13851.0000000000 969.0000000000
-1879.0000000000 164.0000000000 -1321.0000000000 186.0000000000
-13755.0000000000 2179.0000000000 -13749.0000000000 2424.0000000000
-3086.0000000000 769.0000000000 -2807.0000000000 805.0000000000
-12469.0000000000 5814.0000000000 -10107.0000000000 5836.0000000000
-7292.0000000000 4736.0000000000 -5836.0000000000 4726.0000000000
-5836.0000000000 4726.0000000000 -6010.0000000000 5043.0000000000
-4785.0000000000 4159.0000000000 -4467.0000000000 4467.0000000000
-4467.0000000000 4467.0000000000 -4028.0000000000 4171.0000000000
-4955.0000000000 5313.0000000000 -4499.0000000000 4997.0000000000
-3446.0000000000 4255.0000000000 -3220.0000000000 4273.0000000000
-3220.0000000000 4273.0000000000 -2491.0000000000 4146.0000000000
-2491.0000000000 4146.0000000000 -2176.0000000000 4270.0000000000
-2176.0000000000 4270.0000000000 -2126.0000000000 4559.0000000000
-2454.0000000000 5511.0000000000 -2198.0000000000 5178.0000000000
-1423.0000000000 3522.0000000000 -658.0000000000 3094.0000000000
-658.0000000000 3094.0000000000 -513.0000000000 3242.0000000000
-513.0000000000 3242.0000000000 -540.0000000000 3839.0000000000
-653.0000000000 5320.0000000000 -419.0000000000 4795.0000000000
-419.0000000000 4795.0000000000 -365.0000000000 5215.0000000000
-365.0000000000 5215.0000000000 -184.0000000000 5271.0000000000
-184.0000000000 5271.0000000000 -96.0000000000 5524.0000000000
-0.0000000000 4521.0000000000 239.0000000000 4565.0000000000
239.0000000000 4565.0000000000 290.0000000000 4142.0000000000
290.0000000000 4142.0000000000 477.0000000000 3889.0000000000
435.0000000000 3095.0000000000 844.0000000000 1987.0000000000
1726.0000000000 3877.0000000000 1913.0000000000 3755.0000000000
2224.0000000000 3702.0000000000 2153.0000000000 3445.0000000000
2285.0000000000 3388.0000000000 2355.0000000000 3241.0000000000
2355.0000000000 3241.0000000000 2599.0000000000 3449.0000000000
2651.0000000000 2843.0000000000 2822.0000000000 2923.0000000000
1209.0000000000 1209.0000000000 1462.0000000000 1227.0000000000
1462.0000000000 1227.0000000000 1655.0000000000 413.0000000000
1655.0000000000 413.0000000000 1896.0000000000 403.0000000000
1896.0000000000 403.0000000000 1916.0000000000 0.0000000000
