14 4
-2370.0000000000 0.0000000000 -2347.0000000000 673.0000000000
-11044.0000000000 3588.0000000000 -11026.0000000000 3796.0000000000
-11026.0000000000 3796.0000000000 -10741.0000000000 3909.0000000000
-9331.0000000000 3582.0000000000 -8861.0000000000 3580.0000000000
-6369.0000000000 2970.0000000000 -5857.0000000000 2984.0000000000
-5857.0000000000 2984.0000000000 -5646.0000000000 3129.0000000000
-5646.0000000000 3129.0000000000 -4782.0000000000 2988.0000000000
-4782.0000000000 2988.0000000000 -369.0000000000 3005.0000000000
126.0000000000 7222.0000000000 235.0000000000 6726.0000000000
235.0000000000 6726.0000000000 471.0000000000 6739.0000000000
710.0000000000 6757.0000000000 1071.0000000000 6765.0000000000
506.0000000000 2872.0000000000 485.0000000000 2103.0000000000
485.0000000000 2103.0000000000 655.0000000000 2444.0000000000
655.0000000000 2444.0000000000 660.0000000000 0.0000000000
