41 4
-2867.0000000000 301.0000000000 -2568.0000000000 361.0000000000
-2733.0000000000 482.0000000000 -2539.0000000000 728.0000000000
-2539.0000000000 728.0000000000 -2054.0000000000 628.0000000000
-2054.0000000000 628.0000000000 -1812.0000000000 807.0000000000
-1812.0000000000 807.0000000000 -2303.0000000000 1074.0000000000
-2303.0000000000 1074.0000000000 -2077.0000000000 1349.0000000000
-13507.0000000000 9110.0000000000 -13382.0000000000 9371.0000000000
-14815.0000000000 10764.0000000000 -14226.0000000000 11520.0000000000
-5345.0000000000 4485.0000000000 -4818.0000000000 5167.0000000000
-4818.0000000000 5167.0000000000 -4510.0000000000 5375.0000000000
-3443.0000000000 4407.0000000000 -3084.0000000000 4092.0000000000
-4241.0000000000 5838.0000000000 -4066.0000000000 6029.0000000000
-2100.0000000000 3234.0000000000 -1554.0000000000 3847.0000000000
-1554.0000000000 3847.0000000000 -1607.0000000000 4187.0000000000
-1607.0000000000 4187.0000000000 -1114.0000000000 4825.0000000000
-1114.0000000000 4825.0000000000 -967.0000000000 4548.0000000000
-967.0000000000 4548.0000000000 -517.0000000000 4207.0000000000
-517.0000000000 4207.0000000000 -236.0000000000 4501.0000000000
-236.0000000000 4501.0000000000 -167.0000000000 4784.0000000000
-167.0000000000 4784.0000000000 224.0000000000 4270.0000000000
224.0000000000 4270.0000000000 326.0000000000 4656.0000000000
326.0000000000 4656.0000000000 392.0000000000 4482.0000000000
627.0000000000 5109.0000000000 807.0000000000 4577.0000000000
807.0000000000 4577.0000000000 1037.0000000000 4879.0000000000
1414.0000000000 5670.0000000000 2981.0000000000 7766.0000000000
2981.0000000000 7766.0000000000 3232.0000000000 7613.0000000000
3232.0000000000 7613.0000000000 3406.0000000000 7650.0000000000
4311.0000000000 8839.0000000000 4560.0000000000 8950.0000000000
4560.0000000000 8950.0000000000 5113.0000000000 8510.0000000000
5340.0000000000 8223.0000000000 5611.0000000000 8013.0000000000
3712.0000000000 4584.0000000000 3834.0000000000 4411.0000000000
3834.0000000000 4411.0000000000 4060.0000000000 4354.0000000000
4132.0000000000 4132.0000000000 4176.0000000000 3760.0000000000
4176.0000000000 3760.0000000000 4654.0000000000 3905.0000000000
4654.0000000000 3905.0000000000 4581.0000000000 3452.0000000000
4581.0000000000 3452.0000000000 5004.0000000000 3375.0000000000
8167.0000000000 5304.0000000000 8453.0000000000 5079.0000000000
8120.0000000000 4501.0000000000 6755.0000000000 2593.0000000000
5280.0000000000 1922.0000000000 5570.0000000000 1703.0000000000
5570.0000000000 1703.0000000000 5119.0000000000 1468.0000000000
4176.0000000000 1119.0000000000 3272.0000000000 0.0000000000
