43 4
-1688.0000000000 0.0000000000 -1767.0000000000 248.0000000000
-1767.0000000000 248.0000000000 -1320.0000000000 378.0000000000
-2423.0000000000 979.0000000000 -2497.0000000000 1218.0000000000
-2497.0000000000 1218.0000000000 -1916.0000000000 1019.0000000000
-2591.0000000000 1557.0000000000 -2749.0000000000 2148.0000000000
-2749.0000000000 2148.0000000000 -2291.0000000000 2136.0000000000
-2291.0000000000 2136.0000000000 -2423.0000000000 2340.0000000000
-2715.0000000000 3016.0000000000 -2508.0000000000 2989.0000000000
-2508.0000000000 2989.0000000000 -2360.0000000000 3132.0000000000
-2360.0000000000 3132.0000000000 -2121.0000000000 2920.0000000000
-2329.0000000000 3876.0000000000 -2176.0000000000 3926.0000000000
-2176.0000000000 3926.0000000000 -1875.0000000000 3526.0000000000
-1875.0000000000 3526.0000000000 -2017.0000000000 3958.0000000000
-2017.0000000000 3958.0000000000 -1835.0000000000 3762.0000000000
-425.0000000000 1390.0000000000 -503.0000000000 1753.0000000000
-628.0000000000 2345.0000000000 -453.0000000000 1817.0000000000
-914.0000000000 4300.0000000000 -781.0000000000 4020.0000000000
-431.0000000000 2719.0000000000 -327.0000000000 2328.0000000000
-182.0000000000 3479.0000000000 -0.0000000000 3400.0000000000
-0.0000000000 3400.0000000000 87.0000000000 2478.0000000000
87.0000000000 2478.0000000000 217.0000000000 3100.0000000000
217.0000000000 3100.0000000000 241.0000000000 2758.0000000000
379.0000000000 3607.0000000000 496.0000000000 4041.0000000000
496.0000000000 4041.0000000000 618.0000000000 3180.0000000000
2160.0000000000 10160.0000000000 2448.0000000000 9138.0000000000
4653.0000000000 13514.0000000000 4728.0000000000 12991.0000000000
4728.0000000000 12991.0000000000 5283.0000000000 13075.0000000000
5283.0000000000 13075.0000000000 5482.0000000000 12915.0000000000
7604.0000000000 15591.0000000000 7733.0000000000 15177.0000000000
3199.0000000000 6016.0000000000 3247.0000000000 5857.0000000000
3247.0000000000 5857.0000000000 2971.0000000000 4944.0000000000
2971.0000000000 4944.0000000000 3071.0000000000 4729.0000000000
3217.0000000000 4769.0000000000 3196.0000000000 4564.0000000000
3196.0000000000 4564.0000000000 3554.0000000000 4891.0000000000
3554.0000000000 4891.0000000000 3888.0000000000 4976.0000000000
3888.0000000000 4976.0000000000 4089.0000000000 4703.0000000000
4089.0000000000 4703.0000000000 4682.0000000000 5021.0000000000
3774.0000000000 3908.0000000000 4011.0000000000 3611.0000000000
4011.0000000000 3611.0000000000 4322.0000000000 3757.0000000000
5229.0000000000 4234.0000000000 5407.0000000000 4224.0000000000
8684.0000000000 6544.0000000000 8910.0000000000 6239.0000000000
9831.0000000000 6631.0000000000 9684.0000000000 6289.0000000000
717.0000000000 414.0000000000 842.0000000000 0.0000000000
