9 4
-810.0000000000 0.0000000000 -779.0000000000 2030.0000000000
-1874.0000000000 5148.0000000000 -361.0000000000 5157.0000000000
155.0000000000 8887.0000000000 466.0000000000 8883.0000000000
466.0000000000 8883.0000000000 635.0000000000 9077.0000000000
635.0000000000 9077.0000000000 779.0000000000 8906.0000000000
490.0000000000 4663.0000000000 649.0000000000 4619.0000000000
649.0000000000 4619.0000000000 661.0000000000 1920.0000000000
661.0000000000 1920.0000000000 1046.0000000000 1887.0000000000
1046.0000000000 1887.0000000000 1060.0000000000 0.0000000000
