40 4
-1812.0000000000 0.0000000000 -1490.0000000000 513.0000000000
-1490.0000000000 513.0000000000 -1657.0000000000 703.0000000000
-1708.0000000000 797.0000000000 -1623.0000000000 1014.0000000000
-3466.0000000000 2338.0000000000 -3029.0000000000 2121.0000000000
-3360.0000000000 3025.0000000000 -3360.0000000000 3245.0000000000
-1851.0000000000 2286.0000000000 -1657.0000000000 2121.0000000000
-1657.0000000000 2121.0000000000 -1852.0000000000 2458.0000000000
-1852.0000000000 2458.0000000000 -1860.0000000000 2757.0000000000
-2236.0000000000 3443.0000000000 -2270.0000000000 3633.0000000000
-2270.0000000000 3633.0000000000 -1936.0000000000 4348.0000000000
-1936.0000000000 4348.0000000000 -1542.0000000000 4017.0000000000
-1542.0000000000 4017.0000000000 -1382.0000000000 4253.0000000000
-1259.0000000000 5923.0000000000 -335.0000000000 6399.0000000000
-335.0000000000 6399.0000000000 -229.0000000000 6570.0000000000
131.0000000000 7512.0000000000 256.0000000000 7341.0000000000
495.0000000000 9441.0000000000 648.0000000000 9263.0000000000
648.0000000000 9263.0000000000 817.0000000000 9335.0000000000
858.0000000000 8160.0000000000 1102.0000000000 7842.0000000000
1102.0000000000 7842.0000000000 1551.0000000000 7979.0000000000
1891.0000000000 8897.0000000000 2304.0000000000 9242.0000000000
2304.0000000000 9242.0000000000 2434.0000000000 8487.0000000000
1178.0000000000 3854.0000000000 1323.0000000000 3636.0000000000
1249.0000000000 3092.0000000000 1412.0000000000 2656.0000000000
2234.0000000000 3718.0000000000 2037.0000000000 3260.0000000000
2716.0000000000 3880.0000000000 2574.0000000000 3416.0000000000
2574.0000000000 3416.0000000000 2702.0000000000 3108.0000000000
2702.0000000000 3108.0000000000 2347.0000000000 2517.0000000000
2347.0000000000 2517.0000000000 2792.0000000000 2514.0000000000
2792.0000000000 2514.0000000000 2942.0000000000 2299.0000000000
2942.0000000000 2299.0000000000 3490.0000000000 2444.0000000000
6671.0000000000 4500.0000000000 6634.0000000000 4308.0000000000
6634.0000000000 4308.0000000000 6790.0000000000 4243.0000000000
6790.0000000000 4243.0000000000 6623.0000000000 3980.0000000000
6623.0000000000 3980.0000000000 6703.0000000000 3716.0000000000
6703.0000000000 3716.0000000000 7024.0000000000 3735.0000000000
7024.0000000000 3735.0000000000 7111.0000000000 3468.0000000000
7111.0000000000 3468.0000000000 7300.0000000000 3404.0000000000
7300.0000000000 3404.0000000000 7768.0000000000 3458.0000000000
7381.0000000000 2541.0000000000 7482.0000000000 1865.0000000000
4243.0000000000 980.0000000000 4318.0000000000 226.0000000000
