21 4
-1537.0000000000 0.0000000000 -1425.0000000000 1475.0000000000
-1425.0000000000 1475.0000000000 -1030.0000000000 1470.0000000000
-1030.0000000000 1470.0000000000 -998.0000000000 1660.0000000000
-1321.0000000000 2289.0000000000 -932.0000000000 2561.0000000000
-932.0000000000 2561.0000000000 -826.0000000000 3312.0000000000
-826.0000000000 3312.0000000000 111.0000000000 3178.0000000000
331.0000000000 3151.0000000000 833.0000000000 3110.0000000000
833.0000000000 3110.0000000000 811.0000000000 2497.0000000000
1074.0000000000 3119.0000000000 1980.0000000000 3049.0000000000
1980.0000000000 3049.0000000000 1945.0000000000 2402.0000000000
1945.0000000000 2402.0000000000 2277.0000000000 2441.0000000000
3055.0000000000 2950.0000000000 3054.0000000000 2386.0000000000
3350.0000000000 2346.0000000000 3705.0000000000 2315.0000000000
1801.0000000000 958.0000000000 1374.0000000000 641.0000000000
1374.0000000000 641.0000000000 1797.0000000000 800.0000000000
1797.0000000000 800.0000000000 1768.0000000000 312.0000000000
1768.0000000000 312.0000000000 1389.0000000000 220.0000000000
1389.0000000000 220.0000000000 1760.0000000000 247.0000000000
1749.0000000000 153.0000000000 1206.0000000000 84.0000000000
1206.0000000000 84.0000000000 2082.0000000000 73.0000000000
2082.0000000000 73.0000000000 1563.0000000000 27.0000000000
