33 4
-5186.0000000000 0.0000000000 -5154.0000000000 1478.0000000000
-7417.0000000000 2268.0000000000 -7331.0000000000 2524.0000000000
-13723.0000000000 5268.0000000000 -13661.0000000000 5799.0000000000
-2595.0000000000 1322.0000000000 -2233.0000000000 1450.0000000000
-2233.0000000000 1450.0000000000 -2494.0000000000 1879.0000000000
-2494.0000000000 1879.0000000000 -2051.0000000000 1661.0000000000
-2051.0000000000 1661.0000000000 -2299.0000000000 1929.0000000000
-2299.0000000000 1929.0000000000 -2294.0000000000 2139.0000000000
-2294.0000000000 2139.0000000000 -2119.0000000000 2046.0000000000
-2119.0000000000 2046.0000000000 -2307.0000000000 2474.0000000000
-6447.0000000000 7683.0000000000 -6224.0000000000 7686.0000000000
-2830.0000000000 3895.0000000000 -2659.0000000000 3942.0000000000
-4648.0000000000 7438.0000000000 -4419.0000000000 7354.0000000000
-1444.0000000000 3401.0000000000 -1206.0000000000 3314.0000000000
-2435.0000000000 8492.0000000000 -2161.0000000000 8064.0000000000
-2161.0000000000 8064.0000000000 -2037.0000000000 8171.0000000000
-2037.0000000000 8171.0000000000 -2005.0000000000 8687.0000000000
-1307.0000000000 6725.0000000000 -993.0000000000 7069.0000000000
-726.0000000000 6907.0000000000 -502.0000000000 7180.0000000000
-292.0000000000 8360.0000000000 -152.0000000000 8701.0000000000
-152.0000000000 8701.0000000000 -0.0000000000 8201.0000000000
-0.0000000000 8201.0000000000 140.0000000000 7998.0000000000
442.0000000000 6322.0000000000 827.0000000000 5224.0000000000
827.0000000000 5224.0000000000 1182.0000000000 5118.0000000000
1182.0000000000 5118.0000000000 1341.0000000000 5379.0000000000
1480.0000000000 4841.0000000000 1473.0000000000 4533.0000000000
1473.0000000000 4533.0000000000 1798.0000000000 4039.0000000000
1798.0000000000 4039.0000000000 1724.0000000000 3697.0000000000
2527.0000000000 5182.0000000000 2762.0000000000 5194.0000000000
807.0000000000 1398.0000000000 838.0000000000 782.0000000000
838.0000000000 782.0000000000 967.0000000000 581.0000000000
967.0000000000 581.0000000000 849.0000000000 452.0000000000
849.0000000000 452.0000000000 899.0000000000 0.0000000000
