23 4
-624.0000000000 0.0000000000 -1708.0000000000 4024.0000000000
-2110.0000000000 5497.0000000000 -2085.0000000000 6056.0000000000
-2085.0000000000 6056.0000000000 -1808.0000000000 5565.0000000000
-1808.0000000000 5565.0000000000 -1637.0000000000 6108.0000000000
-1637.0000000000 6108.0000000000 -1082.0000000000 6136.0000000000
-1082.0000000000 6136.0000000000 -924.0000000000 5831.0000000000
-924.0000000000 5831.0000000000 -417.0000000000 5966.0000000000
-271.0000000000 5169.0000000000 -80.0000000000 4577.0000000000
-80.0000000000 4577.0000000000 81.0000000000 4618.0000000000
81.0000000000 4618.0000000000 171.0000000000 4886.0000000000
171.0000000000 4886.0000000000 338.0000000000 4833.0000000000
432.0000000000 4933.0000000000 497.0000000000 4729.0000000000
658.0000000000 3385.0000000000 871.0000000000 3494.0000000000
871.0000000000 3494.0000000000 1004.0000000000 3747.0000000000
1004.0000000000 3747.0000000000 1605.0000000000 1662.0000000000
1605.0000000000 1662.0000000000 5571.0000000000 2717.0000000000
9963.0000000000 4229.0000000000 10159.0000000000 3498.0000000000
19719.0000000000 6407.0000000000 20031.0000000000 6124.0000000000
14319.0000000000 4106.0000000000 13933.0000000000 3733.0000000000
7295.0000000000 1684.0000000000 7364.0000000000 1431.0000000000
7364.0000000000 1431.0000000000 7191.0000000000 1268.0000000000
4487.0000000000 551.0000000000 3609.0000000000 316.0000000000
1355.0000000000 95.0000000000 998.0000000000 0.0000000000
