35 4
-8549.0000000000 1050.0000000000 -8926.0000000000 1414.0000000000
-2765.0000000000 488.0000000000 -2475.0000000000 804.0000000000
-2475.0000000000 804.0000000000 -1924.0000000000 700.0000000000
-1924.0000000000 700.0000000000 -1708.0000000000 870.0000000000
-2487.0000000000 1323.0000000000 -2040.0000000000 1178.0000000000
-2040.0000000000 1178.0000000000 -1822.0000000000 1373.0000000000
-1822.0000000000 1373.0000000000 -1976.0000000000 1600.0000000000
-5057.0000000000 4396.0000000000 -5104.0000000000 4596.0000000000
-11253.0000000000 10867.0000000000 -11416.0000000000 11416.0000000000
-12578.0000000000 13025.0000000000 -11864.0000000000 13648.0000000000
-4338.0000000000 5170.0000000000 -3384.0000000000 5862.0000000000
-2656.0000000000 4792.0000000000 -2299.0000000000 4325.0000000000
-1445.0000000000 3246.0000000000 -860.0000000000 3723.0000000000
-860.0000000000 3723.0000000000 -866.0000000000 4075.0000000000
-866.0000000000 4075.0000000000 -240.0000000000 4578.0000000000
-240.0000000000 4578.0000000000 273.0000000000 3906.0000000000
273.0000000000 3906.0000000000 688.0000000000 4342.0000000000
688.0000000000 4342.0000000000 953.0000000000 3821.0000000000
953.0000000000 3821.0000000000 1521.0000000000 4417.0000000000
1521.0000000000 4417.0000000000 1531.0000000000 3987.0000000000
1531.0000000000 3987.0000000000 1815.0000000000 4077.0000000000
2434.0000000000 4991.0000000000 4337.0000000000 6678.0000000000
4337.0000000000 6678.0000000000 4671.0000000000 6428.0000000000
5374.0000000000 7131.0000000000 6140.0000000000 7583.0000000000
6140.0000000000 7583.0000000000 6651.0000000000 6887.0000000000
6857.0000000000 6621.0000000000 7305.0000000000 6130.0000000000
5208.0000000000 4218.0000000000 4552.0000000000 3307.0000000000
4552.0000000000 3307.0000000000 4922.0000000000 3196.0000000000
4922.0000000000 3196.0000000000 5405.0000000000 3377.0000000000
5405.0000000000 3377.0000000000 4793.0000000000 2767.0000000000
4793.0000000000 2767.0000000000 5237.0000000000 2903.0000000000
9132.0000000000 3144.0000000000 9260.0000000000 3009.0000000000
8811.0000000000 2526.0000000000 7071.0000000000 994.0000000000
5540.0000000000 582.0000000000 5722.0000000000 300.0000000000
5060.0000000000 177.0000000000 4299.0000000000 0.0000000000
