19 4
-1889.0000000000 0.0000000000 -1929.0000000000 664.0000000000
-1929.0000000000 664.0000000000 -1186.0000000000 741.0000000000
-1186.0000000000 741.0000000000 -1340.0000000000 1986.0000000000
-1249.0000000000 2079.0000000000 -1282.0000000000 2411.0000000000
-1282.0000000000 2411.0000000000 -980.0000000000 2426.0000000000
-980.0000000000 2426.0000000000 -1000.0000000000 2748.0000000000
-1375.0000000000 3994.0000000000 -1109.0000000000 3869.0000000000
-1109.0000000000 3869.0000000000 -1101.0000000000 4109.0000000000
-2469.0000000000 9903.0000000000 -1575.0000000000 9942.0000000000
-1575.0000000000 9942.0000000000 -1428.0000000000 10163.0000000000
-1428.0000000000 10163.0000000000 -1249.0000000000 10176.0000000000
-1650.0000000000 15695.0000000000 -0.0000000000 15793.0000000000
531.0000000000 10140.0000000000 1069.0000000000 10174.0000000000
1069.0000000000 10174.0000000000 1229.0000000000 10013.0000000000
1229.0000000000 10013.0000000000 1336.0000000000 9509.0000000000
914.0000000000 4702.0000000000 976.0000000000 4229.0000000000
976.0000000000 4229.0000000000 1098.0000000000 4099.0000000000
1098.0000000000 4099.0000000000 1006.0000000000 3291.0000000000
1006.0000000000 3291.0000000000 1211.0000000000 0.0000000000
