35 4
-2480.0000000000 0.0000000000 -2491.0000000000 395.0000000000
-2491.0000000000 395.0000000000 -2265.0000000000 399.0000000000
-2265.0000000000 399.0000000000 -2493.0000000000 485.0000000000
-2493.0000000000 485.0000000000 -2504.0000000000 718.0000000000
-2504.0000000000 718.0000000000 -2324.0000000000 710.0000000000
-2324.0000000000 710.0000000000 -2511.0000000000 816.0000000000
-2511.0000000000 816.0000000000 -2517.0000000000 1017.0000000000
-1834.0000000000 778.0000000000 -1661.0000000000 739.0000000000
-2273.0000000000 1060.0000000000 -1595.0000000000 1076.0000000000
-1595.0000000000 1076.0000000000 -1594.0000000000 2115.0000000000
-1594.0000000000 2115.0000000000 -1758.0000000000 2511.0000000000
-1807.0000000000 3008.0000000000 -1599.0000000000 3007.0000000000
-1599.0000000000 3007.0000000000 -1540.0000000000 3157.0000000000
-5054.0000000000 11352.0000000000 -4935.0000000000 11625.0000000000
-7234.0000000000 17904.0000000000 -6185.0000000000 17964.0000000000
-4841.0000000000 19417.0000000000 -4486.0000000000 19431.0000000000
-3428.0000000000 19442.0000000000 -3079.0000000000 19439.0000000000
-147.0000000000 4207.0000000000 -0.0000000000 3616.0000000000
-0.0000000000 3616.0000000000 318.0000000000 3636.0000000000
449.0000000000 4275.0000000000 515.0000000000 3665.0000000000
515.0000000000 3665.0000000000 915.0000000000 3672.0000000000
915.0000000000 3672.0000000000 956.0000000000 3127.0000000000
956.0000000000 3127.0000000000 1261.0000000000 3121.0000000000
1261.0000000000 3121.0000000000 1397.0000000000 3292.0000000000
1951.0000000000 4381.0000000000 2253.0000000000 4238.0000000000
1705.0000000000 3075.0000000000 2023.0000000000 3116.0000000000
2655.0000000000 3936.0000000000 2576.0000000000 3546.0000000000
6392.0000000000 7618.0000000000 6799.0000000000 6799.0000000000
4409.0000000000 3203.0000000000 4820.0000000000 3130.0000000000
4997.0000000000 2657.0000000000 5019.0000000000 2448.0000000000
5030.0000000000 2239.0000000000 5032.0000000000 1932.0000000000
1192.0000000000 342.0000000000 1729.0000000000 463.0000000000
4815.0000000000 1200.0000000000 5127.0000000000 1184.0000000000
1794.0000000000 381.0000000000 1309.0000000000 231.0000000000
764.0000000000 80.0000000000 483.0000000000 0.0000000000
