16 4
-2220.0000000000 273.0000000000 -1645.0000000000 950.0000000000
-1645.0000000000 950.0000000000 -1821.0000000000 1759.0000000000
-1821.0000000000 1759.0000000000 -991.0000000000 1945.0000000000
-556.0000000000 1375.0000000000 -734.0000000000 2016.0000000000
-734.0000000000 2016.0000000000 -227.0000000000 2164.0000000000
-227.0000000000 2164.0000000000 -0.0000000000 1543.0000000000
39.0000000000 2255.0000000000 865.0000000000 2513.0000000000
865.0000000000 2513.0000000000 1114.0000000000 1854.0000000000
1114.0000000000 1854.0000000000 1459.0000000000 2084.0000000000
1989.0000000000 2738.0000000000 2126.0000000000 2280.0000000000
2126.0000000000 2280.0000000000 3772.0000000000 2741.0000000000
3772.0000000000 2741.0000000000 3868.0000000000 2233.0000000000
1506.0000000000 489.0000000000 1484.0000000000 209.0000000000
1070.0000000000 112.0000000000 1594.0000000000 139.0000000000
1594.0000000000 139.0000000000 1199.0000000000 42.0000000000
1199.0000000000 42.0000000000 1381.0000000000 0.0000000000
