14 4
-632.0000000000 0.0000000000 -623.0000000000 486.0000000000
-3208.0000000000 2598.0000000000 -2447.0000000000 2447.0000000000
-2447.0000000000 2447.0000000000 -2631.0000000000 2724.0000000000
-2631.0000000000 2724.0000000000 -2195.0000000000 2711.0000000000
-2195.0000000000 2711.0000000000 -2017.0000000000 2990.0000000000
-2017.0000000000 2990.0000000000 -1441.0000000000 2954.0000000000
-1441.0000000000 2954.0000000000 -1157.0000000000 2481.0000000000
-1157.0000000000 2481.0000000000 -517.0000000000 2074.0000000000
-413.0000000000 2127.0000000000 -340.0000000000 2767.0000000000
-340.0000000000 2767.0000000000 425.0000000000 2682.0000000000
1660.0000000000 9415.0000000000 2313.0000000000 9278.0000000000
2136.0000000000 7450.0000000000 2053.0000000000 6320.0000000000
1969.0000000000 5718.0000000000 1510.0000000000 704.0000000000
1510.0000000000 704.0000000000 673.0000000000 0.0000000000
