22 4
-1037.0000000000 0.0000000000 -745.0000000000 228.0000000000
-745.0000000000 228.0000000000 -2779.0000000000 2094.0000000000
-3444.0000000000 2690.0000000000 -3630.0000000000 2940.0000000000
-5299.0000000000 4447.0000000000 -5555.0000000000 5180.0000000000
-5555.0000000000 5180.0000000000 -5179.0000000000 5554.0000000000
-9678.0000000000 10748.0000000000 -9317.0000000000 11103.0000000000
-9317.0000000000 11103.0000000000 -8994.0000000000 11106.0000000000
-2762.0000000000 3666.0000000000 -1375.0000000000 2288.0000000000
-779.0000000000 1349.0000000000 -480.0000000000 1571.0000000000
-427.0000000000 1488.0000000000 -358.0000000000 1685.0000000000
-358.0000000000 1685.0000000000 -289.0000000000 1487.0000000000
-289.0000000000 1487.0000000000 -307.0000000000 1742.0000000000
-95.0000000000 1814.0000000000 334.0000000000 2378.0000000000
2232.0000000000 2232.0000000000 1850.0000000000 1725.0000000000
1850.0000000000 1725.0000000000 2201.0000000000 1429.0000000000
3979.0000000000 2486.0000000000 4117.0000000000 2377.0000000000
4117.0000000000 2377.0000000000 4561.0000000000 2528.0000000000
4561.0000000000 2528.0000000000 4176.0000000000 2221.0000000000
3059.0000000000 1362.0000000000 3032.0000000000 1164.0000000000
4816.0000000000 1112.0000000000 5315.0000000000 1130.0000000000
1845.0000000000 325.0000000000 1994.0000000000 139.0000000000
1994.0000000000 139.0000000000 1838.0000000000 0.0000000000
