25 4
-1530.0000000000 0.0000000000 -1484.0000000000 398.0000000000
-1484.0000000000 398.0000000000 -1732.0000000000 529.0000000000
-1732.0000000000 529.0000000000 -1607.0000000000 1664.0000000000
-1607.0000000000 1664.0000000000 -1347.0000000000 1664.0000000000
-1347.0000000000 1664.0000000000 -1213.0000000000 3003.0000000000
-1213.0000000000 3003.0000000000 -1362.0000000000 4193.0000000000
-1323.0000000000 4328.0000000000 -1076.0000000000 4314.0000000000
-1076.0000000000 4314.0000000000 -970.0000000000 4992.0000000000
-970.0000000000 4992.0000000000 -431.0000000000 4921.0000000000
-431.0000000000 4921.0000000000 -372.0000000000 5315.0000000000
-333.0000000000 6345.0000000000 -234.0000000000 6692.0000000000
182.0000000000 10403.0000000000 549.0000000000 10469.0000000000
549.0000000000 10469.0000000000 747.0000000000 10681.0000000000
747.0000000000 10681.0000000000 2602.0000000000 10435.0000000000
1778.0000000000 6201.0000000000 2053.0000000000 6320.0000000000
2053.0000000000 6320.0000000000 1907.0000000000 4719.0000000000
1907.0000000000 4719.0000000000 2742.0000000000 4564.0000000000
2742.0000000000 4564.0000000000 2658.0000000000 3940.0000000000
2658.0000000000 3940.0000000000 2925.0000000000 3882.0000000000
2925.0000000000 3882.0000000000 2842.0000000000 3156.0000000000
2842.0000000000 3156.0000000000 2561.0000000000 2746.0000000000
2561.0000000000 2746.0000000000 2389.0000000000 1270.0000000000
2389.0000000000 1270.0000000000 2639.0000000000 1231.0000000000
2639.0000000000 1231.0000000000 2534.0000000000 133.0000000000
2534.0000000000 133.0000000000 2259.0000000000 0.0000000000
