16 4
-952.0000000000 0.0000000000 -799.0000000000 56.0000000000
-799.0000000000 56.0000000000 -767.0000000000 374.0000000000
-767.0000000000 374.0000000000 -902.0000000000 2621.0000000000
-1392.0000000000 4284.0000000000 -1228.0000000000 4281.0000000000
-1228.0000000000 4281.0000000000 -1106.0000000000 4437.0000000000
-533.0000000000 4339.0000000000 -394.0000000000 4505.0000000000
-394.0000000000 4505.0000000000 240.0000000000 4571.0000000000
473.0000000000 4499.0000000000 2329.0000000000 4571.0000000000
1441.0000000000 2711.0000000000 1570.0000000000 1684.0000000000
1570.0000000000 1684.0000000000 1190.0000000000 1232.0000000000
1190.0000000000 1232.0000000000 1227.0000000000 859.0000000000
1227.0000000000 859.0000000000 1499.0000000000 901.0000000000
1528.0000000000 813.0000000000 1221.0000000000 596.0000000000
1221.0000000000 596.0000000000 1225.0000000000 260.0000000000
1225.0000000000 260.0000000000 1551.0000000000 190.0000000000
1551.0000000000 190.0000000000 1548.0000000000 0.0000000000
