11 4
-3503.0000000000 430.0000000000 -3159.0000000000 557.0000000000
-3159.0000000000 557.0000000000 -3182.0000000000 735.0000000000
-3182.0000000000 735.0000000000 -2657.0000000000 662.0000000000
-2657.0000000000 662.0000000000 -2851.0000000000 818.0000000000
-3885.0000000000 2154.0000000000 -3839.0000000000 2399.0000000000
-2367.0000000000 1537.0000000000 -2646.0000000000 1923.0000000000
-2636.0000000000 2059.0000000000 -2365.0000000000 1915.0000000000
-681.0000000000 613.0000000000 -381.0000000000 587.0000000000
-381.0000000000 587.0000000000 3187.0000000000 4079.0000000000
6719.0000000000 7463.0000000000 8094.0000000000 6099.0000000000
5111.0000000000 3447.0000000000 1601.0000000000 0.0000000000
