21 4
-694.0000000000 0.0000000000 -1005.0000000000 2155.0000000000
-1587.0000000000 3564.0000000000 -1367.0000000000 3562.0000000000
-1399.0000000000 4575.0000000000 -1230.0000000000 4592.0000000000
-1230.0000000000 4592.0000000000 -1105.0000000000 4430.0000000000
-1105.0000000000 4430.0000000000 -958.0000000000 4507.0000000000
-1052.0000000000 8572.0000000000 152.0000000000 8724.0000000000
213.0000000000 2026.0000000000 403.0000000000 949.0000000000
403.0000000000 949.0000000000 973.0000000000 1044.0000000000
973.0000000000 1044.0000000000 1440.0000000000 1297.0000000000
3535.0000000000 3073.0000000000 3290.0000000000 2761.0000000000
3290.0000000000 2761.0000000000 3344.0000000000 2255.0000000000
3344.0000000000 2255.0000000000 3667.0000000000 2291.0000000000
3667.0000000000 2291.0000000000 3742.0000000000 2074.0000000000
3742.0000000000 2074.0000000000 4174.0000000000 2127.0000000000
2744.0000000000 1338.0000000000 2643.0000000000 1177.0000000000
2657.0000000000 1020.0000000000 2778.0000000000 903.0000000000
4360.0000000000 927.0000000000 3812.0000000000 741.0000000000
3815.0000000000 604.0000000000 3510.0000000000 493.0000000000
3510.0000000000 493.0000000000 3533.0000000000 247.0000000000
3533.0000000000 247.0000000000 3003.0000000000 157.0000000000
3027.0000000000 53.0000000000 3572.0000000000 0.0000000000
