17 4
-3275.0000000000 0.0000000000 -1884.0000000000 1270.0000000000
-1884.0000000000 1270.0000000000 -1425.0000000000 1035.0000000000
-1425.0000000000 1035.0000000000 -1242.0000000000 1242.0000000000
-1242.0000000000 1242.0000000000 -1524.0000000000 1578.0000000000
-1524.0000000000 1578.0000000000 -1357.0000000000 1737.0000000000
-1357.0000000000 1737.0000000000 -958.0000000000 1368.0000000000
-958.0000000000 1368.0000000000 -737.0000000000 1581.0000000000
-737.0000000000 1581.0000000000 -170.0000000000 963.0000000000
-170.0000000000 963.0000000000 35.0000000000 995.0000000000
35.0000000000 995.0000000000 615.0000000000 1448.0000000000
615.0000000000 1448.0000000000 878.0000000000 1883.0000000000
878.0000000000 1883.0000000000 1916.0000000000 2737.0000000000
2647.0000000000 3644.0000000000 3385.0000000000 4332.0000000000
3066.0000000000 3527.0000000000 3193.0000000000 3307.0000000000
4820.0000000000 4495.0000000000 4572.0000000000 4116.0000000000
4572.0000000000 4116.0000000000 4879.0000000000 3812.0000000000
482.0000000000 363.0000000000 794.0000000000 0.0000000000
