19 4
-479.0000000000 0.0000000000 -998.0000000000 2471.0000000000
-1744.0000000000 4543.0000000000 -1522.0000000000 4419.0000000000
-1522.0000000000 4419.0000000000 -1419.0000000000 4642.0000000000
-1419.0000000000 4642.0000000000 -1430.0000000000 5336.0000000000
-1982.0000000000 7949.0000000000 -1422.0000000000 8066.0000000000
-1063.0000000000 6709.0000000000 -918.0000000000 6530.0000000000
-918.0000000000 6530.0000000000 -699.0000000000 6652.0000000000
-509.0000000000 5821.0000000000 -303.0000000000 5779.0000000000
-132.0000000000 3778.0000000000 255.0000000000 2079.0000000000
255.0000000000 2079.0000000000 436.0000000000 2050.0000000000
436.0000000000 2050.0000000000 346.0000000000 1498.0000000000
346.0000000000 1498.0000000000 534.0000000000 660.0000000000
534.0000000000 660.0000000000 841.0000000000 706.0000000000
841.0000000000 706.0000000000 640.0000000000 518.0000000000
647.0000000000 374.0000000000 709.0000000000 217.0000000000
709.0000000000 217.0000000000 915.0000000000 228.0000000000
6374.0000000000 1472.0000000000 6470.0000000000 1025.0000000000
7347.0000000000 1033.0000000000 7262.0000000000 763.0000000000
7262.0000000000 763.0000000000 7599.0000000000 665.0000000000
