18 4
-1351.0000000000 0.0000000000 -1536.0000000000 1289.0000000000
-9409.0000000000 8472.0000000000 -9287.0000000000 8661.0000000000
-8441.0000000000 8152.0000000000 -7956.0000000000 7956.0000000000
-8424.0000000000 8723.0000000000 -7952.0000000000 8528.0000000000
-3898.0000000000 4330.0000000000 -3493.0000000000 4163.0000000000
-3493.0000000000 4163.0000000000 -481.0000000000 1929.0000000000
-481.0000000000 1929.0000000000 47.0000000000 2701.0000000000
130.0000000000 3722.0000000000 1478.0000000000 5514.0000000000
1866.0000000000 6506.0000000000 2045.0000000000 6687.0000000000
2045.0000000000 6687.0000000000 2249.0000000000 6532.0000000000
2249.0000000000 6532.0000000000 3102.0000000000 7678.0000000000
3733.0000000000 8795.0000000000 3868.0000000000 8688.0000000000
4289.0000000000 9198.0000000000 4717.0000000000 8872.0000000000
8158.0000000000 13577.0000000000 8271.0000000000 13236.0000000000
8271.0000000000 13236.0000000000 8501.0000000000 13090.0000000000
9469.0000000000 12566.0000000000 9912.0000000000 12240.0000000000
886.0000000000 917.0000000000 1410.0000000000 513.0000000000
1410.0000000000 513.0000000000 1016.0000000000 0.0000000000
