22 4
-457.0000000000 0.0000000000 -99.0000000000 808.0000000000
-99.0000000000 808.0000000000 -115.0000000000 1312.0000000000
-115.0000000000 1312.0000000000 315.0000000000 2566.0000000000
826.0000000000 3888.0000000000 1071.0000000000 3735.0000000000
1842.0000000000 6025.0000000000 1871.0000000000 5139.0000000000
1871.0000000000 5139.0000000000 2377.0000000000 5097.0000000000
2531.0000000000 3897.0000000000 2874.0000000000 3813.0000000000
2874.0000000000 3813.0000000000 2714.0000000000 3352.0000000000
2714.0000000000 3352.0000000000 2865.0000000000 3296.0000000000
2865.0000000000 3296.0000000000 3122.0000000000 3468.0000000000
3122.0000000000 3468.0000000000 3099.0000000000 3209.0000000000
3099.0000000000 3209.0000000000 3399.0000000000 3169.0000000000
3603.0000000000 3023.0000000000 3531.0000000000 2859.0000000000
3531.0000000000 2859.0000000000 3835.0000000000 2685.0000000000
3835.0000000000 2685.0000000000 4386.0000000000 2848.0000000000
5085.0000000000 3177.0000000000 5365.0000000000 3098.0000000000
5168.0000000000 2748.0000000000 5634.0000000000 2627.0000000000
5634.0000000000 2627.0000000000 5513.0000000000 2227.0000000000
6936.0000000000 2662.0000000000 7117.0000000000 2590.0000000000
7117.0000000000 2590.0000000000 6777.0000000000 2334.0000000000
6777.0000000000 2334.0000000000 7321.0000000000 2379.0000000000
853.0000000000 213.0000000000 730.0000000000 0.0000000000
