13 4
-540.0000000000 0.0000000000 -735.0000000000 1507.0000000000
-735.0000000000 1507.0000000000 -0.0000000000 2466.0000000000
445.0000000000 12730.0000000000 677.0000000000 12918.0000000000
455.0000000000 6505.0000000000 698.0000000000 5686.0000000000
698.0000000000 5686.0000000000 1232.0000000000 2223.0000000000
1232.0000000000 2223.0000000000 2217.0000000000 2463.0000000000
2859.0000000000 3066.0000000000 5022.0000000000 3388.0000000000
5782.0000000000 3755.0000000000 6170.0000000000 3855.0000000000
6170.0000000000 3855.0000000000 6439.0000000000 3718.0000000000
6923.0000000000 3681.0000000000 7337.0000000000 3738.0000000000
9034.0000000000 4213.0000000000 9093.0000000000 4048.0000000000
9093.0000000000 4048.0000000000 9587.0000000000 4069.0000000000
1560.0000000000 630.0000000000 1572.0000000000 0.0000000000
