15 4
-1296.0000000000 0.0000000000 -2568.0000000000 4829.0000000000
-3597.0000000000 11070.0000000000 -3201.0000000000 11162.0000000000
-299.0000000000 1296.0000000000 -68.0000000000 428.0000000000
-68.0000000000 428.0000000000 -18.0000000000 1007.0000000000
-18.0000000000 1007.0000000000 206.0000000000 1171.0000000000
566.0000000000 2911.0000000000 938.0000000000 2886.0000000000
938.0000000000 2886.0000000000 889.0000000000 2443.0000000000
1043.0000000000 2581.0000000000 1059.0000000000 2379.0000000000
1240.0000000000 2333.0000000000 1522.0000000000 2533.0000000000
757.0000000000 1081.0000000000 1099.0000000000 1513.0000000000
1099.0000000000 1513.0000000000 945.0000000000 1166.0000000000
1358.0000000000 1223.0000000000 1682.0000000000 1412.0000000000
1682.0000000000 1412.0000000000 1891.0000000000 1374.0000000000
-0.0000000000 0.0000000000 569.0000000000 152.0000000000
569.0000000000 152.0000000000 456.0000000000 0.0000000000
