26 4
-1543.0000000000 0.0000000000 -1634.0000000000 2615.0000000000
-1911.0000000000 3181.0000000000 -1948.0000000000 3823.0000000000
-1948.0000000000 3823.0000000000 -1682.0000000000 3964.0000000000
-1682.0000000000 3964.0000000000 -1720.0000000000 5295.0000000000
-2002.0000000000 6548.0000000000 -1779.0000000000 6639.0000000000
-1779.0000000000 6639.0000000000 -1801.0000000000 7222.0000000000
-1801.0000000000 7222.0000000000 -1278.0000000000 7248.0000000000
-1278.0000000000 7248.0000000000 -1215.0000000000 7669.0000000000
-1376.0000000000 13093.0000000000 -1126.0000000000 12866.0000000000
-1126.0000000000 12866.0000000000 -900.0000000000 12871.0000000000
-900.0000000000 12871.0000000000 -688.0000000000 13125.0000000000
-688.0000000000 13125.0000000000 918.0000000000 13129.0000000000
772.0000000000 8826.0000000000 1076.0000000000 8761.0000000000
1108.0000000000 7881.0000000000 1162.0000000000 7334.0000000000
1162.0000000000 7334.0000000000 1973.0000000000 7364.0000000000
1973.0000000000 7364.0000000000 2054.0000000000 6718.0000000000
2054.0000000000 6718.0000000000 2268.0000000000 6586.0000000000
2268.0000000000 6586.0000000000 2289.0000000000 6290.0000000000
2070.0000000000 5123.0000000000 2077.0000000000 4893.0000000000
829.0000000000 1862.0000000000 932.0000000000 1491.0000000000
932.0000000000 1491.0000000000 882.0000000000 641.0000000000
882.0000000000 641.0000000000 1135.0000000000 795.0000000000
1135.0000000000 795.0000000000 1191.0000000000 457.0000000000
1191.0000000000 457.0000000000 1410.0000000000 458.0000000000
1410.0000000000 458.0000000000 1500.0000000000 319.0000000000
1500.0000000000 319.0000000000 1497.0000000000 0.0000000000
