24 4
-808.0000000000 0.0000000000 -937.0000000000 732.0000000000
-1407.0000000000 1139.0000000000 -1372.0000000000 3768.0000000000
-1640.0000000000 4762.0000000000 -1618.0000000000 4981.0000000000
-1618.0000000000 4981.0000000000 -1350.0000000000 5037.0000000000
-1350.0000000000 5037.0000000000 -1320.0000000000 6209.0000000000
-1363.0000000000 7728.0000000000 -1179.0000000000 8386.0000000000
-1179.0000000000 8386.0000000000 -732.0000000000 8370.0000000000
-496.0000000000 14216.0000000000 -244.0000000000 14002.0000000000
-244.0000000000 14002.0000000000 -0.0000000000 14004.0000000000
-0.0000000000 14004.0000000000 248.0000000000 14208.0000000000
248.0000000000 14208.0000000000 1734.0000000000 14126.0000000000
1387.0000000000 9867.0000000000 1557.0000000000 9832.0000000000
1557.0000000000 9832.0000000000 1697.0000000000 9624.0000000000
1679.0000000000 8637.0000000000 1768.0000000000 8318.0000000000
1768.0000000000 8318.0000000000 2522.0000000000 8248.0000000000
2522.0000000000 8248.0000000000 2493.0000000000 7674.0000000000
1047.0000000000 2875.0000000000 1022.0000000000 1701.0000000000
1022.0000000000 1701.0000000000 1316.0000000000 2027.0000000000
1316.0000000000 2027.0000000000 1312.0000000000 1509.0000000000
1312.0000000000 1509.0000000000 1513.0000000000 1461.0000000000
1513.0000000000 1461.0000000000 1608.0000000000 1302.0000000000
1608.0000000000 1302.0000000000 1613.0000000000 652.0000000000
1613.0000000000 652.0000000000 1177.0000000000 452.0000000000
1177.0000000000 452.0000000000 925.0000000000 0.0000000000
