21 4
-3489.0000000000 367.0000000000 -2891.0000000000 829.0000000000
-939.0000000000 287.0000000000 -338.0000000000 663.0000000000
-2968.0000000000 6086.0000000000 -2733.0000000000 6139.0000000000
-2733.0000000000 6139.0000000000 -2506.0000000000 5903.0000000000
-1791.0000000000 4434.0000000000 -963.0000000000 3360.0000000000
-354.0000000000 2519.0000000000 162.0000000000 1853.0000000000
162.0000000000 1853.0000000000 308.0000000000 1942.0000000000
308.0000000000 1942.0000000000 471.0000000000 1540.0000000000
471.0000000000 1540.0000000000 797.0000000000 1710.0000000000
1628.0000000000 3337.0000000000 1850.0000000000 3630.0000000000
1850.0000000000 3630.0000000000 2028.0000000000 3659.0000000000
3980.0000000000 6623.0000000000 4147.0000000000 6386.0000000000
4439.0000000000 6339.0000000000 4397.0000000000 6052.0000000000
4397.0000000000 6052.0000000000 5488.0000000000 4605.0000000000
3669.0000000000 2475.0000000000 3426.0000000000 1899.0000000000
2744.0000000000 1338.0000000000 2694.0000000000 1144.0000000000
2694.0000000000 1144.0000000000 2871.0000000000 933.0000000000
3705.0000000000 1133.0000000000 3911.0000000000 1048.0000000000
4721.0000000000 832.0000000000 4185.0000000000 588.0000000000
4185.0000000000 588.0000000000 4132.0000000000 434.0000000000
2656.0000000000 232.0000000000 2653.0000000000 0.0000000000
