20 4
-1547.0000000000 0.0000000000 -1826.0000000000 971.0000000000
-1826.0000000000 971.0000000000 -1433.0000000000 1120.0000000000
-2663.0000000000 2483.0000000000 -1508.0000000000 2836.0000000000
-740.0000000000 1452.0000000000 -602.0000000000 1351.0000000000
-602.0000000000 1351.0000000000 -27.0000000000 1521.0000000000
-0.0000000000 5335.0000000000 303.0000000000 4334.0000000000
623.0000000000 3205.0000000000 848.0000000000 2464.0000000000
1004.0000000000 2486.0000000000 1042.0000000000 2046.0000000000
1042.0000000000 2046.0000000000 1365.0000000000 2102.0000000000
2411.0000000000 3575.0000000000 2725.0000000000 3365.0000000000
2725.0000000000 3365.0000000000 3062.0000000000 3649.0000000000
5994.0000000000 5994.0000000000 6080.0000000000 5670.0000000000
6167.0000000000 5361.0000000000 6203.0000000000 5205.0000000000
6203.0000000000 5205.0000000000 6399.0000000000 5182.0000000000
6399.0000000000 5182.0000000000 6286.0000000000 4911.0000000000
6286.0000000000 4911.0000000000 6748.0000000000 3291.0000000000
4341.0000000000 1933.0000000000 3973.0000000000 1446.0000000000
3973.0000000000 1446.0000000000 2982.0000000000 912.0000000000
2982.0000000000 912.0000000000 3069.0000000000 709.0000000000
3069.0000000000 709.0000000000 3434.0000000000 606.0000000000
