13 4
-2039.0000000000 0.0000000000 -2017.0000000000 774.0000000000
-4057.0000000000 1639.0000000000 -4049.0000000000 1803.0000000000
-5417.0000000000 3002.0000000000 -4773.0000000000 2982.0000000000
-4629.0000000000 3122.0000000000 -4183.0000000000 3039.0000000000
-4183.0000000000 3039.0000000000 -4153.0000000000 3245.0000000000
-1934.0000000000 1566.0000000000 -1194.0000000000 1529.0000000000
-1194.0000000000 1529.0000000000 -1232.0000000000 1696.0000000000
-1232.0000000000 1696.0000000000 -944.0000000000 1570.0000000000
-5155.0000000000 8929.0000000000 -4948.0000000000 8926.0000000000
-242.0000000000 1723.0000000000 301.0000000000 1709.0000000000
419.0000000000 1682.0000000000 7296.0000000000 1418.0000000000
10205.0000000000 1434.0000000000 10340.0000000000 1270.0000000000
10340.0000000000 1270.0000000000 10295.0000000000 0.0000000000
