17 4
-3640.0000000000 0.0000000000 -4180.0000000000 146.0000000000
-9860.0000000000 1562.0000000000 -9735.0000000000 1892.0000000000
-1257.0000000000 267.0000000000 644.0000000000 5249.0000000000
1596.0000000000 8208.0000000000 1838.0000000000 8646.0000000000
3384.0000000000 11070.0000000000 3754.0000000000 10902.0000000000
492.0000000000 1160.0000000000 170.0000000000 334.0000000000
170.0000000000 334.0000000000 572.0000000000 787.0000000000
572.0000000000 787.0000000000 833.0000000000 777.0000000000
2222.0000000000 2001.0000000000 2364.0000000000 1847.0000000000
3631.0000000000 2736.0000000000 3880.0000000000 2819.0000000000
2086.0000000000 1461.0000000000 2571.0000000000 1670.0000000000
2571.0000000000 1670.0000000000 2187.0000000000 1314.0000000000
2187.0000000000 1314.0000000000 2333.0000000000 1138.0000000000
2656.0000000000 1182.0000000000 2156.0000000000 915.0000000000
1312.0000000000 530.0000000000 1728.0000000000 663.0000000000
1728.0000000000 663.0000000000 1219.0000000000 420.0000000000
1219.0000000000 420.0000000000 1718.0000000000 525.0000000000
