15 4
-510.0000000000 0.0000000000 236.0000000000 3372.0000000000
1487.0000000000 6994.0000000000 1658.0000000000 7182.0000000000
2457.0000000000 9855.0000000000 3502.0000000000 9622.0000000000
1390.0000000000 3275.0000000000 1216.0000000000 2194.0000000000
1216.0000000000 2194.0000000000 1762.0000000000 2100.0000000000
1762.0000000000 2100.0000000000 1939.0000000000 2230.0000000000
1939.0000000000 2230.0000000000 2330.0000000000 2173.0000000000
2819.0000000000 2538.0000000000 3077.0000000000 2492.0000000000
4910.0000000000 3312.0000000000 4486.0000000000 2913.0000000000
4486.0000000000 2913.0000000000 4450.0000000000 2674.0000000000
3551.0000000000 1809.0000000000 3320.0000000000 1619.0000000000
3320.0000000000 1619.0000000000 3407.0000000000 1446.0000000000
2424.0000000000 427.0000000000 2331.0000000000 286.0000000000
3933.0000000000 413.0000000000 3532.0000000000 309.0000000000
2663.0000000000 186.0000000000 2488.0000000000 0.0000000000
