30 4
-3995.0000000000 704.0000000000 -2248.0000000000 954.0000000000
-2248.0000000000 954.0000000000 -1750.0000000000 779.0000000000
-1750.0000000000 779.0000000000 -1783.0000000000 1444.0000000000
-1783.0000000000 1444.0000000000 -1389.0000000000 1165.0000000000
-1389.0000000000 1165.0000000000 -1793.0000000000 1559.0000000000
-1791.0000000000 2134.0000000000 -1919.0000000000 2456.0000000000
-1340.0000000000 1987.0000000000 -938.0000000000 1501.0000000000
-1324.0000000000 4617.0000000000 -1160.0000000000 4655.0000000000
-489.0000000000 3086.0000000000 -0.0000000000 3249.0000000000
91.0000000000 5215.0000000000 366.0000000000 5239.0000000000
538.0000000000 3827.0000000000 838.0000000000 3631.0000000000
838.0000000000 3631.0000000000 1050.0000000000 3917.0000000000
648.0000000000 2261.0000000000 869.0000000000 2265.0000000000
869.0000000000 2265.0000000000 997.0000000000 1727.0000000000
997.0000000000 1727.0000000000 1680.0000000000 1865.0000000000
2320.0000000000 2488.0000000000 2595.0000000000 2506.0000000000
2115.0000000000 1838.0000000000 2020.0000000000 1695.0000000000
2167.0000000000 1633.0000000000 2559.0000000000 1792.0000000000
2559.0000000000 1792.0000000000 2325.0000000000 1568.0000000000
2325.0000000000 1568.0000000000 2720.0000000000 1766.0000000000
4055.0000000000 2156.0000000000 3839.0000000000 1872.0000000000
7143.0000000000 3032.0000000000 7349.0000000000 2969.0000000000
5292.0000000000 2031.0000000000 5126.0000000000 1866.0000000000
4356.0000000000 1500.0000000000 4434.0000000000 1024.0000000000
5735.0000000000 1219.0000000000 5483.0000000000 868.0000000000
5483.0000000000 868.0000000000 5911.0000000000 831.0000000000
5042.0000000000 619.0000000000 4917.0000000000 517.0000000000
4831.0000000000 338.0000000000 4854.0000000000 170.0000000000
4854.0000000000 170.0000000000 5049.0000000000 88.0000000000
5049.0000000000 88.0000000000 4576.0000000000 0.0000000000
