20 4
-1630.0000000000 0.0000000000 -2607.0000000000 2517.0000000000
-3109.0000000000 3109.0000000000 -3270.0000000000 3507.0000000000
-3270.0000000000 3507.0000000000 -3060.0000000000 3647.0000000000
-3060.0000000000 3647.0000000000 -3471.0000000000 4778.0000000000
-4261.0000000000 6085.0000000000 -3999.0000000000 6158.0000000000
-4234.0000000000 6775.0000000000 -3715.0000000000 6988.0000000000
-5672.0000000000 12163.0000000000 -5456.0000000000 12253.0000000000
-5456.0000000000 12253.0000000000 -5356.0000000000 12618.0000000000
-5356.0000000000 12618.0000000000 -3781.0000000000 13188.0000000000
-2280.0000000000 9143.0000000000 -2124.0000000000 9200.0000000000
-2124.0000000000 9200.0000000000 -1855.0000000000 8729.0000000000
-1539.0000000000 7920.0000000000 -711.0000000000 8124.0000000000
-266.0000000000 7615.0000000000 -128.0000000000 7340.0000000000
-0.0000000000 2528.0000000000 421.0000000000 1469.0000000000
421.0000000000 1469.0000000000 574.0000000000 1767.0000000000
574.0000000000 1767.0000000000 767.0000000000 1384.0000000000
767.0000000000 1384.0000000000 975.0000000000 1446.0000000000
1096.0000000000 1353.0000000000 1386.0000000000 676.0000000000
1430.0000000000 549.0000000000 1044.0000000000 380.0000000000
1044.0000000000 380.0000000000 995.0000000000 0.0000000000
