21 4
-2059.0000000000 0.0000000000 -4759.0000000000 2020.0000000000
-7526.0000000000 3835.0000000000 -7547.0000000000 4013.0000000000
-6878.0000000000 3813.0000000000 -6895.0000000000 3981.0000000000
-10045.0000000000 6523.0000000000 -9791.0000000000 6856.0000000000
-417.0000000000 389.0000000000 -704.0000000000 869.0000000000
-704.0000000000 869.0000000000 -619.0000000000 1117.0000000000
-1374.0000000000 2696.0000000000 -1111.0000000000 2895.0000000000
-1111.0000000000 2895.0000000000 -872.0000000000 2531.0000000000
-872.0000000000 2531.0000000000 -974.0000000000 2997.0000000000
-974.0000000000 2997.0000000000 -738.0000000000 2574.0000000000
-520.0000000000 2674.0000000000 -525.0000000000 2975.0000000000
-302.0000000000 1909.0000000000 -201.0000000000 1428.0000000000
-134.0000000000 1536.0000000000 -125.0000000000 1787.0000000000
162.0000000000 1856.0000000000 609.0000000000 2273.0000000000
314.0000000000 674.0000000000 208.0000000000 332.0000000000
345.0000000000 357.0000000000 -0.0000000000 0.0000000000
3274.0000000000 2558.0000000000 2966.0000000000 2001.0000000000
2483.0000000000 1613.0000000000 2302.0000000000 1383.0000000000
3256.0000000000 1659.0000000000 3786.0000000000 1230.0000000000
1982.0000000000 606.0000000000 2112.0000000000 185.0000000000
2112.0000000000 185.0000000000 1911.0000000000 0.0000000000
