32 4
-2338.0000000000 0.0000000000 -2499.0000000000 175.0000000000
-2357.0000000000 206.0000000000 -2572.0000000000 270.0000000000
-2572.0000000000 270.0000000000 -2777.0000000000 540.0000000000
-2777.0000000000 540.0000000000 -2272.0000000000 525.0000000000
-2367.0000000000 634.0000000000 -1893.0000000000 543.0000000000
-1893.0000000000 543.0000000000 -2133.0000000000 693.0000000000
-2133.0000000000 693.0000000000 -2099.0000000000 979.0000000000
-2099.0000000000 979.0000000000 -2491.0000000000 1215.0000000000
-2491.0000000000 1215.0000000000 -2592.0000000000 1619.0000000000
-2592.0000000000 1619.0000000000 -3422.0000000000 2486.0000000000
-3422.0000000000 2486.0000000000 -3081.0000000000 2322.0000000000
-4999.0000000000 4661.0000000000 -4733.0000000000 4571.0000000000
-4733.0000000000 4571.0000000000 -4993.0000000000 4993.0000000000
-4993.0000000000 4993.0000000000 -3388.0000000000 6112.0000000000
-1525.0000000000 3425.0000000000 -1256.0000000000 3451.0000000000
-1256.0000000000 3451.0000000000 -917.0000000000 2821.0000000000
-917.0000000000 2821.0000000000 -681.0000000000 2729.0000000000
-681.0000000000 2729.0000000000 -585.0000000000 2532.0000000000
-585.0000000000 2532.0000000000 -421.0000000000 2658.0000000000
-143.0000000000 1639.0000000000 1326.0000000000 2719.0000000000
2135.0000000000 4190.0000000000 2369.0000000000 4455.0000000000
2369.0000000000 4455.0000000000 2379.0000000000 4292.0000000000
2379.0000000000 4292.0000000000 2564.0000000000 4267.0000000000
2564.0000000000 4267.0000000000 2466.0000000000 3947.0000000000
2466.0000000000 3947.0000000000 2541.0000000000 3767.0000000000
2541.0000000000 3767.0000000000 3044.0000000000 4190.0000000000
2504.0000000000 3323.0000000000 3129.0000000000 2358.0000000000
1172.0000000000 791.0000000000 815.0000000000 433.0000000000
815.0000000000 433.0000000000 984.0000000000 378.0000000000
984.0000000000 378.0000000000 1124.0000000000 79.0000000000
1124.0000000000 79.0000000000 1486.0000000000 52.0000000000
1486.0000000000 52.0000000000 1175.0000000000 0.0000000000
