23 4
-1099.0000000000 0.0000000000 -1352.0000000000 982.0000000000
-1352.0000000000 982.0000000000 -916.0000000000 1092.0000000000
-3128.0000000000 3863.0000000000 -1560.0000000000 4287.0000000000
-1560.0000000000 4287.0000000000 -1280.0000000000 3939.0000000000
-1500.0000000000 5599.0000000000 -1287.0000000000 5575.0000000000
-1287.0000000000 5575.0000000000 -1239.0000000000 5831.0000000000
-1239.0000000000 5831.0000000000 -834.0000000000 5937.0000000000
-466.0000000000 4430.0000000000 -293.0000000000 4195.0000000000
-293.0000000000 4195.0000000000 -74.0000000000 4247.0000000000
-0.0000000000 3088.0000000000 178.0000000000 2540.0000000000
178.0000000000 2540.0000000000 562.0000000000 2642.0000000000
562.0000000000 2642.0000000000 611.0000000000 2450.0000000000
611.0000000000 2450.0000000000 830.0000000000 2715.0000000000
580.0000000000 1434.0000000000 686.0000000000 1057.0000000000
841.0000000000 1076.0000000000 752.0000000000 929.0000000000
752.0000000000 929.0000000000 966.0000000000 1111.0000000000
966.0000000000 1111.0000000000 1103.0000000000 1028.0000000000
1103.0000000000 1028.0000000000 1277.0000000000 1110.0000000000
1277.0000000000 1110.0000000000 1327.0000000000 895.0000000000
1327.0000000000 895.0000000000 866.0000000000 562.0000000000
866.0000000000 562.0000000000 1348.0000000000 810.0000000000
1378.0000000000 702.0000000000 856.0000000000 381.0000000000
856.0000000000 381.0000000000 961.0000000000 0.0000000000
