18 4
-1061.0000000000 0.0000000000 -1009.0000000000 408.0000000000
-4591.0000000000 1949.0000000000 -4150.0000000000 1935.0000000000
-4150.0000000000 1935.0000000000 -4099.0000000000 2272.0000000000
-4099.0000000000 2272.0000000000 -4780.0000000000 2872.0000000000
-4676.0000000000 3036.0000000000 -4487.0000000000 3026.0000000000
-4975.0000000000 3615.0000000000 -4762.0000000000 3720.0000000000
-4762.0000000000 3720.0000000000 -4417.0000000000 3576.0000000000
-4177.0000000000 3631.0000000000 -4327.0000000000 3896.0000000000
-4327.0000000000 3896.0000000000 -4052.0000000000 3913.0000000000
-4052.0000000000 3913.0000000000 -4289.0000000000 4289.0000000000
-7132.0000000000 8500.0000000000 -6936.0000000000 8565.0000000000
-1057.0000000000 1353.0000000000 -39.0000000000 1128.0000000000
-39.0000000000 1128.0000000000 136.0000000000 1293.0000000000
136.0000000000 1293.0000000000 2371.0000000000 1007.0000000000
3183.0000000000 1286.0000000000 6335.0000000000 890.0000000000
6335.0000000000 890.0000000000 6212.0000000000 763.0000000000
6212.0000000000 763.0000000000 7199.0000000000 630.0000000000
8206.0000000000 574.0000000000 8384.0000000000 439.0000000000
