34 4
-5456.0000000000 670.0000000000 -5368.0000000000 1043.0000000000
-4018.0000000000 854.0000000000 -3152.0000000000 786.0000000000
-4612.0000000000 1323.0000000000 -4578.0000000000 1488.0000000000
-3500.0000000000 1205.0000000000 -2598.0000000000 1050.0000000000
-3157.0000000000 1340.0000000000 -2894.0000000000 1289.0000000000
-2202.0000000000 1027.0000000000 -2475.0000000000 1207.0000000000
-2475.0000000000 1207.0000000000 -2082.0000000000 1154.0000000000
-2082.0000000000 1154.0000000000 -2045.0000000000 1328.0000000000
-4936.0000000000 3329.0000000000 -4654.0000000000 4820.0000000000
-4654.0000000000 4820.0000000000 -4286.0000000000 4761.0000000000
-1977.0000000000 2274.0000000000 -1803.0000000000 3124.0000000000
-1684.0000000000 3167.0000000000 -1605.0000000000 3605.0000000000
-1523.0000000000 3589.0000000000 -1556.0000000000 3852.0000000000
-1556.0000000000 3852.0000000000 -1146.0000000000 3747.0000000000
-1146.0000000000 3747.0000000000 -1001.0000000000 3492.0000000000
-1109.0000000000 4138.0000000000 -611.0000000000 3145.0000000000
-611.0000000000 3145.0000000000 312.0000000000 2973.0000000000
312.0000000000 2973.0000000000 409.0000000000 3329.0000000000
409.0000000000 3329.0000000000 410.0000000000 2919.0000000000
410.0000000000 2919.0000000000 1359.0000000000 2667.0000000000
1458.0000000000 2631.0000000000 1946.0000000000 3114.0000000000
1946.0000000000 3114.0000000000 1997.0000000000 2851.0000000000
1997.0000000000 2851.0000000000 2188.0000000000 2904.0000000000
2188.0000000000 2904.0000000000 2113.0000000000 2704.0000000000
2113.0000000000 2704.0000000000 2584.0000000000 3079.0000000000
2584.0000000000 3079.0000000000 2716.0000000000 2912.0000000000
7005.0000000000 7254.0000000000 7219.0000000000 7219.0000000000
6781.0000000000 6549.0000000000 6936.0000000000 6245.0000000000
7840.0000000000 6349.0000000000 7555.0000000000 5903.0000000000
9842.0000000000 7416.0000000000 9732.0000000000 6815.0000000000
1516.0000000000 1023.0000000000 1448.0000000000 770.0000000000
1448.0000000000 770.0000000000 984.0000000000 438.0000000000
984.0000000000 438.0000000000 972.0000000000 154.0000000000
972.0000000000 154.0000000000 1411.0000000000 123.0000000000
