45 4
-4466.0000000000 548.0000000000 -4465.0000000000 787.0000000000
-4465.0000000000 787.0000000000 -4037.0000000000 858.0000000000
-4029.0000000000 1004.0000000000 -3480.0000000000 933.0000000000
-3480.0000000000 933.0000000000 -4006.0000000000 1225.0000000000
-3937.0000000000 1511.0000000000 -3790.0000000000 2188.0000000000
-3790.0000000000 2188.0000000000 -3516.0000000000 2113.0000000000
-3751.0000000000 2436.0000000000 -3217.0000000000 2170.0000000000
-3712.0000000000 2900.0000000000 -4033.0000000000 3266.0000000000
-2783.0000000000 2335.0000000000 -2498.0000000000 2172.0000000000
-3245.0000000000 2922.0000000000 -2878.0000000000 2684.0000000000
-2878.0000000000 2684.0000000000 -3076.0000000000 2970.0000000000
-2952.0000000000 2952.0000000000 -2552.0000000000 2643.0000000000
-2552.0000000000 2643.0000000000 -2651.0000000000 2843.0000000000
-2651.0000000000 2843.0000000000 -2514.0000000000 2996.0000000000
-2484.0000000000 3683.0000000000 -2070.0000000000 3313.0000000000
-2070.0000000000 3313.0000000000 -1921.0000000000 3612.0000000000
-1739.0000000000 4303.0000000000 -1541.0000000000 4475.0000000000
-1541.0000000000 4475.0000000000 -1648.0000000000 5746.0000000000
-1648.0000000000 5746.0000000000 -1304.0000000000 5230.0000000000
-1327.0000000000 6825.0000000000 -1238.0000000000 7023.0000000000
-492.0000000000 5627.0000000000 -405.0000000000 5788.0000000000
-372.0000000000 7091.0000000000 -251.0000000000 7201.0000000000
-251.0000000000 7201.0000000000 126.0000000000 7213.0000000000
126.0000000000 7213.0000000000 257.0000000000 7366.0000000000
257.0000000000 7366.0000000000 648.0000000000 7404.0000000000
1066.0000000000 7588.0000000000 1300.0000000000 6687.0000000000
1673.0000000000 7247.0000000000 2872.0000000000 7483.0000000000
2872.0000000000 7483.0000000000 2979.0000000000 7017.0000000000
3599.0000000000 7717.0000000000 3692.0000000000 7569.0000000000
4129.0000000000 8103.0000000000 5100.0000000000 8162.0000000000
5100.0000000000 8162.0000000000 5135.0000000000 7613.0000000000
5135.0000000000 7613.0000000000 5294.0000000000 7561.0000000000
2298.0000000000 2942.0000000000 2108.0000000000 2603.0000000000
2108.0000000000 2603.0000000000 2296.0000000000 2736.0000000000
1891.0000000000 2175.0000000000 2240.0000000000 2488.0000000000
2240.0000000000 2488.0000000000 2115.0000000000 2268.0000000000
1712.0000000000 1337.0000000000 1705.0000000000 1024.0000000000
1705.0000000000 1024.0000000000 2162.0000000000 1055.0000000000
2162.0000000000 1055.0000000000 2193.0000000000 886.0000000000
2193.0000000000 886.0000000000 2387.0000000000 869.0000000000
2387.0000000000 869.0000000000 2169.0000000000 747.0000000000
2169.0000000000 747.0000000000 2180.0000000000 424.0000000000
2180.0000000000 424.0000000000 2996.0000000000 368.0000000000
15991.0000000000 1118.0000000000 16148.0000000000 846.0000000000
18041.0000000000 630.0000000000 18030.0000000000 0.0000000000
