30 4
-1639.0000000000 0.0000000000 -1714.0000000000 364.0000000000
-1714.0000000000 364.0000000000 -2113.0000000000 488.0000000000
-2113.0000000000 488.0000000000 -2246.0000000000 1000.0000000000
-2097.0000000000 978.0000000000 -2265.0000000000 1105.0000000000
-2265.0000000000 1105.0000000000 -2320.0000000000 1340.0000000000
-2320.0000000000 1340.0000000000 -1522.0000000000 1106.0000000000
-1522.0000000000 1106.0000000000 -1688.0000000000 1272.0000000000
-1688.0000000000 1272.0000000000 -1516.0000000000 1516.0000000000
-1516.0000000000 1516.0000000000 -1819.0000000000 1951.0000000000
-1716.0000000000 1974.0000000000 -1780.0000000000 2121.0000000000
-1780.0000000000 2121.0000000000 -1686.0000000000 2320.0000000000
-1686.0000000000 2320.0000000000 -2177.0000000000 3485.0000000000
-2177.0000000000 3485.0000000000 -1856.0000000000 3215.0000000000
-1856.0000000000 3215.0000000000 -2079.0000000000 3751.0000000000
-2310.0000000000 4345.0000000000 -2013.0000000000 3950.0000000000
-2603.0000000000 6132.0000000000 -2346.0000000000 5807.0000000000
-2467.0000000000 6427.0000000000 -597.0000000000 6827.0000000000
-282.0000000000 5383.0000000000 -205.0000000000 5879.0000000000
-0.0000000000 4037.0000000000 62.0000000000 3555.0000000000
62.0000000000 3555.0000000000 242.0000000000 3465.0000000000
242.0000000000 3465.0000000000 496.0000000000 2334.0000000000
496.0000000000 2334.0000000000 732.0000000000 2395.0000000000
443.0000000000 1365.0000000000 2258.0000000000 1701.0000000000
3743.0000000000 2720.0000000000 3996.0000000000 2497.0000000000
3996.0000000000 2497.0000000000 3850.0000000000 2134.0000000000
3850.0000000000 2134.0000000000 4642.0000000000 2264.0000000000
3911.0000000000 1824.0000000000 3626.0000000000 1614.0000000000
3626.0000000000 1614.0000000000 3806.0000000000 740.0000000000
4458.0000000000 786.0000000000 4025.0000000000 637.0000000000
4826.0000000000 678.0000000000 4883.0000000000 427.0000000000
