40 4
-2330.0000000000 41.0000000000 -2153.0000000000 188.0000000000
-2153.0000000000 188.0000000000 -2193.0000000000 931.0000000000
-2790.0000000000 1242.0000000000 -2794.0000000000 1485.0000000000
-2794.0000000000 1485.0000000000 -3096.0000000000 1716.0000000000
-3096.0000000000 1716.0000000000 -2588.0000000000 1681.0000000000
-2588.0000000000 1681.0000000000 -3016.0000000000 2034.0000000000
-3016.0000000000 2034.0000000000 -2802.0000000000 3112.0000000000
-2802.0000000000 3112.0000000000 -2361.0000000000 3022.0000000000
-3037.0000000000 4503.0000000000 -2758.0000000000 4247.0000000000
-2758.0000000000 4247.0000000000 -2007.0000000000 4115.0000000000
-2383.0000000000 5110.0000000000 -2246.0000000000 5852.0000000000
-2499.0000000000 6867.0000000000 -2424.0000000000 7040.0000000000
-2424.0000000000 7040.0000000000 -2203.0000000000 6780.0000000000
-2203.0000000000 6780.0000000000 -2032.0000000000 7086.0000000000
-2032.0000000000 7086.0000000000 -1747.0000000000 7006.0000000000
-1747.0000000000 7006.0000000000 -1488.0000000000 7654.0000000000
-918.0000000000 5207.0000000000 -715.0000000000 5084.0000000000
-90.0000000000 5129.0000000000 184.0000000000 5276.0000000000
354.0000000000 5063.0000000000 692.0000000000 4926.0000000000
955.0000000000 4914.0000000000 1090.0000000000 4721.0000000000
1090.0000000000 4721.0000000000 1257.0000000000 4692.0000000000
1610.0000000000 5616.0000000000 1833.0000000000 5996.0000000000
2106.0000000000 4962.0000000000 2366.0000000000 4851.0000000000
2366.0000000000 4851.0000000000 2363.0000000000 4444.0000000000
2822.0000000000 3884.0000000000 2886.0000000000 3564.0000000000
2886.0000000000 3564.0000000000 3040.0000000000 3497.0000000000
3536.0000000000 3536.0000000000 3720.0000000000 3469.0000000000
4505.0000000000 3916.0000000000 4697.0000000000 3942.0000000000
4697.0000000000 3942.0000000000 4366.0000000000 3411.0000000000
4366.0000000000 3411.0000000000 4424.0000000000 3214.0000000000
4424.0000000000 3214.0000000000 4301.0000000000 3012.0000000000
4301.0000000000 3012.0000000000 4493.0000000000 3031.0000000000
4493.0000000000 3031.0000000000 4641.0000000000 2900.0000000000
8155.0000000000 4900.0000000000 8098.0000000000 4676.0000000000
8098.0000000000 4676.0000000000 8924.0000000000 4547.0000000000
5687.0000000000 2774.0000000000 7157.0000000000 2325.0000000000
7157.0000000000 2325.0000000000 7023.0000000000 2014.0000000000
7023.0000000000 2014.0000000000 7256.0000000000 1809.0000000000
7256.0000000000 1809.0000000000 6436.0000000000 1368.0000000000
6436.0000000000 1368.0000000000 6322.0000000000 888.0000000000
