49 4
-4758.0000000000 0.0000000000 -4207.0000000000 73.0000000000
-4207.0000000000 73.0000000000 -4459.0000000000 547.0000000000
-4459.0000000000 547.0000000000 -4734.0000000000 665.0000000000
-4734.0000000000 665.0000000000 -4490.0000000000 873.0000000000
-4490.0000000000 873.0000000000 -5358.0000000000 2386.0000000000
-6465.0000000000 3015.0000000000 -5947.0000000000 3162.0000000000
-4536.0000000000 2514.0000000000 -4632.0000000000 2674.0000000000
-4632.0000000000 2674.0000000000 -4257.0000000000 2558.0000000000
-4015.0000000000 2811.0000000000 -4120.0000000000 2994.0000000000
-4120.0000000000 2994.0000000000 -3808.0000000000 2975.0000000000
-3808.0000000000 2975.0000000000 -3933.0000000000 3185.0000000000
-3933.0000000000 3185.0000000000 -3776.0000000000 3282.0000000000
-3776.0000000000 3282.0000000000 -4156.0000000000 3742.0000000000
-3513.0000000000 3276.0000000000 -3068.0000000000 3290.0000000000
-3068.0000000000 3290.0000000000 -3246.0000000000 3734.0000000000
-3246.0000000000 3734.0000000000 -2808.0000000000 3468.0000000000
-2808.0000000000 3468.0000000000 -2461.0000000000 3514.0000000000
-2461.0000000000 3514.0000000000 -2599.0000000000 3853.0000000000
-3375.0000000000 5617.0000000000 -3181.0000000000 5739.0000000000
-2085.0000000000 4275.0000000000 -1797.0000000000 4449.0000000000
-1797.0000000000 4449.0000000000 -1482.0000000000 4072.0000000000
-1482.0000000000 4072.0000000000 -1344.0000000000 4397.0000000000
-1344.0000000000 4397.0000000000 -1054.0000000000 4229.0000000000
-1054.0000000000 4229.0000000000 -924.0000000000 4349.0000000000
-924.0000000000 4349.0000000000 -613.0000000000 3870.0000000000
-613.0000000000 3870.0000000000 -403.0000000000 3835.0000000000
-403.0000000000 3835.0000000000 -293.0000000000 4190.0000000000
-216.0000000000 4115.0000000000 -151.0000000000 4315.0000000000
-151.0000000000 4315.0000000000 -0.0000000000 4220.0000000000
-0.0000000000 4220.0000000000 153.0000000000 4381.0000000000
352.0000000000 5029.0000000000 395.0000000000 4512.0000000000
553.0000000000 4500.0000000000 592.0000000000 4215.0000000000
592.0000000000 4215.0000000000 703.0000000000 4437.0000000000
703.0000000000 4437.0000000000 846.0000000000 4352.0000000000
846.0000000000 4352.0000000000 968.0000000000 4555.0000000000
1028.0000000000 4451.0000000000 1214.0000000000 4530.0000000000
2395.0000000000 8353.0000000000 2499.0000000000 8173.0000000000
2499.0000000000 8173.0000000000 3142.0000000000 8634.0000000000
1965.0000000000 5118.0000000000 2696.0000000000 5527.0000000000
2696.0000000000 5527.0000000000 3287.0000000000 5693.0000000000
3414.0000000000 5682.0000000000 3556.0000000000 5272.0000000000
3556.0000000000 5272.0000000000 3810.0000000000 5442.0000000000
3810.0000000000 5442.0000000000 3559.0000000000 4722.0000000000
3559.0000000000 4722.0000000000 3993.0000000000 3724.0000000000
2422.0000000000 1342.0000000000 1980.0000000000 1009.0000000000
1980.0000000000 1009.0000000000 1217.0000000000 568.0000000000
1217.0000000000 568.0000000000 1559.0000000000 694.0000000000
2255.0000000000 957.0000000000 2343.0000000000 807.0000000000
2528.0000000000 88.0000000000 3125.0000000000 55.0000000000
