24 4
-6365.0000000000 0.0000000000 -6949.0000000000 121.0000000000
-7283.0000000000 509.0000000000 -6880.0000000000 723.0000000000
-5103.0000000000 992.0000000000 -5403.0000000000 1149.0000000000
-5403.0000000000 1149.0000000000 -4814.0000000000 1111.0000000000
-4888.0000000000 1494.0000000000 -4902.0000000000 1688.0000000000
-4396.0000000000 3078.0000000000 -4162.0000000000 3136.0000000000
-1865.0000000000 1680.0000000000 -1459.0000000000 1459.0000000000
-1214.0000000000 1447.0000000000 -866.0000000000 1069.0000000000
-866.0000000000 1069.0000000000 -683.0000000000 1137.0000000000
-683.0000000000 1137.0000000000 -920.0000000000 2066.0000000000
-4777.0000000000 11823.0000000000 -3313.0000000000 12366.0000000000
-1570.0000000000 7387.0000000000 -1338.0000000000 6884.0000000000
-1066.0000000000 6047.0000000000 -489.0000000000 4655.0000000000
-489.0000000000 4655.0000000000 348.0000000000 4976.0000000000
140.0000000000 1598.0000000000 953.0000000000 1870.0000000000
1078.0000000000 1795.0000000000 1543.0000000000 1975.0000000000
1520.0000000000 1877.0000000000 1713.0000000000 2042.0000000000
1713.0000000000 2042.0000000000 1793.0000000000 1672.0000000000
1793.0000000000 1672.0000000000 2011.0000000000 1687.0000000000
2011.0000000000 1687.0000000000 1713.0000000000 1387.0000000000
2245.0000000000 1754.0000000000 1902.0000000000 1434.0000000000
1902.0000000000 1434.0000000000 2022.0000000000 1121.0000000000
2022.0000000000 1121.0000000000 1630.0000000000 867.0000000000
1630.0000000000 867.0000000000 1933.0000000000 0.0000000000
