22 4
-5550.0000000000 0.0000000000 -5804.0000000000 816.0000000000
-2403.0000000000 381.0000000000 -2650.0000000000 1180.0000000000
-2570.0000000000 1309.0000000000 -2716.0000000000 1764.0000000000
-2641.0000000000 1782.0000000000 -2776.0000000000 1944.0000000000
-2776.0000000000 1944.0000000000 -2362.0000000000 2053.0000000000
-2362.0000000000 2053.0000000000 -2128.0000000000 1916.0000000000
-2128.0000000000 1916.0000000000 -2436.0000000000 2352.0000000000
-2436.0000000000 2352.0000000000 -1609.0000000000 1787.0000000000
-1609.0000000000 1787.0000000000 493.0000000000 2317.0000000000
720.0000000000 3117.0000000000 916.0000000000 3674.0000000000
1066.0000000000 3717.0000000000 1124.0000000000 3460.0000000000
4365.0000000000 8567.0000000000 4270.0000000000 8030.0000000000
5706.0000000000 10293.0000000000 6295.0000000000 8665.0000000000
5828.0000000000 7734.0000000000 6504.0000000000 7482.0000000000
5971.0000000000 6632.0000000000 6235.0000000000 6235.0000000000
6235.0000000000 6235.0000000000 6303.0000000000 5877.0000000000
6349.0000000000 5519.0000000000 6411.0000000000 4831.0000000000
1278.0000000000 929.0000000000 1377.0000000000 613.0000000000
1377.0000000000 613.0000000000 1922.0000000000 738.0000000000
7787.0000000000 2834.0000000000 7971.0000000000 2745.0000000000
1452.0000000000 362.0000000000 1082.0000000000 230.0000000000
1082.0000000000 230.0000000000 1131.0000000000 0.0000000000
