19 4
-1164.0000000000 0.0000000000 -673.0000000000 373.0000000000
-1805.0000000000 1128.0000000000 -1455.0000000000 1405.0000000000
-3743.0000000000 3743.0000000000 -3227.0000000000 4131.0000000000
-3227.0000000000 4131.0000000000 -2915.0000000000 3868.0000000000
-2915.0000000000 3868.0000000000 -2774.0000000000 3962.0000000000
-3669.0000000000 5440.0000000000 -3499.0000000000 5388.0000000000
-3499.0000000000 5388.0000000000 -3546.0000000000 5675.0000000000
-3546.0000000000 5675.0000000000 -3168.0000000000 5958.0000000000
-2232.0000000000 4577.0000000000 -2094.0000000000 4490.0000000000
-2094.0000000000 4490.0000000000 -1877.0000000000 4646.0000000000
-1403.0000000000 3655.0000000000 -1021.0000000000 3141.0000000000
-1021.0000000000 3141.0000000000 -663.0000000000 3409.0000000000
-663.0000000000 3409.0000000000 -558.0000000000 3162.0000000000
-558.0000000000 3162.0000000000 -553.0000000000 3493.0000000000
-198.0000000000 2264.0000000000 34.0000000000 1957.0000000000
165.0000000000 1883.0000000000 220.0000000000 2092.0000000000
220.0000000000 2092.0000000000 526.0000000000 2278.0000000000
590.0000000000 2200.0000000000 457.0000000000 1406.0000000000
457.0000000000 1406.0000000000 1454.0000000000 0.0000000000
