9 4
-974.0000000000 0.0000000000 -972.0000000000 816.0000000000
-972.0000000000 816.0000000000 -1094.0000000000 985.0000000000
-1094.0000000000 985.0000000000 -960.0000000000 895.0000000000
-1037.0000000000 1001.0000000000 -792.0000000000 1014.0000000000
-792.0000000000 1014.0000000000 -796.0000000000 1787.0000000000
-1225.0000000000 2886.0000000000 -1089.0000000000 2991.0000000000
-1089.0000000000 2991.0000000000 3772.0000000000 3055.0000000000
953.0000000000 745.0000000000 680.0000000000 476.0000000000
680.0000000000 476.0000000000 683.0000000000 0.0000000000
