45 4
-2199.0000000000 0.0000000000 -2328.0000000000 327.0000000000
-3712.0000000000 721.0000000000 -3334.0000000000 709.0000000000
-3334.0000000000 709.0000000000 -3743.0000000000 864.0000000000
-2972.0000000000 741.0000000000 -3362.0000000000 901.0000000000
-3362.0000000000 901.0000000000 -2914.0000000000 891.0000000000
-2914.0000000000 891.0000000000 -2832.0000000000 1261.0000000000
-2832.0000000000 1261.0000000000 -2889.0000000000 1668.0000000000
-2889.0000000000 1668.0000000000 -3344.0000000000 2009.0000000000
-3344.0000000000 2009.0000000000 -3371.0000000000 2274.0000000000
-3371.0000000000 2274.0000000000 -2849.0000000000 2391.0000000000
-3577.0000000000 3454.0000000000 -2804.0000000000 3463.0000000000
-2804.0000000000 3463.0000000000 -2884.0000000000 3691.0000000000
-3345.0000000000 4439.0000000000 -3293.0000000000 5270.0000000000
-3293.0000000000 5270.0000000000 -2802.0000000000 5270.0000000000
-3236.0000000000 6352.0000000000 -2896.0000000000 6211.0000000000
-2896.0000000000 6211.0000000000 -2804.0000000000 6606.0000000000
-1922.0000000000 4756.0000000000 -1722.0000000000 4732.0000000000
-1220.0000000000 4892.0000000000 -975.0000000000 5017.0000000000
-975.0000000000 5017.0000000000 -939.0000000000 5328.0000000000
-689.0000000000 4900.0000000000 -339.0000000000 4852.0000000000
-296.0000000000 5652.0000000000 -203.0000000000 5816.0000000000
-86.0000000000 4923.0000000000 83.0000000000 4729.0000000000
83.0000000000 4729.0000000000 248.0000000000 4724.0000000000
733.0000000000 6975.0000000000 1232.0000000000 6988.0000000000
1008.0000000000 5184.0000000000 1383.0000000000 5163.0000000000
1383.0000000000 5163.0000000000 1428.0000000000 4671.0000000000
2108.0000000000 6488.0000000000 2364.0000000000 6496.0000000000
1975.0000000000 4235.0000000000 2104.0000000000 3957.0000000000
2104.0000000000 3957.0000000000 2349.0000000000 4069.0000000000
2734.0000000000 4053.0000000000 2957.0000000000 4069.0000000000
3460.0000000000 4591.0000000000 3780.0000000000 4668.0000000000
3780.0000000000 4668.0000000000 3777.0000000000 4501.0000000000
3777.0000000000 4501.0000000000 3433.0000000000 3813.0000000000
3433.0000000000 3813.0000000000 3592.0000000000 3852.0000000000
3590.0000000000 3718.0000000000 3776.0000000000 3776.0000000000
3776.0000000000 3776.0000000000 3949.0000000000 3683.0000000000
6956.0000000000 6263.0000000000 7038.0000000000 6118.0000000000
7038.0000000000 6118.0000000000 7652.0000000000 6196.0000000000
4911.0000000000 3837.0000000000 6534.0000000000 3622.0000000000
6534.0000000000 3622.0000000000 6312.0000000000 3079.0000000000
6312.0000000000 3079.0000000000 6569.0000000000 3063.0000000000
6569.0000000000 3063.0000000000 6008.0000000000 2550.0000000000
6008.0000000000 2550.0000000000 6009.0000000000 1837.0000000000
3338.0000000000 529.0000000000 3312.0000000000 348.0000000000
3312.0000000000 348.0000000000 2828.0000000000 198.0000000000
