34 4
-4496.0000000000 0.0000000000 -4439.0000000000 155.0000000000
-4439.0000000000 155.0000000000 -4027.0000000000 211.0000000000
-4355.0000000000 381.0000000000 -4403.0000000000 619.0000000000
-4403.0000000000 619.0000000000 -5299.0000000000 934.0000000000
-5246.0000000000 1115.0000000000 -5103.0000000000 1560.0000000000
-5103.0000000000 1560.0000000000 -4762.0000000000 1547.0000000000
-4908.0000000000 2185.0000000000 -4837.0000000000 2359.0000000000
-4837.0000000000 2359.0000000000 -4461.0000000000 2273.0000000000
-4061.0000000000 3173.0000000000 -3849.0000000000 3117.0000000000
-3849.0000000000 3117.0000000000 -3792.0000000000 3297.0000000000
-3650.0000000000 3286.0000000000 -3739.0000000000 3486.0000000000
-2511.0000000000 3101.0000000000 -2729.0000000000 3492.0000000000
-2259.0000000000 3348.0000000000 -1850.0000000000 3204.0000000000
-1687.0000000000 3172.0000000000 -1232.0000000000 3050.0000000000
-1232.0000000000 3050.0000000000 -1171.0000000000 3218.0000000000
-2536.0000000000 7364.0000000000 -2190.0000000000 8172.0000000000
-1040.0000000000 4171.0000000000 -472.0000000000 5395.0000000000
-472.0000000000 5395.0000000000 -290.0000000000 5539.0000000000
-290.0000000000 5539.0000000000 -0.0000000000 5476.0000000000
-0.0000000000 5476.0000000000 101.0000000000 5785.0000000000
101.0000000000 5785.0000000000 281.0000000000 5368.0000000000
281.0000000000 5368.0000000000 465.0000000000 5318.0000000000
465.0000000000 5318.0000000000 509.0000000000 4842.0000000000
509.0000000000 4842.0000000000 2458.0000000000 4091.0000000000
2826.0000000000 4352.0000000000 3069.0000000000 4073.0000000000
3069.0000000000 4073.0000000000 3542.0000000000 4374.0000000000
1716.0000000000 1974.0000000000 1668.0000000000 1727.0000000000
1795.0000000000 1674.0000000000 1454.0000000000 1309.0000000000
1454.0000000000 1309.0000000000 2137.0000000000 1731.0000000000
2137.0000000000 1731.0000000000 2047.0000000000 1230.0000000000
2347.0000000000 1145.0000000000 2539.0000000000 1078.0000000000
8866.0000000000 2881.0000000000 8762.0000000000 2679.0000000000
8389.0000000000 2092.0000000000 8615.0000000000 1831.0000000000
8774.0000000000 1233.0000000000 8676.0000000000 1065.0000000000
