51 4
-3444.0000000000 484.0000000000 -3009.0000000000 477.0000000000
-3993.0000000000 1375.0000000000 -3916.0000000000 1582.0000000000
-3916.0000000000 1582.0000000000 -4068.0000000000 1811.0000000000
-3952.0000000000 2190.0000000000 -3765.0000000000 2262.0000000000
-3410.0000000000 2300.0000000000 -3575.0000000000 2503.0000000000
-2642.0000000000 1920.0000000000 -2661.0000000000 2079.0000000000
-2661.0000000000 2079.0000000000 -2340.0000000000 2034.0000000000
-2340.0000000000 2034.0000000000 -2354.0000000000 2274.0000000000
-2354.0000000000 2274.0000000000 -2208.0000000000 2208.0000000000
-2400.0000000000 2761.0000000000 -2828.0000000000 3492.0000000000
-2828.0000000000 3492.0000000000 -2755.0000000000 3656.0000000000
-2272.0000000000 3127.0000000000 -2059.0000000000 2940.0000000000
-2059.0000000000 2940.0000000000 -2120.0000000000 3392.0000000000
-2120.0000000000 3392.0000000000 -1846.0000000000 3197.0000000000
-1767.0000000000 3469.0000000000 -1687.0000000000 3618.0000000000
-1687.0000000000 3618.0000000000 -1491.0000000000 3348.0000000000
-1491.0000000000 3348.0000000000 -1281.0000000000 3520.0000000000
-1667.0000000000 5131.0000000000 -1200.0000000000 4480.0000000000
-1200.0000000000 4480.0000000000 -1090.0000000000 4722.0000000000
-889.0000000000 4574.0000000000 -881.0000000000 4996.0000000000
-881.0000000000 4996.0000000000 -758.0000000000 4785.0000000000
-758.0000000000 4785.0000000000 -728.0000000000 5179.0000000000
-728.0000000000 5179.0000000000 -547.0000000000 5204.0000000000
-547.0000000000 5204.0000000000 -472.0000000000 5397.0000000000
-472.0000000000 5397.0000000000 -357.0000000000 5101.0000000000
-188.0000000000 5388.0000000000 -0.0000000000 5589.0000000000
-0.0000000000 5589.0000000000 399.0000000000 4562.0000000000
399.0000000000 4562.0000000000 605.0000000000 4927.0000000000
605.0000000000 4927.0000000000 1158.0000000000 5016.0000000000
1158.0000000000 5016.0000000000 1305.0000000000 4870.0000000000
1305.0000000000 4870.0000000000 1788.0000000000 5504.0000000000
1788.0000000000 5504.0000000000 1961.0000000000 5108.0000000000
2539.0000000000 5981.0000000000 2574.0000000000 5782.0000000000
3080.0000000000 6316.0000000000 3878.0000000000 6454.0000000000
3878.0000000000 6454.0000000000 4018.0000000000 5957.0000000000
5047.0000000000 6698.0000000000 5122.0000000000 6105.0000000000
6017.0000000000 6683.0000000000 6780.0000000000 6780.0000000000
6780.0000000000 6780.0000000000 6931.0000000000 6241.0000000000
7951.0000000000 6912.0000000000 7975.0000000000 6692.0000000000
6547.0000000000 5302.0000000000 6545.0000000000 5114.0000000000
7541.0000000000 5682.0000000000 7780.0000000000 5652.0000000000
7780.0000000000 5652.0000000000 7590.0000000000 5315.0000000000
1819.0000000000 1137.0000000000 2003.0000000000 1204.0000000000
6830.0000000000 3786.0000000000 7126.0000000000 3789.0000000000
7126.0000000000 3789.0000000000 6786.0000000000 3164.0000000000
1896.0000000000 805.0000000000 2193.0000000000 886.0000000000
1743.0000000000 566.0000000000 1921.0000000000 587.0000000000
6936.0000000000 1989.0000000000 7129.0000000000 1910.0000000000
8813.0000000000 1396.0000000000 8270.0000000000 1162.0000000000
8270.0000000000 1162.0000000000 8859.0000000000 1088.0000000000
2656.0000000000 232.0000000000 1954.0000000000 68.0000000000
