20 4
-958.0000000000 0.0000000000 -806.0000000000 262.0000000000
-2036.0000000000 701.0000000000 -1903.0000000000 928.0000000000
-4783.0000000000 2437.0000000000 -4541.0000000000 2838.0000000000
-4541.0000000000 2838.0000000000 -4148.0000000000 2694.0000000000
-4148.0000000000 2694.0000000000 -4067.0000000000 2848.0000000000
-5259.0000000000 3821.0000000000 -5054.0000000000 4394.0000000000
-3949.0000000000 3682.0000000000 -3595.0000000000 3595.0000000000
-3595.0000000000 3595.0000000000 -3455.0000000000 3838.0000000000
-2584.0000000000 2972.0000000000 -2136.0000000000 2734.0000000000
-2136.0000000000 2734.0000000000 -1910.0000000000 3057.0000000000
-1910.0000000000 3057.0000000000 -1728.0000000000 2876.0000000000
-1728.0000000000 2876.0000000000 -1799.0000000000 3245.0000000000
-1076.0000000000 2207.0000000000 -723.0000000000 1987.0000000000
-723.0000000000 1987.0000000000 -466.0000000000 2395.0000000000
-399.0000000000 2264.0000000000 -391.0000000000 2469.0000000000
-143.0000000000 1631.0000000000 1314.0000000000 759.0000000000
1314.0000000000 759.0000000000 1332.0000000000 538.0000000000
1332.0000000000 538.0000000000 1042.0000000000 400.0000000000
1042.0000000000 400.0000000000 1629.0000000000 498.0000000000
938.0000000000 217.0000000000 864.0000000000 0.0000000000
