28 4
-2553.0000000000 0.0000000000 -2835.0000000000 500.0000000000
-2779.0000000000 642.0000000000 -3012.0000000000 1037.0000000000
-2934.0000000000 1068.0000000000 -3099.0000000000 1190.0000000000
-3099.0000000000 1190.0000000000 -2725.0000000000 1388.0000000000
-2725.0000000000 1388.0000000000 -2484.0000000000 1321.0000000000
-2484.0000000000 1321.0000000000 -2850.0000000000 1646.0000000000
-2850.0000000000 1646.0000000000 -1924.0000000000 1298.0000000000
-1924.0000000000 1298.0000000000 -1099.0000000000 1759.0000000000
-1099.0000000000 1759.0000000000 -1260.0000000000 2097.0000000000
-1260.0000000000 2097.0000000000 -1011.0000000000 1752.0000000000
-1011.0000000000 1752.0000000000 -0.0000000000 2237.0000000000
265.0000000000 3788.0000000000 368.0000000000 3505.0000000000
368.0000000000 3505.0000000000 449.0000000000 3659.0000000000
422.0000000000 3001.0000000000 602.0000000000 3413.0000000000
602.0000000000 3413.0000000000 654.0000000000 3075.0000000000
654.0000000000 3075.0000000000 808.0000000000 3241.0000000000
2472.0000000000 8621.0000000000 2666.0000000000 8721.0000000000
3557.0000000000 10947.0000000000 4446.0000000000 9534.0000000000
4152.0000000000 8512.0000000000 4410.0000000000 8655.0000000000
4410.0000000000 8655.0000000000 4787.0000000000 8637.0000000000
4479.0000000000 7759.0000000000 4642.0000000000 7428.0000000000
4812.0000000000 7134.0000000000 5012.0000000000 6898.0000000000
5069.0000000000 6488.0000000000 5393.0000000000 5783.0000000000
1073.0000000000 1073.0000000000 1226.0000000000 766.0000000000
1226.0000000000 766.0000000000 1621.0000000000 936.0000000000
1819.0000000000 927.0000000000 1018.0000000000 331.0000000000
1018.0000000000 331.0000000000 1167.0000000000 20.0000000000
1167.0000000000 20.0000000000 1577.0000000000 0.0000000000
