17 4
-1048.0000000000 0.0000000000 -582.0000000000 235.0000000000
-582.0000000000 235.0000000000 -743.0000000000 560.0000000000
-623.0000000000 645.0000000000 -845.0000000000 906.0000000000
-845.0000000000 906.0000000000 -617.0000000000 735.0000000000
-4260.0000000000 5452.0000000000 -3392.0000000000 5875.0000000000
-1792.0000000000 3233.0000000000 -1707.0000000000 3661.0000000000
-1707.0000000000 3661.0000000000 -1344.0000000000 3502.0000000000
-1209.0000000000 3510.0000000000 -1143.0000000000 3739.0000000000
-1197.0000000000 4465.0000000000 -880.0000000000 3811.0000000000
-750.0000000000 3858.0000000000 -673.0000000000 4252.0000000000
-673.0000000000 4252.0000000000 -567.0000000000 4031.0000000000
-567.0000000000 4031.0000000000 -443.0000000000 4214.0000000000
-443.0000000000 4214.0000000000 -72.0000000000 4096.0000000000
-72.0000000000 4096.0000000000 -0.0000000000 4247.0000000000
31.0000000000 1753.0000000000 202.0000000000 1435.0000000000
202.0000000000 1435.0000000000 205.0000000000 1054.0000000000
307.0000000000 1071.0000000000 830.0000000000 0.0000000000
