54 4
-7389.0000000000 0.0000000000 -7087.0000000000 124.0000000000
-7087.0000000000 124.0000000000 -7173.0000000000 376.0000000000
-7173.0000000000 376.0000000000 -6654.0000000000 465.0000000000
-7282.0000000000 637.0000000000 -7486.0000000000 1186.0000000000
-7486.0000000000 1186.0000000000 -7031.0000000000 1240.0000000000
-9557.0000000000 2206.0000000000 -7045.0000000000 3285.0000000000
-5925.0000000000 2890.0000000000 -5984.0000000000 3049.0000000000
-5984.0000000000 3049.0000000000 -5827.0000000000 3365.0000000000
-5827.0000000000 3365.0000000000 -4910.0000000000 3189.0000000000
-4910.0000000000 3189.0000000000 -4741.0000000000 3320.0000000000
-4741.0000000000 3320.0000000000 -4800.0000000000 3617.0000000000
-4800.0000000000 3617.0000000000 -4300.0000000000 3482.0000000000
-4226.0000000000 3546.0000000000 -4475.0000000000 3890.0000000000
-3888.0000000000 3626.0000000000 -3070.0000000000 3791.0000000000
-3004.0000000000 3845.0000000000 -3149.0000000000 4178.0000000000
-3149.0000000000 4178.0000000000 -2814.0000000000 3873.0000000000
-2782.0000000000 3973.0000000000 -2466.0000000000 3798.0000000000
-2466.0000000000 3798.0000000000 -2368.0000000000 3941.0000000000
-2368.0000000000 3941.0000000000 -2404.0000000000 4337.0000000000
-2404.0000000000 4337.0000000000 -2210.0000000000 4337.0000000000
-2086.0000000000 4686.0000000000 -1732.0000000000 4760.0000000000
-1732.0000000000 4760.0000000000 -1832.0000000000 5319.0000000000
-1832.0000000000 5319.0000000000 -1437.0000000000 5011.0000000000
-1437.0000000000 5011.0000000000 -1243.0000000000 5383.0000000000
-1243.0000000000 5383.0000000000 -1056.0000000000 5433.0000000000
-843.0000000000 4781.0000000000 -524.0000000000 4987.0000000000
-524.0000000000 4987.0000000000 -304.0000000000 5803.0000000000
-0.0000000000 4908.0000000000 166.0000000000 4748.0000000000
330.0000000000 4715.0000000000 651.0000000000 4634.0000000000
975.0000000000 6156.0000000000 1174.0000000000 6039.0000000000
1174.0000000000 6039.0000000000 1174.0000000000 5525.0000000000
1174.0000000000 5525.0000000000 1387.0000000000 6007.0000000000
1301.0000000000 5216.0000000000 1486.0000000000 5181.0000000000
1848.0000000000 6046.0000000000 2063.0000000000 5991.0000000000
2063.0000000000 5991.0000000000 2347.0000000000 6115.0000000000
2347.0000000000 6115.0000000000 2650.0000000000 6560.0000000000
1988.0000000000 4684.0000000000 2269.0000000000 4652.0000000000
2269.0000000000 4652.0000000000 2467.0000000000 4843.0000000000
3300.0000000000 6206.0000000000 3258.0000000000 5877.0000000000
3258.0000000000 5877.0000000000 3529.0000000000 5872.0000000000
2974.0000000000 4759.0000000000 3234.0000000000 4618.0000000000
4507.0000000000 5565.0000000000 4400.0000000000 5244.0000000000
4785.0000000000 4309.0000000000 4670.0000000000 4060.0000000000
6311.0000000000 4756.0000000000 6130.0000000000 4454.0000000000
6130.0000000000 4454.0000000000 6657.0000000000 3844.0000000000
6657.0000000000 3844.0000000000 6846.0000000000 3795.0000000000
6846.0000000000 3795.0000000000 6807.0000000000 3619.0000000000
6807.0000000000 3619.0000000000 6974.0000000000 3401.0000000000
6974.0000000000 3401.0000000000 7207.0000000000 3361.0000000000
6503.0000000000 2895.0000000000 6286.0000000000 2668.0000000000
6286.0000000000 2668.0000000000 6848.0000000000 2767.0000000000
6848.0000000000 2767.0000000000 6949.0000000000 2529.0000000000
1191.0000000000 387.0000000000 1233.0000000000 65.0000000000
1233.0000000000 65.0000000000 1619.0000000000 0.0000000000
