54 4
-6357.0000000000 0.0000000000 -6290.0000000000 220.0000000000
-5770.0000000000 403.0000000000 -5547.0000000000 681.0000000000
-5417.0000000000 858.0000000000 -5247.0000000000 925.0000000000
-5247.0000000000 925.0000000000 -5079.0000000000 1266.0000000000
-4473.0000000000 1453.0000000000 -4830.0000000000 1663.0000000000
-4223.0000000000 1537.0000000000 -4530.0000000000 1739.0000000000
-4530.0000000000 1739.0000000000 -4316.0000000000 2013.0000000000
-4316.0000000000 2013.0000000000 -3825.0000000000 1866.0000000000
-3825.0000000000 1866.0000000000 -4360.0000000000 2318.0000000000
-4360.0000000000 2318.0000000000 -4136.0000000000 2293.0000000000
-4136.0000000000 2293.0000000000 -3945.0000000000 2465.0000000000
-4395.0000000000 3434.0000000000 -4265.0000000000 3579.0000000000
-2754.0000000000 2659.0000000000 -2959.0000000000 2959.0000000000
-2959.0000000000 2959.0000000000 -2648.0000000000 2742.0000000000
-2648.0000000000 2742.0000000000 -2761.0000000000 3177.0000000000
-2761.0000000000 3177.0000000000 -2227.0000000000 2851.0000000000
-2227.0000000000 2851.0000000000 -2557.0000000000 3520.0000000000
-2557.0000000000 3520.0000000000 -2158.0000000000 3082.0000000000
-2158.0000000000 3082.0000000000 -2104.0000000000 3241.0000000000
-2104.0000000000 3241.0000000000 -1696.0000000000 2938.0000000000
-1696.0000000000 2938.0000000000 -1704.0000000000 3205.0000000000
-1704.0000000000 3205.0000000000 -1441.0000000000 2955.0000000000
-1441.0000000000 2955.0000000000 -1466.0000000000 3144.0000000000
-1466.0000000000 3144.0000000000 -1287.0000000000 2891.0000000000
-1287.0000000000 2891.0000000000 -1168.0000000000 3043.0000000000
-1168.0000000000 3043.0000000000 -1018.0000000000 2796.0000000000
-1018.0000000000 2796.0000000000 -1039.0000000000 3400.0000000000
-1039.0000000000 3400.0000000000 -807.0000000000 3235.0000000000
-807.0000000000 3235.0000000000 -662.0000000000 3404.0000000000
-667.0000000000 4212.0000000000 -452.0000000000 3681.0000000000
-330.0000000000 3774.0000000000 -181.0000000000 3446.0000000000
-181.0000000000 3446.0000000000 -129.0000000000 3685.0000000000
-0.0000000000 3655.0000000000 68.0000000000 3874.0000000000
68.0000000000 3874.0000000000 277.0000000000 3958.0000000000
742.0000000000 8483.0000000000 1259.0000000000 8957.0000000000
1259.0000000000 8957.0000000000 1396.0000000000 8813.0000000000
844.0000000000 4788.0000000000 1892.0000000000 5824.0000000000
1892.0000000000 5824.0000000000 2161.0000000000 5629.0000000000
2292.0000000000 5673.0000000000 2292.0000000000 5401.0000000000
2292.0000000000 5401.0000000000 2580.0000000000 5289.0000000000
2580.0000000000 5289.0000000000 2456.0000000000 4819.0000000000
2456.0000000000 4819.0000000000 4015.0000000000 3369.0000000000
4408.0000000000 3444.0000000000 4445.0000000000 3229.0000000000
2491.0000000000 1744.0000000000 2340.0000000000 1462.0000000000
2340.0000000000 1462.0000000000 1930.0000000000 1160.0000000000
1930.0000000000 1160.0000000000 2440.0000000000 1409.0000000000
2440.0000000000 1409.0000000000 2574.0000000000 1312.0000000000
2574.0000000000 1312.0000000000 2814.0000000000 1373.0000000000
2814.0000000000 1373.0000000000 2331.0000000000 895.0000000000
2435.0000000000 791.0000000000 2617.0000000000 800.0000000000
1974.0000000000 566.0000000000 2779.0000000000 693.0000000000
2779.0000000000 693.0000000000 3027.0000000000 479.0000000000
3027.0000000000 479.0000000000 2758.0000000000 388.0000000000
1501.0000000000 79.0000000000 1782.0000000000 62.0000000000
