41 4
-5597.0000000000 195.0000000000 -5535.0000000000 582.0000000000
-5511.0000000000 774.0000000000 -5038.0000000000 798.0000000000
-5038.0000000000 798.0000000000 -5011.0000000000 974.0000000000
-4953.0000000000 1235.0000000000 -4930.0000000000 1414.0000000000
-4880.0000000000 1680.0000000000 -4600.0000000000 1858.0000000000
-3138.0000000000 1332.0000000000 -3488.0000000000 1553.0000000000
-3006.0000000000 1598.0000000000 -2702.0000000000 1498.0000000000
-3002.0000000000 1804.0000000000 -3253.0000000000 2033.0000000000
-3253.0000000000 2033.0000000000 -3053.0000000000 2060.0000000000
-3053.0000000000 2060.0000000000 -3162.0000000000 2214.0000000000
-3162.0000000000 2214.0000000000 -2612.0000000000 1969.0000000000
-2612.0000000000 1969.0000000000 -2745.0000000000 2144.0000000000
-2745.0000000000 2144.0000000000 -2034.0000000000 2034.0000000000
-2034.0000000000 2034.0000000000 -1992.0000000000 2212.0000000000
-4739.0000000000 5451.0000000000 -4711.0000000000 5614.0000000000
-4711.0000000000 5614.0000000000 -4024.0000000000 5539.0000000000
-4024.0000000000 5539.0000000000 -3910.0000000000 5797.0000000000
-3910.0000000000 5797.0000000000 -3953.0000000000 6087.0000000000
-1978.0000000000 3165.0000000000 -1800.0000000000 4042.0000000000
-1800.0000000000 4042.0000000000 -1540.0000000000 4473.0000000000
-1540.0000000000 4473.0000000000 -1544.0000000000 4753.0000000000
-1544.0000000000 4753.0000000000 -1160.0000000000 4652.0000000000
-1160.0000000000 4652.0000000000 -1016.0000000000 4402.0000000000
-1016.0000000000 4402.0000000000 -1040.0000000000 4894.0000000000
-1040.0000000000 4894.0000000000 -890.0000000000 4578.0000000000
-890.0000000000 4578.0000000000 -719.0000000000 4540.0000000000
-719.0000000000 4540.0000000000 -572.0000000000 4072.0000000000
-572.0000000000 4072.0000000000 1541.0000000000 3630.0000000000
1920.0000000000 4312.0000000000 1818.0000000000 3899.0000000000
1818.0000000000 3899.0000000000 1979.0000000000 3722.0000000000
2128.0000000000 3686.0000000000 2460.0000000000 4095.0000000000
2460.0000000000 4095.0000000000 2516.0000000000 3874.0000000000
2516.0000000000 3874.0000000000 2703.0000000000 4007.0000000000
1050.0000000000 1445.0000000000 1037.0000000000 1152.0000000000
1037.0000000000 1152.0000000000 1324.0000000000 1111.0000000000
1324.0000000000 1111.0000000000 1501.0000000000 1215.0000000000
1501.0000000000 1215.0000000000 1432.0000000000 761.0000000000
1540.0000000000 718.0000000000 1244.0000000000 554.0000000000
1244.0000000000 554.0000000000 1648.0000000000 699.0000000000
1648.0000000000 699.0000000000 1942.0000000000 631.0000000000
8774.0000000000 768.0000000000 8969.0000000000 627.0000000000
