51 4
-3970.0000000000 0.0000000000 -4442.0000000000 155.0000000000
-4442.0000000000 155.0000000000 -4418.0000000000 387.0000000000
-4427.0000000000 701.0000000000 -4708.0000000000 1001.0000000000
-4708.0000000000 1001.0000000000 -4467.0000000000 1031.0000000000
-4467.0000000000 1031.0000000000 -4496.0000000000 1205.0000000000
-3226.0000000000 925.0000000000 -2991.0000000000 915.0000000000
-4429.0000000000 1525.0000000000 -4477.0000000000 1809.0000000000
-4477.0000000000 1809.0000000000 -4305.0000000000 1827.0000000000
-4254.0000000000 1984.0000000000 -3054.0000000000 1624.0000000000
-3861.0000000000 2413.0000000000 -3996.0000000000 2595.0000000000
-3996.0000000000 2595.0000000000 -3294.0000000000 2306.0000000000
-3507.0000000000 3507.0000000000 -3375.0000000000 3619.0000000000
-2688.0000000000 2985.0000000000 -2966.0000000000 3412.0000000000
-2966.0000000000 3412.0000000000 -2689.0000000000 3205.0000000000
-2689.0000000000 3205.0000000000 -2672.0000000000 3420.0000000000
-2963.0000000000 4232.0000000000 -2696.0000000000 3998.0000000000
-2696.0000000000 3998.0000000000 -2445.0000000000 4070.0000000000
-2383.0000000000 4300.0000000000 -2081.0000000000 3913.0000000000
-2081.0000000000 3913.0000000000 -2237.0000000000 4391.0000000000
-2237.0000000000 4391.0000000000 -1920.0000000000 4117.0000000000
-1920.0000000000 4117.0000000000 -1655.0000000000 4311.0000000000
-1655.0000000000 4311.0000000000 -1490.0000000000 4093.0000000000
-1490.0000000000 4093.0000000000 -1536.0000000000 4460.0000000000
-1536.0000000000 4460.0000000000 -1426.0000000000 4663.0000000000
-1426.0000000000 4663.0000000000 -1306.0000000000 4553.0000000000
-1306.0000000000 4553.0000000000 -1145.0000000000 4593.0000000000
-1145.0000000000 4593.0000000000 -813.0000000000 4182.0000000000
-813.0000000000 4182.0000000000 -163.0000000000 4658.0000000000
-163.0000000000 4658.0000000000 -0.0000000000 4633.0000000000
-0.0000000000 4633.0000000000 366.0000000000 5237.0000000000
366.0000000000 5237.0000000000 619.0000000000 5044.0000000000
619.0000000000 5044.0000000000 743.0000000000 5288.0000000000
951.0000000000 6003.0000000000 1030.0000000000 5841.0000000000
1373.0000000000 6460.0000000000 2214.0000000000 6815.0000000000
2214.0000000000 6815.0000000000 2421.0000000000 6306.0000000000
3238.0000000000 7274.0000000000 3540.0000000000 6658.0000000000
4127.0000000000 7446.0000000000 5013.0000000000 7719.0000000000
5013.0000000000 7719.0000000000 5261.0000000000 7241.0000000000
6054.0000000000 8034.0000000000 6081.0000000000 7783.0000000000
5005.0000000000 6181.0000000000 5058.0000000000 6028.0000000000
5925.0000000000 6816.0000000000 6293.0000000000 6989.0000000000
6293.0000000000 6989.0000000000 6062.0000000000 6500.0000000000
5397.0000000000 5589.0000000000 5623.0000000000 5430.0000000000
5689.0000000000 4445.0000000000 5726.0000000000 4160.0000000000
7317.0000000000 5124.0000000000 7416.0000000000 4816.0000000000
6427.0000000000 3417.0000000000 6057.0000000000 3086.0000000000
6191.0000000000 1775.0000000000 6026.0000000000 1502.0000000000
6026.0000000000 1502.0000000000 6416.0000000000 1481.0000000000
6416.0000000000 1481.0000000000 6267.0000000000 1332.0000000000
2299.0000000000 447.0000000000 2790.0000000000 442.0000000000
6308.0000000000 663.0000000000 5944.0000000000 520.0000000000
