28 4
-2380.0000000000 0.0000000000 -2319.0000000000 162.0000000000
-2319.0000000000 162.0000000000 -2791.0000000000 293.0000000000
-2791.0000000000 293.0000000000 -3264.0000000000 575.0000000000
-3264.0000000000 575.0000000000 -3030.0000000000 589.0000000000
-3030.0000000000 589.0000000000 -3532.0000000000 751.0000000000
-3532.0000000000 751.0000000000 -4616.0000000000 1411.0000000000
-5897.0000000000 2031.0000000000 -6648.0000000000 2686.0000000000
-6648.0000000000 2686.0000000000 -5635.0000000000 4403.0000000000
-4671.0000000000 3782.0000000000 -3569.0000000000 3213.0000000000
-2852.0000000000 2660.0000000000 -2827.0000000000 2927.0000000000
-2827.0000000000 2927.0000000000 -2063.0000000000 2374.0000000000
-2063.0000000000 2374.0000000000 -1807.0000000000 2398.0000000000
-1807.0000000000 2398.0000000000 -1640.0000000000 2257.0000000000
-1640.0000000000 2257.0000000000 -1505.0000000000 2505.0000000000
-910.0000000000 1577.0000000000 -0.0000000000 3225.0000000000
294.0000000000 5603.0000000000 511.0000000000 4865.0000000000
511.0000000000 4865.0000000000 660.0000000000 4698.0000000000
660.0000000000 4698.0000000000 935.0000000000 5300.0000000000
815.0000000000 4193.0000000000 1677.0000000000 3767.0000000000
661.0000000000 1418.0000000000 517.0000000000 933.0000000000
517.0000000000 933.0000000000 1036.0000000000 699.0000000000
1036.0000000000 699.0000000000 1238.0000000000 804.0000000000
1238.0000000000 804.0000000000 1104.0000000000 562.0000000000
1104.0000000000 562.0000000000 1403.0000000000 402.0000000000
1403.0000000000 402.0000000000 1951.0000000000 523.0000000000
1890.0000000000 402.0000000000 2123.0000000000 374.0000000000
2082.0000000000 293.0000000000 2307.0000000000 161.0000000000
2248.0000000000 78.0000000000 2647.0000000000 0.0000000000
