43 4
-1840.0000000000 32.0000000000 -2012.0000000000 70.0000000000
-2012.0000000000 70.0000000000 -2001.0000000000 389.0000000000
-2001.0000000000 389.0000000000 -2395.0000000000 509.0000000000
-2395.0000000000 509.0000000000 -1553.0000000000 445.0000000000
-1553.0000000000 445.0000000000 -1429.0000000000 1829.0000000000
-1810.0000000000 3710.0000000000 -1565.0000000000 3356.0000000000
-4382.0000000000 9843.0000000000 -4260.0000000000 10035.0000000000
-4260.0000000000 10035.0000000000 -3971.0000000000 9828.0000000000
-3534.0000000000 9206.0000000000 -3358.0000000000 9225.0000000000
-3010.0000000000 9264.0000000000 -2671.0000000000 9317.0000000000
-2279.0000000000 9141.0000000000 -1948.0000000000 9166.0000000000
-1948.0000000000 9166.0000000000 -1590.0000000000 9015.0000000000
-1590.0000000000 9015.0000000000 -1316.0000000000 9365.0000000000
-926.0000000000 8810.0000000000 -780.0000000000 8912.0000000000
-164.0000000000 9389.0000000000 -0.0000000000 9342.0000000000
-0.0000000000 9342.0000000000 169.0000000000 9666.0000000000
169.0000000000 9666.0000000000 676.0000000000 9662.0000000000
253.0000000000 2887.0000000000 553.0000000000 2845.0000000000
762.0000000000 3584.0000000000 732.0000000000 2937.0000000000
831.0000000000 2899.0000000000 882.0000000000 2424.0000000000
882.0000000000 2424.0000000000 1181.0000000000 2421.0000000000
1181.0000000000 2421.0000000000 1692.0000000000 3052.0000000000
1819.0000000000 2598.0000000000 2174.0000000000 2992.0000000000
2203.0000000000 2721.0000000000 2071.0000000000 2468.0000000000
2071.0000000000 2468.0000000000 2379.0000000000 2551.0000000000
2379.0000000000 2551.0000000000 2316.0000000000 2398.0000000000
2316.0000000000 2398.0000000000 2570.0000000000 2482.0000000000
2577.0000000000 2403.0000000000 3171.0000000000 2756.0000000000
7113.0000000000 5968.0000000000 6795.0000000000 5502.0000000000
6795.0000000000 5502.0000000000 7240.0000000000 5657.0000000000
7240.0000000000 5657.0000000000 7370.0000000000 4971.0000000000
6641.0000000000 4150.0000000000 7151.0000000000 4129.0000000000
7151.0000000000 4129.0000000000 7276.0000000000 3393.0000000000
7276.0000000000 3393.0000000000 7341.0000000000 2966.0000000000
7341.0000000000 2966.0000000000 6852.0000000000 2494.0000000000
6852.0000000000 2494.0000000000 7847.0000000000 2550.0000000000
7847.0000000000 2550.0000000000 7566.0000000000 2313.0000000000
7566.0000000000 2313.0000000000 7651.0000000000 2050.0000000000
7651.0000000000 2050.0000000000 7393.0000000000 1843.0000000000
7393.0000000000 1843.0000000000 7936.0000000000 1687.0000000000
7936.0000000000 1687.0000000000 7839.0000000000 548.0000000000
7839.0000000000 548.0000000000 7317.0000000000 383.0000000000
8257.0000000000 288.0000000000 8246.0000000000 0.0000000000
