14 4
-735.0000000000 90.0000000000 -1064.0000000000 188.0000000000
-1064.0000000000 188.0000000000 -1101.0000000000 401.0000000000
-3732.0000000000 1433.0000000000 -3714.0000000000 1732.0000000000
-3714.0000000000 1732.0000000000 -3510.0000000000 1866.0000000000
-3510.0000000000 1866.0000000000 -3650.0000000000 2023.0000000000
-4235.0000000000 2545.0000000000 -3513.0000000000 2369.0000000000
-3513.0000000000 2369.0000000000 -3870.0000000000 2710.0000000000
-3870.0000000000 2710.0000000000 -3550.0000000000 2675.0000000000
-3571.0000000000 2790.0000000000 -4000.0000000000 3356.0000000000
-3560.0000000000 3560.0000000000 -3272.0000000000 3508.0000000000
-1399.0000000000 1554.0000000000 -1019.0000000000 1456.0000000000
-1019.0000000000 1456.0000000000 -830.0000000000 1230.0000000000
-751.0000000000 1302.0000000000 -295.0000000000 1183.0000000000
-295.0000000000 1183.0000000000 3736.0000000000 0.0000000000
