53 4
-3224.0000000000 0.0000000000 -3397.0000000000 297.0000000000
-4200.0000000000 516.0000000000 -3642.0000000000 512.0000000000
-3642.0000000000 512.0000000000 -3788.0000000000 944.0000000000
-3788.0000000000 944.0000000000 -4149.0000000000 1112.0000000000
-4149.0000000000 1112.0000000000 -3780.0000000000 1302.0000000000
-3780.0000000000 1302.0000000000 -4435.0000000000 2992.0000000000
-5364.0000000000 3756.0000000000 -5144.0000000000 3876.0000000000
-5144.0000000000 3876.0000000000 -4777.0000000000 3868.0000000000
-3891.0000000000 3628.0000000000 -4299.0000000000 4299.0000000000
-4159.0000000000 4460.0000000000 -3997.0000000000 4598.0000000000
-3997.0000000000 4598.0000000000 -2975.0000000000 3808.0000000000
-2975.0000000000 3808.0000000000 -3200.0000000000 4246.0000000000
-3200.0000000000 4246.0000000000 -2856.0000000000 4079.0000000000
-2856.0000000000 4079.0000000000 -2992.0000000000 4435.0000000000
-2992.0000000000 4435.0000000000 -2650.0000000000 4080.0000000000
-2650.0000000000 4080.0000000000 -2461.0000000000 4096.0000000000
-2344.0000000000 4408.0000000000 -1876.0000000000 3847.0000000000
-1876.0000000000 3847.0000000000 -1912.0000000000 4101.0000000000
-1912.0000000000 4101.0000000000 -1554.0000000000 3660.0000000000
-1554.0000000000 3660.0000000000 -1679.0000000000 4156.0000000000
-1679.0000000000 4156.0000000000 -1410.0000000000 3674.0000000000
-1410.0000000000 3674.0000000000 -1457.0000000000 4003.0000000000
-1807.0000000000 5912.0000000000 -1607.0000000000 5998.0000000000
-964.0000000000 4534.0000000000 -774.0000000000 4390.0000000000
-774.0000000000 4390.0000000000 -554.0000000000 4509.0000000000
-554.0000000000 4509.0000000000 -283.0000000000 4050.0000000000
-283.0000000000 4050.0000000000 -230.0000000000 4383.0000000000
-230.0000000000 4383.0000000000 -78.0000000000 4463.0000000000
-78.0000000000 4463.0000000000 144.0000000000 4130.0000000000
144.0000000000 4130.0000000000 310.0000000000 4437.0000000000
310.0000000000 4437.0000000000 453.0000000000 4307.0000000000
453.0000000000 4307.0000000000 465.0000000000 3790.0000000000
465.0000000000 3790.0000000000 686.0000000000 3892.0000000000
686.0000000000 3892.0000000000 710.0000000000 3652.0000000000
710.0000000000 3652.0000000000 977.0000000000 4232.0000000000
1067.0000000000 4280.0000000000 1134.0000000000 3955.0000000000
1134.0000000000 3955.0000000000 1344.0000000000 4136.0000000000
1602.0000000000 4173.0000000000 1726.0000000000 3877.0000000000
1726.0000000000 3877.0000000000 1894.0000000000 4061.0000000000
2019.0000000000 3963.0000000000 2185.0000000000 4110.0000000000
2185.0000000000 4110.0000000000 2353.0000000000 4076.0000000000
4650.0000000000 7739.0000000000 5419.0000000000 8033.0000000000
3319.0000000000 4568.0000000000 4586.0000000000 4918.0000000000
4586.0000000000 4918.0000000000 4758.0000000000 4927.0000000000
4758.0000000000 4927.0000000000 4847.0000000000 4681.0000000000
4847.0000000000 4681.0000000000 5311.0000000000 4782.0000000000
5311.0000000000 4782.0000000000 4720.0000000000 3822.0000000000
4720.0000000000 3822.0000000000 5022.0000000000 2900.0000000000
5113.0000000000 2719.0000000000 5357.0000000000 1950.0000000000
2452.0000000000 844.0000000000 2085.0000000000 677.0000000000
3086.0000000000 827.0000000000 3160.0000000000 672.0000000000
3160.0000000000 672.0000000000 2623.0000000000 510.0000000000
2581.0000000000 317.0000000000 2943.0000000000 257.0000000000
