49 4
-4596.0000000000 0.0000000000 -4828.0000000000 253.0000000000
-4828.0000000000 253.0000000000 -4481.0000000000 313.0000000000
-3536.0000000000 2476.0000000000 -3676.0000000000 2671.0000000000
-4201.0000000000 3166.0000000000 -3684.0000000000 3091.0000000000
-3684.0000000000 3091.0000000000 -3550.0000000000 3196.0000000000
-3550.0000000000 3196.0000000000 -3619.0000000000 3375.0000000000
-3619.0000000000 3375.0000000000 -3401.0000000000 3401.0000000000
-3401.0000000000 3401.0000000000 -3375.0000000000 3619.0000000000
-3763.0000000000 4179.0000000000 -3097.0000000000 3964.0000000000
-3097.0000000000 3964.0000000000 -3188.0000000000 4553.0000000000
-3188.0000000000 4553.0000000000 -2883.0000000000 4614.0000000000
-2777.0000000000 5011.0000000000 -2539.0000000000 5205.0000000000
-2895.0000000000 6208.0000000000 -2665.0000000000 6278.0000000000
-2665.0000000000 6278.0000000000 -2489.0000000000 6161.0000000000
-2864.0000000000 7868.0000000000 -2889.0000000000 8390.0000000000
-2116.0000000000 6512.0000000000 -1935.0000000000 6748.0000000000
-1611.0000000000 7580.0000000000 -1548.0000000000 7963.0000000000
-1539.0000000000 8729.0000000000 -1338.0000000000 8446.0000000000
-1417.0000000000 10086.0000000000 -1218.0000000000 9918.0000000000
-1218.0000000000 9918.0000000000 -868.0000000000 9916.0000000000
-630.0000000000 9012.0000000000 -465.0000000000 8874.0000000000
-362.0000000000 10368.0000000000 -0.0000000000 10503.0000000000
173.0000000000 9896.0000000000 341.0000000000 9774.0000000000
1231.0000000000 10026.0000000000 1461.0000000000 10394.0000000000
1461.0000000000 10394.0000000000 2673.0000000000 10720.0000000000
2673.0000000000 10720.0000000000 2971.0000000000 11087.0000000000
3434.0000000000 11233.0000000000 3630.0000000000 11171.0000000000
1662.0000000000 4826.0000000000 1632.0000000000 4252.0000000000
1632.0000000000 4252.0000000000 1947.0000000000 4175.0000000000
1947.0000000000 4175.0000000000 2147.0000000000 4402.0000000000
2147.0000000000 4402.0000000000 2106.0000000000 3648.0000000000
2106.0000000000 3648.0000000000 2438.0000000000 3614.0000000000
2438.0000000000 3614.0000000000 2665.0000000000 3806.0000000000
2650.0000000000 3647.0000000000 3009.0000000000 3586.0000000000
7768.0000000000 8936.0000000000 7580.0000000000 8418.0000000000
7580.0000000000 8418.0000000000 8062.0000000000 8645.0000000000
8547.0000000000 8254.0000000000 8673.0000000000 8088.0000000000
8673.0000000000 8088.0000000000 8591.0000000000 7736.0000000000
7586.0000000000 6594.0000000000 7855.0000000000 6591.0000000000
7855.0000000000 6591.0000000000 7602.0000000000 6156.0000000000
6931.0000000000 5415.0000000000 6891.0000000000 5192.0000000000
6631.0000000000 4306.0000000000 6555.0000000000 4096.0000000000
3322.0000000000 1996.0000000000 3308.0000000000 1686.0000000000
3308.0000000000 1686.0000000000 3070.0000000000 1497.0000000000
3070.0000000000 1497.0000000000 3292.0000000000 1535.0000000000
3254.0000000000 811.0000000000 3549.0000000000 819.0000000000
3532.0000000000 687.0000000000 3023.0000000000 533.0000000000
3023.0000000000 533.0000000000 3553.0000000000 563.0000000000
2636.0000000000 277.0000000000 2672.0000000000 0.0000000000
