36 4
-2239.0000000000 0.0000000000 -1933.0000000000 1456.0000000000
-2466.0000000000 1927.0000000000 -2392.0000000000 2154.0000000000
-2392.0000000000 2154.0000000000 -2533.0000000000 2362.0000000000
-2533.0000000000 2362.0000000000 -2195.0000000000 2273.0000000000
-2195.0000000000 2273.0000000000 -2533.0000000000 2716.0000000000
-2533.0000000000 2716.0000000000 -2161.0000000000 3744.0000000000
-2161.0000000000 3744.0000000000 -1658.0000000000 3555.0000000000
-1859.0000000000 4842.0000000000 -1134.0000000000 4548.0000000000
-1300.0000000000 5629.0000000000 -1043.0000000000 6588.0000000000
-1035.0000000000 7368.0000000000 -932.0000000000 7587.0000000000
-932.0000000000 7587.0000000000 -760.0000000000 7230.0000000000
-760.0000000000 7230.0000000000 -521.0000000000 7445.0000000000
-521.0000000000 7445.0000000000 -256.0000000000 7326.0000000000
-256.0000000000 7326.0000000000 138.0000000000 7890.0000000000
187.0000000000 5351.0000000000 367.0000000000 5248.0000000000
851.0000000000 5370.0000000000 1002.0000000000 5153.0000000000
1002.0000000000 5153.0000000000 1199.0000000000 5192.0000000000
1408.0000000000 5255.0000000000 1414.0000000000 4931.0000000000
1414.0000000000 4931.0000000000 1653.0000000000 4799.0000000000
1999.0000000000 4948.0000000000 1963.0000000000 4624.0000000000
1963.0000000000 4624.0000000000 2174.0000000000 4457.0000000000
3076.0000000000 4561.0000000000 3316.0000000000 4400.0000000000
3316.0000000000 4400.0000000000 3228.0000000000 3987.0000000000
3839.0000000000 4575.0000000000 4052.0000000000 4662.0000000000
3556.0000000000 3316.0000000000 3653.0000000000 2958.0000000000
4216.0000000000 2843.0000000000 4453.0000000000 2783.0000000000
5104.0000000000 3067.0000000000 5391.0000000000 2988.0000000000
5391.0000000000 2988.0000000000 4993.0000000000 2544.0000000000
4993.0000000000 2544.0000000000 4997.0000000000 2121.0000000000
9088.0000000000 3489.0000000000 8892.0000000000 3062.0000000000
8892.0000000000 3062.0000000000 9442.0000000000 2887.0000000000
6067.0000000000 1740.0000000000 7452.0000000000 915.0000000000
7452.0000000000 915.0000000000 7278.0000000000 637.0000000000
7278.0000000000 637.0000000000 7014.0000000000 490.0000000000
7014.0000000000 490.0000000000 7166.0000000000 376.0000000000
7086.0000000000 247.0000000000 6562.0000000000 115.0000000000
