34 4
-1759.0000000000 0.0000000000 -1419.0000000000 328.0000000000
-1318.0000000000 403.0000000000 -841.0000000000 812.0000000000
-841.0000000000 812.0000000000 -867.0000000000 1033.0000000000
-867.0000000000 1033.0000000000 -707.0000000000 905.0000000000
-707.0000000000 905.0000000000 -516.0000000000 1059.0000000000
-1032.0000000000 2836.0000000000 -880.0000000000 2709.0000000000
-880.0000000000 2709.0000000000 -696.0000000000 2793.0000000000
-696.0000000000 2793.0000000000 -585.0000000000 2532.0000000000
-2341.0000000000 11014.0000000000 -2116.0000000000 10888.0000000000
-1330.0000000000 8395.0000000000 -1154.0000000000 8211.0000000000
-702.0000000000 8026.0000000000 -529.0000000000 7563.0000000000
146.0000000000 8363.0000000000 273.0000000000 7811.0000000000
273.0000000000 7811.0000000000 416.0000000000 7929.0000000000
725.0000000000 10363.0000000000 1954.0000000000 9192.0000000000
1876.0000000000 8126.0000000000 2240.0000000000 8361.0000000000
2240.0000000000 8361.0000000000 2554.0000000000 8355.0000000000
2412.0000000000 7422.0000000000 3162.0000000000 6781.0000000000
3312.0000000000 6500.0000000000 3768.0000000000 5802.0000000000
4335.0000000000 6428.0000000000 4150.0000000000 5927.0000000000
4304.0000000000 5711.0000000000 4069.0000000000 5208.0000000000
5000.0000000000 5178.0000000000 5135.0000000000 4958.0000000000
5135.0000000000 4958.0000000000 5648.0000000000 5085.0000000000
5648.0000000000 5085.0000000000 5642.0000000000 4905.0000000000
5642.0000000000 4905.0000000000 5811.0000000000 4706.0000000000
5811.0000000000 4706.0000000000 6082.0000000000 4583.0000000000
6082.0000000000 4583.0000000000 5772.0000000000 4193.0000000000
5772.0000000000 4193.0000000000 5889.0000000000 3973.0000000000
5889.0000000000 3973.0000000000 6382.0000000000 4145.0000000000
6382.0000000000 4145.0000000000 6536.0000000000 4084.0000000000
6700.0000000000 3869.0000000000 6646.0000000000 3684.0000000000
6646.0000000000 3684.0000000000 6810.0000000000 3621.0000000000
1391.0000000000 679.0000000000 1258.0000000000 433.0000000000
1258.0000000000 433.0000000000 808.0000000000 157.0000000000
808.0000000000 157.0000000000 894.0000000000 0.0000000000
