45 4
-5877.0000000000 0.0000000000 -5702.0000000000 299.0000000000
-5702.0000000000 299.0000000000 -6194.0000000000 651.0000000000
-5090.0000000000 625.0000000000 -5362.0000000000 754.0000000000
-5250.0000000000 926.0000000000 -5261.0000000000 1215.0000000000
-5261.0000000000 1215.0000000000 -4937.0000000000 1323.0000000000
-5027.0000000000 1442.0000000000 -4863.0000000000 1674.0000000000
-4963.0000000000 1905.0000000000 -4858.0000000000 2062.0000000000
-5491.0000000000 2445.0000000000 -5333.0000000000 2717.0000000000
-3580.0000000000 2151.0000000000 -3877.0000000000 2423.0000000000
-3877.0000000000 2423.0000000000 -3203.0000000000 2160.0000000000
-3203.0000000000 2160.0000000000 -3582.0000000000 2602.0000000000
-3576.0000000000 2695.0000000000 -3226.0000000000 2521.0000000000
-3226.0000000000 2521.0000000000 -3614.0000000000 2926.0000000000
-3063.0000000000 2571.0000000000 -2877.0000000000 2590.0000000000
-2877.0000000000 2590.0000000000 -2958.0000000000 2759.0000000000
-2958.0000000000 2759.0000000000 -2544.0000000000 2457.0000000000
-2544.0000000000 2457.0000000000 -2840.0000000000 2840.0000000000
-2840.0000000000 2840.0000000000 -2490.0000000000 2670.0000000000
-2490.0000000000 2670.0000000000 -2744.0000000000 3048.0000000000
-2744.0000000000 3048.0000000000 -2473.0000000000 2947.0000000000
-1974.0000000000 2437.0000000000 -2122.0000000000 2715.0000000000
-2007.0000000000 2762.0000000000 -2275.0000000000 3250.0000000000
-2275.0000000000 3250.0000000000 -1908.0000000000 2939.0000000000
-1908.0000000000 2939.0000000000 -1947.0000000000 3116.0000000000
-1844.0000000000 3194.0000000000 -2057.0000000000 3869.0000000000
-2057.0000000000 3869.0000000000 -1650.0000000000 3383.0000000000
-1650.0000000000 3383.0000000000 -1205.0000000000 3500.0000000000
-1205.0000000000 3500.0000000000 -1216.0000000000 3742.0000000000
-1216.0000000000 3742.0000000000 -1013.0000000000 3782.0000000000
-1933.0000000000 7752.0000000000 -1640.0000000000 7715.0000000000
-1640.0000000000 7715.0000000000 -1335.0000000000 8429.0000000000
-666.0000000000 4739.0000000000 313.0000000000 5974.0000000000
313.0000000000 5974.0000000000 610.0000000000 5807.0000000000
610.0000000000 5807.0000000000 679.0000000000 5528.0000000000
679.0000000000 5528.0000000000 802.0000000000 5706.0000000000
802.0000000000 5706.0000000000 981.0000000000 5565.0000000000
981.0000000000 5565.0000000000 988.0000000000 5082.0000000000
988.0000000000 5082.0000000000 2763.0000000000 3946.0000000000
1064.0000000000 1362.0000000000 1497.0000000000 1784.0000000000
1497.0000000000 1784.0000000000 1765.0000000000 1646.0000000000
1818.0000000000 1580.0000000000 1660.0000000000 1251.0000000000
1744.0000000000 1267.0000000000 1417.0000000000 992.0000000000
1417.0000000000 992.0000000000 1847.0000000000 1199.0000000000
2053.0000000000 1092.0000000000 2317.0000000000 936.0000000000
938.0000000000 251.0000000000 1212.0000000000 280.0000000000
