14 4
-1288.0000000000 0.0000000000 -645.0000000000 692.0000000000
-2953.0000000000 3647.0000000000 -2700.0000000000 3857.0000000000
-2700.0000000000 3857.0000000000 -2818.0000000000 4178.0000000000
-2818.0000000000 4178.0000000000 -2199.0000000000 3810.0000000000
-2199.0000000000 3810.0000000000 -1663.0000000000 4332.0000000000
-1663.0000000000 4332.0000000000 -1692.0000000000 4650.0000000000
-1692.0000000000 4650.0000000000 -1533.0000000000 4453.0000000000
-1533.0000000000 4453.0000000000 -1366.0000000000 4469.0000000000
-1366.0000000000 4469.0000000000 -1239.0000000000 4626.0000000000
-1239.0000000000 4626.0000000000 -1231.0000000000 4938.0000000000
-1231.0000000000 4938.0000000000 -997.0000000000 5130.0000000000
-103.0000000000 1471.0000000000 598.0000000000 664.0000000000
598.0000000000 664.0000000000 751.0000000000 778.0000000000
751.0000000000 778.0000000000 1541.0000000000 0.0000000000
