29 4
-1723.0000000000 0.0000000000 -2197.0000000000 154.0000000000
-2197.0000000000 154.0000000000 -2428.0000000000 605.0000000000
-2274.0000000000 609.0000000000 -2466.0000000000 707.0000000000
-2466.0000000000 707.0000000000 -2597.0000000000 997.0000000000
-2597.0000000000 997.0000000000 -1736.0000000000 847.0000000000
-1736.0000000000 847.0000000000 -1938.0000000000 987.0000000000
-1938.0000000000 987.0000000000 -1836.0000000000 1285.0000000000
-1836.0000000000 1285.0000000000 -2155.0000000000 1624.0000000000
-2155.0000000000 1624.0000000000 -2161.0000000000 2015.0000000000
-2161.0000000000 2015.0000000000 -2744.0000000000 2841.0000000000
-2744.0000000000 2841.0000000000 -2861.0000000000 3291.0000000000
-3236.0000000000 3857.0000000000 -2862.0000000000 3534.0000000000
-3874.0000000000 5533.0000000000 -3559.0000000000 5276.0000000000
-3802.0000000000 5854.0000000000 -2148.0000000000 6612.0000000000
-1502.0000000000 5606.0000000000 -1455.0000000000 5836.0000000000
-758.0000000000 3566.0000000000 -497.0000000000 3534.0000000000
-497.0000000000 3534.0000000000 -299.0000000000 2847.0000000000
-299.0000000000 2847.0000000000 -43.0000000000 2478.0000000000
-43.0000000000 2478.0000000000 181.0000000000 2589.0000000000
133.0000000000 1515.0000000000 1820.0000000000 2248.0000000000
2958.0000000000 3525.0000000000 3186.0000000000 3666.0000000000
3186.0000000000 3666.0000000000 3242.0000000000 3476.0000000000
3360.0000000000 3479.0000000000 3276.0000000000 3276.0000000000
3276.0000000000 3276.0000000000 3354.0000000000 3128.0000000000
3354.0000000000 3128.0000000000 3931.0000000000 3299.0000000000
3137.0000000000 2540.0000000000 3579.0000000000 1669.0000000000
4553.0000000000 1840.0000000000 4620.0000000000 1682.0000000000
1315.0000000000 328.0000000000 872.0000000000 138.0000000000
872.0000000000 138.0000000000 983.0000000000 0.0000000000
