37 4
-2992.0000000000 157.0000000000 -3439.0000000000 240.0000000000
-4274.0000000000 374.0000000000 -4215.0000000000 743.0000000000
-3660.0000000000 913.0000000000 -3830.0000000000 1026.0000000000
-4086.0000000000 1249.0000000000 -3410.0000000000 1174.0000000000
-4056.0000000000 1639.0000000000 -3307.0000000000 1472.0000000000
-3905.0000000000 1905.0000000000 -4141.0000000000 2110.0000000000
-3037.0000000000 1754.0000000000 -2650.0000000000 1592.0000000000
-4116.0000000000 2572.0000000000 -4423.0000000000 2872.0000000000
-3125.0000000000 3351.0000000000 -2899.0000000000 3580.0000000000
-2752.0000000000 3652.0000000000 -2666.0000000000 3807.0000000000
-2396.0000000000 3834.0000000000 -2614.0000000000 4351.0000000000
-2614.0000000000 4351.0000000000 -2310.0000000000 4168.0000000000
-2093.0000000000 4108.0000000000 -1945.0000000000 4369.0000000000
-1945.0000000000 4369.0000000000 -1233.0000000000 3794.0000000000
-1233.0000000000 3794.0000000000 86.0000000000 4949.0000000000
206.0000000000 5897.0000000000 302.0000000000 5761.0000000000
447.0000000000 6394.0000000000 1216.0000000000 6898.0000000000
1216.0000000000 6898.0000000000 1617.0000000000 6486.0000000000
2176.0000000000 7587.0000000000 2551.0000000000 7010.0000000000
3041.0000000000 7921.0000000000 3704.0000000000 8319.0000000000
3704.0000000000 8319.0000000000 3873.0000000000 8306.0000000000
3873.0000000000 8306.0000000000 4065.0000000000 7978.0000000000
4065.0000000000 7978.0000000000 4381.0000000000 8240.0000000000
4857.0000000000 8762.0000000000 4869.0000000000 8434.0000000000
4115.0000000000 6848.0000000000 4190.0000000000 6705.0000000000
4604.0000000000 6336.0000000000 4858.0000000000 6218.0000000000
4866.0000000000 5799.0000000000 5035.0000000000 5591.0000000000
5118.0000000000 5300.0000000000 5186.0000000000 5008.0000000000
5550.0000000000 3205.0000000000 5502.0000000000 3050.0000000000
5792.0000000000 2701.0000000000 5943.0000000000 2646.0000000000
5868.0000000000 1907.0000000000 6130.0000000000 1874.0000000000
6258.0000000000 1560.0000000000 6128.0000000000 1415.0000000000
10214.0000000000 1985.0000000000 9715.0000000000 1713.0000000000
9715.0000000000 1713.0000000000 9961.0000000000 1223.0000000000
2412.0000000000 169.0000000000 1925.0000000000 101.0000000000
1925.0000000000 101.0000000000 2254.0000000000 79.0000000000
2254.0000000000 79.0000000000 2114.0000000000 0.0000000000
