37 4
-3622.0000000000 0.0000000000 -3870.0000000000 203.0000000000
-3011.0000000000 370.0000000000 -3435.0000000000 483.0000000000
-2376.0000000000 592.0000000000 -1573.0000000000 2246.0000000000
-1893.0000000000 3029.0000000000 -1961.0000000000 3264.0000000000
-1961.0000000000 3264.0000000000 -1650.0000000000 3104.0000000000
-1650.0000000000 3104.0000000000 -1722.0000000000 3379.0000000000
-1618.0000000000 3318.0000000000 -1346.0000000000 3908.0000000000
-1346.0000000000 3908.0000000000 -1392.0000000000 4284.0000000000
-1392.0000000000 4284.0000000000 -1284.0000000000 4479.0000000000
-1284.0000000000 4479.0000000000 -821.0000000000 4226.0000000000
-780.0000000000 5547.0000000000 -90.0000000000 5141.0000000000
-0.0000000000 6178.0000000000 480.0000000000 6861.0000000000
480.0000000000 6861.0000000000 921.0000000000 6554.0000000000
1345.0000000000 7629.0000000000 1428.0000000000 7346.0000000000
1319.0000000000 5713.0000000000 1471.0000000000 5488.0000000000
2034.0000000000 5298.0000000000 2404.0000000000 5400.0000000000
2438.0000000000 4999.0000000000 2646.0000000000 4773.0000000000
2915.0000000000 4664.0000000000 3042.0000000000 4345.0000000000
3042.0000000000 4345.0000000000 3315.0000000000 4400.0000000000
3963.0000000000 4250.0000000000 4198.0000000000 4054.0000000000
4198.0000000000 4054.0000000000 3993.0000000000 3595.0000000000
3993.0000000000 3595.0000000000 4220.0000000000 3541.0000000000
4220.0000000000 3541.0000000000 4412.0000000000 3206.0000000000
4412.0000000000 3206.0000000000 4187.0000000000 2719.0000000000
4187.0000000000 2719.0000000000 4253.0000000000 2556.0000000000
4848.0000000000 2799.0000000000 4754.0000000000 2635.0000000000
4754.0000000000 2635.0000000000 5002.0000000000 2660.0000000000
5002.0000000000 2660.0000000000 4793.0000000000 2442.0000000000
4793.0000000000 2442.0000000000 5081.0000000000 2262.0000000000
5782.0000000000 2454.0000000000 5695.0000000000 2301.0000000000
5695.0000000000 2301.0000000000 5954.0000000000 2286.0000000000
5954.0000000000 2286.0000000000 5409.0000000000 1551.0000000000
5409.0000000000 1551.0000000000 5439.0000000000 1356.0000000000
9677.0000000000 2234.0000000000 9717.0000000000 2065.0000000000
9717.0000000000 2065.0000000000 9412.0000000000 1660.0000000000
9412.0000000000 1660.0000000000 9420.0000000000 1492.0000000000
6337.0000000000 891.0000000000 7265.0000000000 0.0000000000
