181 2
1972.000000 0.000000
1953.000000 34.000000
1942.000000 68.000000
1922.000000 101.000000
1910.000000 134.000000
1887.000000 165.000000
1876.000000 197.000000
1861.000000 229.000000
1847.000000 260.000000
1833.000000 290.000000
1809.000000 319.000000
1796.000000 349.000000
1780.000000 378.000000
1765.000000 407.000000
1747.000000 435.000000
1731.000000 464.000000
1714.000000 491.000000
1706.000000 522.000000
1688.000000 549.000000
1671.000000 575.000000
1660.000000 604.000000
1641.000000 630.000000
1631.000000 659.000000
1618.000000 687.000000
1606.000000 715.000000
1586.000000 740.000000
1573.000000 767.000000
1558.000000 794.000000
1545.000000 822.000000
1530.000000 848.000000
1515.000000 875.000000
1497.000000 900.000000
1489.000000 931.000000
1474.000000 957.000000
1457.000000 983.000000
1447.000000 1014.000000
1430.000000 1039.000000
1419.000000 1069.000000
1400.000000 1094.000000
1382.000000 1119.000000
1370.000000 1150.000000
1357.000000 1180.000000
1336.000000 1203.000000
1322.000000 1233.000000
1306.000000 1261.000000
1290.000000 1290.000000
1274.000000 1319.000000
1257.000000 1348.000000
1252.000000 1390.000000
1233.000000 1419.000000
1214.000000 1447.000000
1194.000000 1474.000000
1180.000000 1510.000000
1159.000000 1538.000000
1143.000000 1573.000000
1126.000000 1608.000000
1103.000000 1636.000000
1085.000000 1671.000000
1068.000000 1709.000000
1048.000000 1743.000000
1027.000000 1779.000000
1010.000000 1823.000000
991.000000 1863.000000
967.000000 1897.000000
945.000000 1938.000000
924.000000 1981.000000
900.000000 2021.000000
879.000000 2071.000000
856.000000 2119.000000
829.000000 2158.000000
803.000000 2206.000000
776.000000 2254.000000
750.000000 2309.000000
720.000000 2354.000000
691.000000 2411.000000
663.000000 2476.000000
631.000000 2532.000000
597.000000 2587.000000
564.000000 2652.000000
529.000000 2724.000000
493.000000 2798.000000
453.000000 2862.000000
413.000000 2936.000000
371.000000 3019.000000
327.000000 3110.000000
279.000000 3188.000000
224.000000 3201.000000
166.000000 3166.000000
109.000000 3130.000000
54.000000 3105.000000
-0.000000 3077.000000
-53.000000 3049.000000
-105.000000 3020.000000
-157.000000 2998.000000
-207.000000 2967.000000
-258.000000 2944.000000
-309.000000 2940.000000
-358.000000 2919.000000
-407.000000 2897.000000
-454.000000 2867.000000
-502.000000 2848.000000
-549.000000 2823.000000
-596.000000 2803.000000
-641.000000 2777.000000
-687.000000 2757.000000
-733.000000 2736.000000
-776.000000 2706.000000
-820.000000 2683.000000
-863.000000 2656.000000
-907.000000 2633.000000
-951.000000 2612.000000
-993.000000 2587.000000
-1045.000000 2587.000000
-1080.000000 2545.000000
-1122.000000 2520.000000
-1163.000000 2493.000000
-1206.000000 2473.000000
-1248.000000 2450.000000
-1292.000000 2429.000000
-1332.000000 2403.000000
-1373.000000 2378.000000
-1418.000000 2361.000000
-1462.000000 2340.000000
-1505.000000 2318.000000
-1544.000000 2290.000000
-1589.000000 2269.000000
-1634.000000 2249.000000
-1672.000000 2219.000000
-1720.000000 2201.000000
-1761.000000 2174.000000
-1786.000000 2129.000000
-1835.000000 2111.000000
-1878.000000 2085.000000
-1927.000000 2067.000000
-1969.000000 2039.000000
-2011.000000 2011.000000
-2058.000000 1987.000000
-2100.000000 1958.000000
-2148.000000 1934.000000
-1965.000000 1708.000000
-2242.000000 1881.000000
-2297.000000 1860.000000
-2320.000000 1813.000000
-2264.000000 1706.000000
-2184.000000 1587.000000
-2054.000000 1439.000000
-2126.000000 1434.000000
-2065.000000 1341.000000
-2073.000000 1296.000000
-2111.000000 1269.000000
-2106.000000 1216.000000
-2067.000000 1146.000000
-2032.000000 1080.000000
-1993.000000 1016.000000
-1961.000000 957.000000
-1936.000000 903.000000
-1907.000000 849.000000
-1879.000000 797.000000
-1847.000000 746.000000
-1824.000000 700.000000
-1802.000000 656.000000
-1778.000000 612.000000
-1754.000000 570.000000
-1324.000000 405.000000
-1313.000000 377.000000
-1292.000000 346.000000
-1281.000000 319.000000
-1268.000000 293.000000
-1257.000000 267.000000
-1243.000000 242.000000
-1228.000000 217.000000
-1221.000000 193.000000
-1204.000000 169.000000
-1199.000000 147.000000
-1004.000000 106.000000
-782.000000 68.000000
-770.000000 54.000000
-753.000000 39.000000
-754.000000 26.000000
-766.000000 13.000000
-747.000000 0.000000
