181 2
4652.000000 0.000000
4679.000000 82.000000
4715.000000 165.000000
4709.000000 247.000000
4522.000000 316.000000
4409.000000 386.000000
4182.000000 440.000000
4129.000000 507.000000
4137.000000 581.000000
4168.000000 660.000000
4116.000000 726.000000
3984.000000 774.000000
3857.000000 820.000000
3734.000000 862.000000
3640.000000 907.000000
3520.000000 943.000000
3412.000000 979.000000
2924.000000 894.000000
2852.000000 927.000000
2768.000000 953.000000
2719.000000 989.000000
2649.000000 1017.000000
2571.000000 1039.000000
2511.000000 1066.000000
2442.000000 1087.000000
2383.000000 1111.000000
2329.000000 1136.000000
2269.000000 1156.000000
2216.000000 1178.000000
2165.000000 1200.000000
2111.000000 1219.000000
2060.000000 1238.000000
2008.000000 1255.000000
1963.000000 1275.000000
1919.000000 1295.000000
1875.000000 1313.000000
1803.000000 1310.000000
1769.000000 1333.000000
1720.000000 1344.000000
1683.000000 1362.000000
1642.000000 1378.000000
1594.000000 1386.000000
1609.000000 1449.000000
1642.000000 1531.000000
1663.000000 1606.000000
1643.000000 1643.000000
1602.000000 1659.000000
1561.000000 1674.000000
1522.000000 1690.000000
1480.000000 1703.000000
1444.000000 1721.000000
1403.000000 1733.000000
1364.000000 1745.000000
1325.000000 1758.000000
1291.000000 1777.000000
1250.000000 1786.000000
1216.000000 1803.000000
1178.000000 1814.000000
1143.000000 1828.000000
1109.000000 1845.000000
1070.000000 1854.000000
1037.000000 1870.000000
1000.000000 1881.000000
968.000000 1900.000000
930.000000 1907.000000
896.000000 1921.000000
863.000000 1939.000000
827.000000 1948.000000
795.000000 1967.000000
758.000000 1974.000000
724.000000 1988.000000
690.000000 2004.000000
652.000000 2006.000000
619.000000 2024.000000
583.000000 2033.000000
548.000000 2047.000000
513.000000 2057.000000
421.000000 1825.000000
390.000000 1835.000000
359.000000 1848.000000
327.000000 1852.000000
297.000000 1874.000000
265.000000 1882.000000
233.000000 1896.000000
200.000000 1906.000000
168.000000 1926.000000
135.000000 1936.000000
102.000000 1946.000000
68.000000 1956.000000
34.000000 1972.000000
-0.000000 1982.000000
-35.000000 1982.000000
-70.000000 2000.000000
-105.000000 2010.000000
-142.000000 2028.000000
-178.000000 2033.000000
-216.000000 2052.000000
-254.000000 2068.000000
-291.000000 2074.000000
-332.000000 2097.000000
-372.000000 2109.000000
-412.000000 2120.000000
-453.000000 2131.000000
-497.000000 2151.000000
-539.000000 2161.000000
-586.000000 2188.000000
-632.000000 2203.000000
-679.000000 2220.000000
-725.000000 2231.000000
-776.000000 2253.000000
-824.000000 2265.000000
-879.000000 2290.000000
-932.000000 2307.000000
-987.000000 2324.000000
-1046.000000 2349.000000
-1106.000000 2372.000000
-1163.000000 2385.000000
-1230.000000 2414.000000
-1292.000000 2431.000000
-1366.000000 2464.000000
-1436.000000 2488.000000
-1509.000000 2512.000000
-1589.000000 2543.000000
-1674.000000 2577.000000
-1754.000000 2601.000000
-1846.000000 2637.000000
-1939.000000 2669.000000
-2038.000000 2704.000000
-2141.000000 2741.000000
-2249.000000 2777.000000
-2372.000000 2827.000000
-2500.000000 2875.000000
-2626.000000 2917.000000
-2772.000000 2972.000000
-2925.000000 3029.000000
-3085.000000 3085.000000
-3260.000000 3148.000000
-3369.000000 3142.000000
-3395.000000 3057.000000
-3429.000000 2981.000000
-3459.000000 2903.000000
-3487.000000 2824.000000
-3513.000000 2745.000000
-3545.000000 2671.000000
-3580.000000 2601.000000
-3617.000000 2533.000000
-3647.000000 2460.000000
-3673.000000 2385.000000
-3694.000000 2308.000000
-3728.000000 2240.000000
-3752.000000 2167.000000
-3776.000000 2093.000000
-3803.000000 2022.000000
-3834.000000 1954.000000
-3852.000000 1879.000000
-3881.000000 1810.000000
-3906.000000 1739.000000
-3931.000000 1669.000000
-3959.000000 1600.000000
-3988.000000 1531.000000
-4010.000000 1459.000000
-4036.000000 1390.000000
-4064.000000 1320.000000
-4086.000000 1249.000000
-4113.000000 1179.000000
-4132.000000 1107.000000
-4132.000000 1030.000000
-4160.000000 960.000000
-4185.000000 889.000000
-4208.000000 818.000000
-4230.000000 746.000000
-4261.000000 675.000000
-4290.000000 603.000000
-4317.000000 530.000000
-4335.000000 456.000000
-4198.000000 367.000000
-1979.000000 138.000000
-1939.000000 102.000000
-1860.000000 65.000000
-1783.000000 31.000000
-1674.000000 0.000000
