181 2
4189.000000 0.000000
4251.000000 74.000000
4310.000000 151.000000
4365.000000 229.000000
4456.000000 312.000000
4534.000000 397.000000
4609.000000 484.000000
2760.000000 339.000000
2843.000000 400.000000
4296.000000 680.000000
4339.000000 765.000000
4928.000000 958.000000
4858.000000 1033.000000
4947.000000 1142.000000
5040.000000 1257.000000
2308.000000 618.000000
2865.000000 821.000000
2160.000000 660.000000
2148.000000 698.000000
3436.000000 1183.000000
3391.000000 1234.000000
3343.000000 1283.000000
3287.000000 1328.000000
3238.000000 1375.000000
2166.000000 964.000000
2114.000000 986.000000
2233.000000 1089.000000
2313.000000 1179.000000
2385.000000 1268.000000
1880.000000 1042.000000
2111.000000 1219.000000
2096.000000 1259.000000
2032.000000 1270.000000
2027.000000 1316.000000
1992.000000 1344.000000
1960.000000 1373.000000
1922.000000 1397.000000
1898.000000 1430.000000
2647.000000 2068.000000
4894.000000 3963.000000
5042.000000 4231.000000
4941.000000 4295.000000
4518.000000 4068.000000
4246.000000 3959.000000
4349.000000 4200.000000
3899.000000 3899.000000
4303.000000 4456.000000
4121.000000 4419.000000
4041.000000 4488.000000
3924.000000 4514.000000
3877.000000 4620.000000
3169.000000 3914.000000
3538.000000 4528.000000
3645.000000 4837.000000
3551.000000 4887.000000
3382.000000 4831.000000
2889.000000 4283.000000
2819.000000 4340.000000
2746.000000 4394.000000
2680.000000 4460.000000
2610.000000 4521.000000
2626.000000 4737.000000
1720.000000 3235.000000
1534.000000 3010.000000
1454.000000 2981.000000
1371.000000 2939.000000
1236.000000 2776.000000
1118.000000 2634.000000
1025.000000 2536.000000
925.000000 2410.000000
789.000000 2169.000000
501.000000 1456.000000
368.000000 1134.000000
332.000000 1087.000000
301.000000 1049.000000
269.000000 1003.000000
240.000000 963.000000
216.000000 934.000000
192.000000 904.000000
171.000000 882.000000
151.000000 855.000000
130.000000 824.000000
114.000000 811.000000
99.000000 809.000000
85.000000 808.000000
72.000000 820.000000
58.000000 828.000000
44.000000 841.000000
30.000000 847.000000
15.000000 857.000000
-0.000000 872.000000
-15.000000 877.000000
-31.000000 886.000000
-47.000000 904.000000
-65.000000 924.000000
-82.000000 940.000000
-100.000000 955.000000
-133.000000 1081.000000
-149.000000 1059.000000
-164.000000 1037.000000
-181.000000 1029.000000
-196.000000 1007.000000
-212.000000 997.000000
-227.000000 984.000000
-242.000000 970.000000
-257.000000 959.000000
-275.000000 957.000000
-291.000000 952.000000
-315.000000 968.000000
-339.000000 983.000000
-364.000000 1000.000000
-396.000000 1031.000000
-427.000000 1056.000000
-461.000000 1085.000000
-502.000000 1128.000000
-548.000000 1175.000000
-1263.000000 2589.000000
-1310.000000 2571.000000
-1308.000000 2460.000000
-1333.000000 2405.000000
-1371.000000 2375.000000
-1240.000000 2063.000000
-1271.000000 2034.000000
-1585.000000 2441.000000
-2413.000000 3577.000000
-2451.000000 3501.000000
-2511.000000 3456.000000
-2558.000000 3394.000000
-2610.000000 3341.000000
-1707.000000 2108.000000
-1521.000000 1812.000000
-1546.000000 1779.000000
-1574.000000 1749.000000
-1599.000000 1715.000000
-1623.000000 1681.000000
-1654.000000 1654.000000
-1677.000000 1619.000000
-1700.000000 1586.000000
-1728.000000 1556.000000
-1757.000000 1527.000000
-1776.000000 1490.000000
-1801.000000 1459.000000
-2308.000000 1803.000000
-2373.000000 1788.000000
-2446.000000 1777.000000
-2910.000000 2037.000000
-3319.000000 2238.000000
-3356.000000 2179.000000
-3407.000000 2129.000000
-3442.000000 2068.000000
-3248.000000 1876.000000
-3352.000000 1858.000000
-3330.000000 1771.000000
-3367.000000 1716.000000
-3422.000000 1669.000000
-3467.000000 1617.000000
-3335.000000 1485.000000
-3191.000000 1355.000000
-3114.000000 1258.000000
-3160.000000 1213.000000
-3197.000000 1164.000000
-3242.000000 1116.000000
-3287.000000 1068.000000
-3331.000000 1018.000000
-3374.000000 967.000000
-3391.000000 909.000000
-3286.000000 819.000000
-3198.000000 738.000000
-3103.000000 659.000000
-3024.000000 588.000000
-2941.000000 519.000000
-1829.000000 290.000000
-2798.000000 393.000000
-2732.000000 336.000000
-2666.000000 280.000000
-2609.000000 228.000000
-2549.000000 178.000000
-2497.000000 131.000000
-2439.000000 85.000000
-2387.000000 42.000000
-2334.000000 0.000000
