181 2
2404.000000 0.000000
2398.000000 42.000000
2373.000000 83.000000
2568.000000 135.000000
2616.000000 183.000000
2604.000000 228.000000
2589.000000 272.000000
2576.000000 316.000000
2558.000000 359.000000
2558.000000 405.000000
2543.000000 448.000000
2531.000000 492.000000
2515.000000 535.000000
2512.000000 580.000000
2495.000000 622.000000
2492.000000 668.000000
2485.000000 713.000000
2482.000000 759.000000
2466.000000 801.000000
2455.000000 845.000000
2436.000000 887.000000
2424.000000 930.000000
2408.000000 973.000000
2403.000000 1020.000000
2388.000000 1063.000000
2377.000000 1109.000000
2373.000000 1157.000000
2359.000000 1202.000000
2341.000000 1245.000000
2324.000000 1288.000000
2321.000000 1340.000000
2267.000000 1362.000000
2067.000000 1291.000000
2060.000000 1338.000000
2046.000000 1380.000000
2031.000000 1422.000000
2020.000000 1468.000000
2015.000000 1518.000000
2002.000000 1564.000000
1989.000000 1611.000000
1976.000000 1658.000000
1961.000000 1705.000000
1946.000000 1752.000000
1935.000000 1805.000000
1916.000000 1851.000000
1902.000000 1902.000000
1894.000000 1961.000000
1876.000000 2012.000000
1858.000000 2064.000000
1840.000000 2117.000000
1827.000000 2177.000000
1812.000000 2237.000000
1797.000000 2299.000000
1779.000000 2361.000000
1761.000000 2424.000000
1746.000000 2493.000000
1723.000000 2555.000000
1710.000000 2633.000000
1688.000000 2701.000000
1668.000000 2776.000000
1645.000000 2850.000000
1626.000000 2933.000000
1603.000000 3015.000000
1584.000000 3108.000000
1558.000000 3193.000000
1536.000000 3294.000000
1508.000000 3387.000000
1484.000000 3497.000000
1452.000000 3595.000000
1427.000000 3718.000000
1394.000000 3830.000000
1363.000000 3957.000000
1326.000000 4080.000000
1291.000000 4222.000000
1252.000000 4368.000000
1212.000000 4521.000000
1169.000000 4688.000000
1124.000000 4868.000000
1073.000000 5046.000000
1004.000000 5164.000000
905.000000 5134.000000
810.000000 5114.000000
716.000000 5093.000000
623.000000 5071.000000
530.000000 5043.000000
440.000000 5032.000000
351.000000 5025.000000
262.000000 5001.000000
174.000000 4977.000000
86.000000 4952.000000
-0.000000 4934.000000
-86.000000 4903.000000
-170.000000 4882.000000
-255.000000 4861.000000
-338.000000 4839.000000
-419.000000 4786.000000
-501.000000 4771.000000
-584.000000 4756.000000
-666.000000 4739.000000
-748.000000 4723.000000
-830.000000 4707.000000
-911.000000 4687.000000
-994.000000 4678.000000
-1075.000000 4655.000000
-1158.000000 4643.000000
-1229.000000 4588.000000
-1310.000000 4570.000000
-454.000000 1486.000000
-479.000000 1474.000000
-506.000000 1469.000000
-537.000000 1476.000000
-564.000000 1470.000000
-591.000000 1463.000000
-618.000000 1455.000000
-633.000000 1421.000000
-567.000000 1215.000000
-584.000000 1198.000000
-602.000000 1181.000000
-623.000000 1173.000000
-647.000000 1168.000000
-669.000000 1159.000000
-723.000000 1203.000000
-653.000000 1046.000000
-661.000000 1018.000000
-679.000000 1006.000000
-685.000000 979.000000
-709.000000 976.000000
-747.000000 992.000000
-932.000000 1193.000000
-962.000000 1188.000000
-993.000000 1184.000000
-1018.000000 1171.000000
-1053.000000 1169.000000
-1078.000000 1156.000000
-1112.000000 1152.000000
-1141.000000 1141.000000
-1173.000000 1132.000000
-1213.000000 1131.000000
-1239.000000 1115.000000
-1275.000000 1109.000000
-1308.000000 1097.000000
-1339.000000 1084.000000
-1379.000000 1077.000000
-1414.000000 1066.000000
-1455.000000 1057.000000
-1495.000000 1047.000000
-1536.000000 1036.000000
-1569.000000 1019.000000
-1618.000000 1011.000000
-1667.000000 1002.000000
-1711.000000 988.000000
-1756.000000 973.000000
-1773.000000 943.000000
-1763.000000 898.000000
-1751.000000 854.000000
-1740.000000 811.000000
-1728.000000 769.000000
-1725.000000 732.000000
-1711.000000 691.000000
-1696.000000 651.000000
-1691.000000 615.000000
-1670.000000 575.000000
-1666.000000 541.000000
-1660.000000 508.000000
-1655.000000 475.000000
-1640.000000 439.000000
-1632.000000 407.000000
-1601.000000 370.000000
-1599.000000 340.000000
-1657.000000 322.000000
-1726.000000 304.000000
-1788.000000 283.000000
-1844.000000 259.000000
-1829.000000 225.000000
-1814.000000 191.000000
-1815.000000 159.000000
-1795.000000 125.000000
-1788.000000 94.000000
-1776.000000 62.000000
-1762.000000 31.000000
-1757.000000 0.000000
