181 2
770.000000 0.000000
807.000000 14.000000
849.000000 30.000000
896.000000 47.000000
955.000000 67.000000
1020.000000 89.000000
1093.000000 115.000000
1164.000000 143.000000
1165.000000 164.000000
1159.000000 183.000000
1156.000000 204.000000
1148.000000 223.000000
1140.000000 242.000000
1139.000000 263.000000
1127.000000 281.000000
1125.000000 302.000000
1114.000000 319.000000
1103.000000 337.000000
1099.000000 357.000000
1095.000000 377.000000
1089.000000 396.000000
1079.000000 414.000000
1068.000000 432.000000
1067.000000 453.000000
1056.000000 470.000000
1043.000000 486.000000
1040.000000 507.000000
1028.000000 524.000000
1027.000000 546.000000
1023.000000 567.000000
1012.000000 584.000000
1004.000000 603.000000
993.000000 621.000000
985.000000 640.000000
982.000000 662.000000
967.000000 677.000000
963.000000 699.000000
958.000000 722.000000
945.000000 738.000000
937.000000 759.000000
932.000000 782.000000
926.000000 805.000000
919.000000 827.000000
912.000000 850.000000
903.000000 872.000000
878.000000 878.000000
817.000000 846.000000
728.000000 781.000000
517.000000 574.000000
497.000000 572.000000
481.000000 573.000000
464.000000 574.000000
576.000000 737.000000
451.000000 599.000000
-0.000000 0.000000
-0.000000 0.000000
410.000000 609.000000
422.000000 649.000000
421.000000 673.000000
439.000000 731.000000
361.000000 626.000000
353.000000 637.000000
338.000000 636.000000
324.000000 635.000000
313.000000 643.000000
313.000000 671.000000
345.000000 774.000000
343.000000 808.000000
368.000000 911.000000
397.000000 1035.000000
377.000000 1036.000000
357.000000 1037.000000
337.000000 1037.000000
324.000000 1061.000000
-0.000000 0.000000
-0.000000 0.000000
-0.000000 0.000000
-0.000000 0.000000
-0.000000 0.000000
312.000000 1606.000000
282.000000 1601.000000
252.000000 1589.000000
222.000000 1577.000000
192.000000 1567.000000
164.000000 1562.000000
136.000000 1554.000000
107.000000 1536.000000
80.000000 1528.000000
53.000000 1516.000000
26.000000 1504.000000
-0.000000 1495.000000
-26.000000 1477.000000
-51.000000 1469.000000
-76.000000 1459.000000
-102.000000 1458.000000
-127.000000 1449.000000
-151.000000 1440.000000
-176.000000 1437.000000
-199.000000 1419.000000
-224.000000 1417.000000
-248.000000 1405.000000
-272.000000 1402.000000
-294.000000 1384.000000
-215.000000 930.000000
-267.000000 1070.000000
-329.000000 1230.000000
-411.000000 1432.000000
-521.000000 1705.000000
-491.000000 1510.000000
-366.000000 1063.000000
-386.000000 1060.000000
-404.000000 1053.000000
-422.000000 1044.000000
-442.000000 1042.000000
-462.000000 1038.000000
-481.000000 1030.000000
-498.000000 1022.000000
-515.000000 1010.000000
-536.000000 1008.000000
-552.000000 995.000000
-572.000000 992.000000
-593.000000 987.000000
-615.000000 984.000000
-605.000000 931.000000
-583.000000 864.000000
-560.000000 800.000000
-541.000000 745.000000
-526.000000 698.000000
-512.000000 655.000000
-502.000000 619.000000
-490.000000 584.000000
-478.000000 550.000000
-466.000000 517.000000
-462.000000 496.000000
-474.000000 491.000000
-487.000000 487.000000
-496.000000 479.000000
-510.000000 476.000000
-526.000000 474.000000
-541.000000 470.000000
-549.000000 461.000000
-563.000000 456.000000
-584.000000 456.000000
-591.000000 445.000000
-612.000000 445.000000
-626.000000 438.000000
-641.000000 432.000000
-658.000000 428.000000
-673.000000 421.000000
-695.000000 418.000000
-710.000000 410.000000
-733.000000 406.000000
-748.000000 398.000000
-769.000000 392.000000
-783.000000 382.000000
-805.000000 375.000000
-828.000000 369.000000
-854.000000 363.000000
-879.000000 355.000000
-915.000000 351.000000
-912.000000 332.000000
-906.000000 312.000000
-902.000000 293.000000
-896.000000 274.000000
-883.000000 253.000000
-875.000000 234.000000
-870.000000 217.000000
-864.000000 200.000000
-859.000000 183.000000
-852.000000 166.000000
-846.000000 149.000000
-847.000000 134.000000
-840.000000 118.000000
-836.000000 103.000000
-827.000000 87.000000
-829.000000 73.000000
-821.000000 57.000000
-812.000000 43.000000
-813.000000 28.000000
-804.000000 14.000000
-790.000000 0.000000
