181 2
3525.000000 0.000000
3497.000000 61.000000
3472.000000 121.000000
3462.000000 181.000000
3442.000000 241.000000
3419.000000 299.000000
3394.000000 357.000000
3371.000000 414.000000
3344.000000 470.000000
3327.000000 527.000000
3301.000000 582.000000
3283.000000 638.000000
3254.000000 692.000000
3234.000000 747.000000
3204.000000 799.000000
3189.000000 854.000000
3164.000000 907.000000
3139.000000 960.000000
3119.000000 1013.000000
3063.000000 1055.000000
3044.000000 1108.000000
3021.000000 1160.000000
3009.000000 1216.000000
2985.000000 1267.000000
3191.000000 1421.000000
3172.000000 1479.000000
3148.000000 1536.000000
3118.000000 1589.000000
3094.000000 1645.000000
3071.000000 1702.000000
3047.000000 1759.000000
3018.000000 1813.000000
2994.000000 1871.000000
2971.000000 1929.000000
2946.000000 1987.000000
2925.000000 2048.000000
2889.000000 2099.000000
2869.000000 2162.000000
2842.000000 2220.000000
2815.000000 2279.000000
2778.000000 2331.000000
2757.000000 2397.000000
2724.000000 2453.000000
2677.000000 2497.000000
2489.000000 2404.000000
2464.000000 2464.000000
2438.000000 2524.000000
2409.000000 2583.000000
2379.000000 2643.000000
2352.000000 2706.000000
2326.000000 2772.000000
2295.000000 2834.000000
2263.000000 2896.000000
2233.000000 2964.000000
2203.000000 3032.000000
2172.000000 3101.000000
2139.000000 3171.000000
2109.000000 3247.000000
2073.000000 3317.000000
2038.000000 3392.000000
2007.000000 3476.000000
1968.000000 3551.000000
1932.000000 3634.000000
1898.000000 3725.000000
1856.000000 3805.000000
1819.000000 3901.000000
1776.000000 3989.000000
1735.000000 4087.000000
1692.000000 4187.000000
1647.000000 4292.000000
1600.000000 4397.000000
1550.000000 4502.000000
1500.000000 4616.000000
1447.000000 4733.000000
1392.000000 4854.000000
1337.000000 4990.000000
1278.000000 5126.000000
1215.000000 5263.000000
1150.000000 5408.000000
1083.000000 5571.000000
1010.000000 5731.000000
935.000000 5903.000000
851.000000 6055.000000
738.000000 6009.000000
626.000000 5958.000000
517.000000 5911.000000
411.000000 5873.000000
305.000000 5825.000000
203.000000 5800.000000
100.000000 5754.000000
-0.000000 5716.000000
-38.000000 2161.000000
-76.000000 2165.000000
-112.000000 2145.000000
-148.000000 2123.000000
-184.000000 2103.000000
-220.000000 2089.000000
-261.000000 2129.000000
-268.000000 1907.000000
-300.000000 1893.000000
-333.000000 1889.000000
-366.000000 1882.000000
-395.000000 1857.000000
-428.000000 1852.000000
-457.000000 1835.000000
-489.000000 1824.000000
-518.000000 1806.000000
-547.000000 1788.000000
-581.000000 1788.000000
-612.000000 1777.000000
-640.000000 1757.000000
-670.000000 1746.000000
-701.000000 1734.000000
-731.000000 1721.000000
-761.000000 1708.000000
-790.000000 1695.000000
-820.000000 1681.000000
-849.000000 1666.000000
-877.000000 1650.000000
-906.000000 1635.000000
-939.000000 1627.000000
-968.000000 1611.000000
-996.000000 1594.000000
-1029.000000 1584.000000
-1056.000000 1566.000000
-1090.000000 1557.000000
-1121.000000 1544.000000
-1148.000000 1524.000000
-1181.000000 1511.000000
-1212.000000 1497.000000
-1242.000000 1480.000000
-1223.000000 1407.000000
-1177.000000 1307.000000
-1142.000000 1224.000000
-1111.000000 1151.000000
-1179.000000 1179.000000
-1153.000000 1114.000000
-1075.000000 1003.000000
-976.000000 879.000000
-995.000000 865.000000
-1022.000000 857.000000
-1041.000000 843.000000
-1071.000000 837.000000
-1094.000000 824.000000
-1122.000000 815.000000
-1148.000000 804.000000
-1169.000000 788.000000
-1201.000000 780.000000
-1200.000000 750.000000
-1183.000000 711.000000
-1172.000000 677.000000
-1142.000000 633.000000
-1134.000000 603.000000
-1111.000000 566.000000
-1105.000000 539.000000
-1079.000000 503.000000
-1074.000000 478.000000
-1056.000000 448.000000
-1051.000000 425.000000
-1039.000000 399.000000
-1038.000000 378.000000
-1022.000000 352.000000
-1016.000000 330.000000
-1001.000000 306.000000
-987.000000 283.000000
-978.000000 262.000000
-976.000000 243.000000
-966.000000 223.000000
-954.000000 203.000000
-948.000000 184.000000
-939.000000 165.000000
-931.000000 148.000000
-932.000000 131.000000
-916.000000 112.000000
-902.000000 95.000000
-895.000000 78.000000
-887.000000 62.000000
-873.000000 46.000000
-873.000000 31.000000
-865.000000 15.000000
-847.000000 0.000000
