181 2
1895.000000 0.000000
1953.000000 34.000000
2020.000000 71.000000
2071.000000 109.000000
2143.000000 150.000000
2214.000000 194.000000
2297.000000 241.000000
2391.000000 294.000000
2484.000000 349.000000
2580.000000 409.000000
646.000000 114.000000
658.000000 128.000000
658.000000 140.000000
642.000000 148.000000
637.000000 159.000000
626.000000 168.000000
623.000000 179.000000
617.000000 189.000000
608.000000 197.000000
601.000000 207.000000
591.000000 215.000000
516.000000 198.000000
507.000000 205.000000
502.000000 213.000000
476.000000 212.000000
466.000000 217.000000
457.000000 223.000000
450.000000 229.000000
447.000000 238.000000
444.000000 246.000000
438.000000 253.000000
429.000000 258.000000
426.000000 266.000000
422.000000 274.000000
415.000000 280.000000
406.000000 284.000000
405.000000 294.000000
395.000000 297.000000
388.000000 303.000000
384.000000 311.000000
377.000000 316.000000
368.000000 320.000000
363.000000 327.000000
359.000000 335.000000
352.000000 340.000000
353.000000 353.000000
345.000000 357.000000
362.000000 388.000000
357.000000 396.000000
382.000000 440.000000
377.000000 449.000000
369.000000 456.000000
368.000000 470.000000
339.000000 450.000000
356.000000 489.000000
765.000000 1092.000000
754.000000 1118.000000
1067.000000 1643.000000
1034.000000 1655.000000
1001.000000 1666.000000
977.000000 1692.000000
942.000000 1700.000000
912.000000 1716.000000
877.000000 1721.000000
857.000000 1758.000000
808.000000 1732.000000
745.000000 1674.000000
713.000000 1680.000000
1095.000000 2710.000000
1025.000000 2671.000000
959.000000 2636.000000
775.000000 2249.000000
683.000000 2102.000000
660.000000 2157.000000
631.000000 2201.000000
604.000000 2254.000000
575.000000 2306.000000
545.000000 2360.000000
515.000000 2422.000000
468.000000 2410.000000
419.000000 2378.000000
373.000000 2355.000000
326.000000 2317.000000
283.000000 2307.000000
240.000000 2280.000000
197.000000 2253.000000
143.000000 2043.000000
107.000000 2045.000000
71.000000 2035.000000
38.000000 2149.000000
-0.000000 1260.000000
-18.000000 1042.000000
-28.000000 816.000000
-41.000000 775.000000
-54.000000 774.000000
-67.000000 764.000000
-72.000000 681.000000
-82.000000 665.000000
-97.000000 688.000000
-99.000000 627.000000
-119.000000 678.000000
-128.000000 658.000000
-126.000000 593.000000
-132.000000 573.000000
-135.000000 540.000000
-111.000000 415.000000
-112.000000 391.000000
-119.000000 390.000000
-127.000000 390.000000
-133.000000 388.000000
-139.000000 382.000000
-149.000000 389.000000
-156.000000 387.000000
-161.000000 378.000000
-170.000000 381.000000
-175.000000 376.000000
-203.000000 417.000000
-261.000000 512.000000
-884.000000 1662.000000
-904.000000 1631.000000
-920.000000 1594.000000
-975.000000 1623.000000
-998.000000 1598.000000
-1016.000000 1565.000000
-1037.000000 1537.000000
-1086.000000 1551.000000
-1095.000000 1507.000000
-1009.000000 1339.000000
-1031.000000 1320.000000
-1192.000000 1472.000000
-1217.000000 1450.000000
-1240.000000 1426.000000
-1281.000000 1422.000000
-1311.000000 1406.000000
-1332.000000 1380.000000
-1357.000000 1357.000000
-1392.000000 1344.000000
-1610.000000 1501.000000
-1238.000000 1115.000000
-1250.000000 1086.000000
-1323.000000 1110.000000
-1339.000000 1084.000000
-1307.000000 1021.000000
-1274.000000 960.000000
-1247.000000 906.000000
-1237.000000 866.000000
-1263.000000 852.000000
-1286.000000 835.000000
-1316.000000 822.000000
-1338.000000 804.000000
-1369.000000 791.000000
-1399.000000 776.000000
-1429.000000 760.000000
-1457.000000 742.000000
-1486.000000 725.000000
-1523.000000 710.000000
-1552.000000 691.000000
-1589.000000 674.000000
-1625.000000 657.000000
-2255.000000 865.000000
-2334.000000 850.000000
-2376.000000 818.000000
-2409.000000 783.000000
-2444.000000 747.000000
-2506.000000 719.000000
-2564.000000 687.000000
-2630.000000 656.000000
-1958.000000 452.000000
-2742.000000 583.000000
-2818.000000 548.000000
-2880.000000 508.000000
-2947.000000 467.000000
-2914.000000 410.000000
-2556.000000 314.000000
-3152.000000 331.000000
-3009.000000 263.000000
-2969.000000 208.000000
-2046.000000 107.000000
-2900.000000 101.000000
-2865.000000 50.000000
-2833.000000 0.000000
