181 2
1806.000000 0.000000
1756.000000 31.000000
1799.000000 63.000000
1820.000000 95.000000
2747.000000 192.000000
2760.000000 242.000000
2778.000000 292.000000
2796.000000 343.000000
2777.000000 390.000000
2818.000000 446.000000
2838.000000 500.000000
2848.000000 554.000000
2866.000000 609.000000
2872.000000 663.000000
3401.000000 848.000000
-0.000000 0.000000
3451.000000 990.000000
3469.000000 1060.000000
1968.000000 639.000000
1910.000000 658.000000
1901.000000 692.000000
3553.000000 1364.000000
3575.000000 1444.000000
3595.000000 1526.000000
3620.000000 1612.000000
3643.000000 1699.000000
3663.000000 1787.000000
3690.000000 1880.000000
3713.000000 1974.000000
3741.000000 2074.000000
3765.000000 2174.000000
3796.000000 2281.000000
3826.000000 2391.000000
3854.000000 2503.000000
3892.000000 2625.000000
3698.000000 2590.000000
3594.000000 2611.000000
2278.000000 1716.000000
3522.000000 2752.000000
3993.000000 3233.000000
3891.000000 3265.000000
2432.000000 2114.000000
2410.000000 2170.000000
3818.000000 3561.000000
3736.000000 3607.000000
2173.000000 2173.000000
1708.000000 1769.000000
1542.000000 1654.000000
1566.000000 1740.000000
2404.000000 2765.000000
2356.000000 2808.000000
2274.000000 2809.000000
2216.000000 2837.000000
2189.000000 2905.000000
1448.000000 1993.000000
1401.000000 2001.000000
1360.000000 2016.000000
1340.000000 2063.000000
1231.000000 1970.000000
1185.000000 1971.000000
1199.000000 2078.000000
1168.000000 2108.000000
1144.000000 2151.000000
1119.000000 2195.000000
1232.000000 2526.000000
1133.000000 2430.000000
1151.000000 2584.000000
2632.000000 6201.000000
2348.000000 5812.000000
2242.000000 5840.000000
2096.000000 5759.000000
2033.000000 5903.000000
1757.000000 5407.000000
1822.000000 5960.000000
1715.000000 5981.000000
1591.000000 5939.000000
1357.000000 5443.000000
1194.000000 5171.000000
1083.000000 5093.000000
1015.000000 5224.000000
-0.000000 0.000000
1003.000000 6332.000000
802.000000 5710.000000
654.000000 5328.000000
564.000000 5361.000000
471.000000 5382.000000
378.000000 5408.000000
250.000000 4766.000000
158.000000 4513.000000
65.000000 3698.000000
-0.000000 3514.000000
-62.000000 3530.000000
-116.000000 3314.000000
-166.000000 3174.000000
-208.000000 2980.000000
-251.000000 2869.000000
-272.000000 2590.000000
-300.000000 2443.000000
-205.000000 1459.000000
-217.000000 1373.000000
-230.000000 1302.000000
-242.000000 1247.000000
-254.000000 1193.000000
-265.000000 1149.000000
-274.000000 1099.000000
-285.000000 1064.000000
-294.000000 1027.000000
-307.000000 1003.000000
-321.000000 988.000000
-343.000000 996.000000
-363.000000 998.000000
-384.000000 1000.000000
-406.000000 1005.000000
-428.000000 1009.000000
-449.000000 1009.000000
-475.000000 1020.000000
-496.000000 1017.000000
-522.000000 1025.000000
-546.000000 1026.000000
-608.000000 1097.000000
-644.000000 1115.000000
-652.000000 1085.000000
-658.000000 1053.000000
-673.000000 1036.000000
-678.000000 1006.000000
-687.000000 981.000000
-700.000000 964.000000
-716.000000 950.000000
-739.000000 946.000000
-765.000000 944.000000
-796.000000 949.000000
-835.000000 960.000000
-871.000000 968.000000
-915.000000 981.000000
-967.000000 1001.000000
-1013.000000 1013.000000
-1079.000000 1042.000000
-3109.000000 2899.000000
-2301.000000 2072.000000
-2290.000000 1990.000000
-2372.000000 1990.000000
-2292.000000 1856.000000
-2305.000000 1801.000000
-2324.000000 1751.000000
-2073.000000 1506.000000
-2233.000000 1564.000000
-2558.000000 1725.000000
-3773.000000 2450.000000
-3784.000000 2364.000000
-3789.000000 2276.000000
-3824.000000 2208.000000
-2254.000000 1249.000000
-2210.000000 1175.000000
-2215.000000 1129.000000
-2228.000000 1087.000000
-2240.000000 1045.000000
-2250.000000 1002.000000
-2260.000000 959.000000
-2271.000000 917.000000
-2280.000000 875.000000
-2291.000000 834.000000
-2295.000000 790.000000
-2309.000000 750.000000
-2886.000000 882.000000
-2920.000000 837.000000
-3108.000000 833.000000
-3037.000000 757.000000
-0.000000 0.000000
-3996.000000 849.000000
-4018.000000 781.000000
-4029.000000 710.000000
-4047.000000 641.000000
-4064.000000 571.000000
-3654.000000 449.000000
-3813.000000 401.000000
-3827.000000 335.000000
-3842.000000 269.000000
-3865.000000 203.000000
-3795.000000 133.000000
-3537.000000 62.000000
-3400.000000 0.000000
