181 2
1323.000000 0.000000
1852.000000 32.000000
1221.000000 43.000000
1119.000000 59.000000
1781.000000 125.000000
1748.000000 153.000000
1726.000000 181.000000
1717.000000 211.000000
1701.000000 239.000000
1678.000000 266.000000
1615.000000 285.000000
1600.000000 311.000000
1601.000000 340.000000
1495.000000 345.000000
1578.000000 393.000000
1553.000000 416.000000
1529.000000 439.000000
1517.000000 464.000000
1499.000000 487.000000
1479.000000 509.000000
1463.000000 533.000000
1445.000000 555.000000
1435.000000 580.000000
1407.000000 597.000000
1397.000000 622.000000
1377.000000 642.000000
841.000000 410.000000
833.000000 424.000000
1325.000000 705.000000
1313.000000 728.000000
1292.000000 746.000000
1197.000000 720.000000
1262.000000 789.000000
1245.000000 808.000000
1230.000000 830.000000
1208.000000 846.000000
1193.000000 867.000000
1180.000000 889.000000
1158.000000 904.000000
1149.000000 930.000000
1126.000000 945.000000
1110.000000 965.000000
1093.000000 984.000000
1084.000000 1011.000000
1052.000000 1016.000000
1085.000000 1085.000000
5084.000000 5265.000000
4932.000000 5288.000000
4466.000000 4960.000000
3925.000000 4515.000000
3411.000000 4065.000000
3075.000000 3797.000000
2846.000000 3642.000000
2758.000000 3660.000000
2703.000000 3721.000000
2648.000000 3782.000000
1961.000000 2907.000000
1812.000000 2790.000000
1679.000000 2687.000000
1551.000000 2581.000000
1434.000000 2484.000000
1333.000000 2405.000000
1236.000000 2325.000000
1148.000000 2253.000000
1064.000000 2182.000000
987.000000 2116.000000
926.000000 2079.000000
861.000000 2028.000000
801.000000 1981.000000
743.000000 1935.000000
689.000000 1893.000000
567.000000 1648.000000
526.000000 1618.000000
484.000000 1584.000000
447.000000 1560.000000
410.000000 1531.000000
374.000000 1501.000000
342.000000 1481.000000
309.000000 1452.000000
278.000000 1431.000000
248.000000 1409.000000
219.000000 1380.000000
192.000000 1365.000000
165.000000 1341.000000
139.000000 1324.000000
114.000000 1308.000000
90.000000 1284.000000
66.000000 1267.000000
44.000000 1248.000000
21.000000 1229.000000
-0.000000 1210.000000
-21.000000 1193.000000
-41.000000 1184.000000
-61.000000 1158.000000
-82.000000 1171.000000
-115.000000 1312.000000
-141.000000 1343.000000
-169.000000 1376.000000
-197.000000 1404.000000
-238.000000 1504.000000
-273.000000 1546.000000
-310.000000 1595.000000
-349.000000 1641.000000
-390.000000 1689.000000
-437.000000 1753.000000
-487.000000 1819.000000
-536.000000 1871.000000
-597.000000 1954.000000
-659.000000 2030.000000
-727.000000 2110.000000
-799.000000 2194.000000
-885.000000 2305.000000
-978.000000 2420.000000
-1089.000000 2565.000000
-1164.000000 2615.000000
-1282.000000 2750.000000
-1236.000000 2534.000000
-1359.000000 2668.000000
-1594.000000 2998.000000
-2422.000000 4369.000000
-2466.000000 4271.000000
-2639.000000 4391.000000
-3083.000000 4934.000000
-4526.000000 6970.000000
-4823.000000 7150.000000
-4941.000000 7056.000000
-5060.000000 6964.000000
-5176.000000 6868.000000
-5114.000000 6546.000000
-3653.000000 4511.000000
-3035.000000 3617.000000
-2319.000000 2668.000000
-2368.000000 2630.000000
-2106.000000 2258.000000
-2146.000000 2223.000000
-2184.000000 2184.000000
-2228.000000 2151.000000
-1629.000000 1519.000000
-1665.000000 1500.000000
-1677.000000 1458.000000
-1733.000000 1454.000000
-2441.000000 1977.000000
-2489.000000 1944.000000
-2528.000000 1905.000000
-2573.000000 1870.000000
-2613.000000 1830.000000
-2659.000000 1793.000000
-2706.000000 1757.000000
-2750.000000 1719.000000
-2803.000000 1684.000000
-2848.000000 1645.000000
-2890.000000 1602.000000
-3062.000000 1628.000000
-3449.000000 1757.000000
-2184.000000 1065.000000
-2143.000000 999.000000
-3631.000000 1617.000000
-3692.000000 1567.000000
-3752.000000 1516.000000
-3820.000000 1466.000000
-3887.000000 1415.000000
-3953.000000 1361.000000
-4017.000000 1305.000000
-4081.000000 1248.000000
-4152.000000 1190.000000
-4225.000000 1132.000000
-4307.000000 1074.000000
-4379.000000 1011.000000
-4456.000000 947.000000
-4543.000000 883.000000
-4623.000000 815.000000
-4709.000000 746.000000
-4809.000000 676.000000
-3042.000000 374.000000
-4672.000000 491.000000
-4600.000000 402.000000
-4631.000000 324.000000
-1873.000000 98.000000
-1834.000000 64.000000
-1823.000000 32.000000
-1824.000000 0.000000
