181 2
391.000000 0.000000
406.000000 7.000000
405.000000 14.000000
391.000000 21.000000
384.000000 27.000000
1890.000000 165.000000
1916.000000 201.000000
1933.000000 237.000000
1823.000000 256.000000
-0.000000 0.000000
2059.000000 363.000000
1846.000000 359.000000
1788.000000 380.000000
1882.000000 434.000000
1813.000000 452.000000
1784.000000 478.000000
1748.000000 501.000000
1878.000000 574.000000
1756.000000 570.000000
1736.000000 598.000000
1706.000000 621.000000
1720.000000 660.000000
1706.000000 689.000000
1501.000000 637.000000
1486.000000 662.000000
1475.000000 688.000000
1656.000000 808.000000
1631.000000 831.000000
1623.000000 863.000000
1621.000000 898.000000
1612.000000 931.000000
1547.000000 930.000000
1572.000000 982.000000
1567.000000 1017.000000
1573.000000 1061.000000
1306.000000 914.000000
1290.000000 937.000000
1287.000000 970.000000
1312.000000 1025.000000
1238.000000 1003.000000
1172.000000 983.000000
1115.000000 969.000000
1060.000000 955.000000
1055.000000 984.000000
1045.000000 1009.000000
1034.000000 1034.000000
1029.000000 1065.000000
1022.000000 1096.000000
1009.000000 1121.000000
1006.000000 1158.000000
992.000000 1182.000000
983.000000 1214.000000
973.000000 1245.000000
962.000000 1277.000000
952.000000 1310.000000
943.000000 1347.000000
935.000000 1386.000000
1263.000000 1945.000000
1246.000000 1995.000000
1450.000000 2414.000000
1216.000000 2107.000000
1192.000000 2151.000000
1168.000000 2196.000000
1152.000000 2261.000000
1132.000000 2321.000000
-0.000000 0.000000
1088.000000 2445.000000
1069.000000 2519.000000
1046.000000 2590.000000
1023.000000 2664.000000
993.000000 2729.000000
873.000000 2537.000000
770.000000 2369.000000
900.000000 2944.000000
810.000000 2824.000000
749.000000 2793.000000
471.000000 1890.000000
635.000000 2749.000000
580.000000 2728.000000
309.000000 1588.000000
471.000000 2673.000000
424.000000 2677.000000
373.000000 2657.000000
324.000000 2638.000000
275.000000 2617.000000
227.000000 2595.000000
118.000000 1685.000000
87.000000 1653.000000
55.000000 1561.000000
27.000000 1533.000000
-0.000000 1548.000000
-29.000000 1687.000000
-54.000000 1553.000000
-81.000000 1541.000000
-108.000000 1539.000000
-134.000000 1533.000000
-163.000000 1548.000000
-207.000000 1686.000000
-239.000000 1701.000000
-270.000000 1703.000000
-389.000000 2205.000000
-456.000000 2347.000000
-494.000000 2325.000000
-533.000000 2310.000000
-575.000000 2305.000000
-613.000000 2289.000000
-652.000000 2272.000000
-692.000000 2263.000000
-729.000000 2244.000000
-636.000000 1848.000000
-670.000000 1840.000000
-1527.000000 3977.000000
-1190.000000 2947.000000
-1234.000000 2908.000000
-1433.000000 3218.000000
-1806.000000 3874.000000
-1881.000000 3858.000000
-1953.000000 3832.000000
-2023.000000 3805.000000
-2052.000000 3702.000000
-2128.000000 3686.000000
-2243.000000 3733.000000
-2317.000000 3709.000000
-2392.000000 3683.000000
-2465.000000 3655.000000
-2507.000000 3580.000000
-2607.000000 3589.000000
-2350.000000 3119.000000
-2498.000000 3197.000000
-2852.000000 3522.000000
-2931.000000 3493.000000
-3015.000000 3468.000000
-3056.000000 3394.000000
-3184.000000 3414.000000
-3263.000000 3379.000000
-3346.000000 3346.000000
-4726.000000 4564.000000
-1722.000000 1605.000000
-1690.000000 1522.000000
-1475.000000 1282.000000
-1453.000000 1219.000000
-1438.000000 1164.000000
-1418.000000 1108.000000
-1400.000000 1055.000000
-1373.000000 997.000000
-1360.000000 952.000000
-1344.000000 906.000000
-1329.000000 863.000000
-1320.000000 825.000000
-1302.000000 782.000000
-1290.000000 745.000000
-1270.000000 704.000000
-1257.000000 669.000000
-1245.000000 634.000000
-1239.000000 605.000000
-1233.000000 575.000000
-1220.000000 543.000000
-1206.000000 512.000000
-1198.000000 484.000000
-1191.000000 457.000000
-1177.000000 429.000000
-1172.000000 404.000000
-1161.000000 377.000000
-1153.000000 353.000000
-1142.000000 327.000000
-1139.000000 305.000000
-1127.000000 281.000000
-1122.000000 259.000000
-1117.000000 237.000000
-1104.000000 215.000000
-1104.000000 195.000000
-1092.000000 173.000000
-1087.000000 153.000000
-1074.000000 132.000000
-1078.000000 113.000000
-1070.000000 94.000000
-1061.000000 74.000000
-1054.000000 55.000000
-1039.000000 36.000000
-719.000000 13.000000
-671.000000 0.000000
