181 2
7292.000000 0.000000
7297.000000 127.000000
7291.000000 255.000000
7294.000000 382.000000
7280.000000 509.000000
7277.000000 637.000000
7270.000000 764.000000
7267.000000 892.000000
7236.000000 1017.000000
7225.000000 1144.000000
5492.000000 968.000000
4916.000000 956.000000
4350.000000 925.000000
4024.000000 929.000000
4044.000000 1008.000000
4034.000000 1081.000000
4348.000000 1247.000000
4031.000000 1232.000000
3871.000000 1258.000000
3863.000000 1330.000000
3873.000000 1410.000000
3867.000000 1484.000000
3868.000000 1563.000000
3857.000000 1637.000000
3854.000000 1716.000000
3848.000000 1794.000000
3848.000000 1877.000000
3847.000000 1960.000000
3843.000000 2044.000000
3839.000000 2128.000000
3834.000000 2214.000000
3830.000000 2301.000000
3674.000000 2296.000000
3522.000000 2287.000000
3405.000000 2297.000000
3297.000000 2309.000000
3175.000000 2306.000000
3164.000000 2384.000000
3158.000000 2468.000000
3108.000000 2517.000000
2996.000000 2514.000000
2888.000000 2510.000000
2776.000000 2499.000000
2683.000000 2502.000000
2564.000000 2476.000000
2485.000000 2485.000000
2393.000000 2478.000000
2314.000000 2481.000000
2225.000000 2471.000000
1911.000000 2198.000000
1854.000000 2210.000000
1786.000000 2206.000000
1719.000000 2200.000000
1669.000000 2215.000000
1610.000000 2216.000000
1557.000000 2223.000000
1498.000000 2221.000000
1439.000000 2217.000000
1386.000000 2218.000000
1333.000000 2218.000000
1279.000000 2216.000000
1223.000000 2206.000000
1176.000000 2212.000000
1125.000000 2207.000000
1073.000000 2200.000000
1028.000000 2204.000000
982.000000 2206.000000
936.000000 2205.000000
890.000000 2204.000000
845.000000 2202.000000
800.000000 2199.000000
756.000000 2195.000000
704.000000 2166.000000
663.000000 2169.000000
623.000000 2172.000000
580.000000 2165.000000
540.000000 2166.000000
498.000000 2156.000000
482.000000 2268.000000
466.000000 2395.000000
425.000000 2409.000000
381.000000 2406.000000
337.000000 2401.000000
295.000000 2404.000000
253.000000 2406.000000
210.000000 2404.000000
168.000000 2398.000000
126.000000 2395.000000
83.000000 2390.000000
42.000000 2389.000000
-0.000000 2387.000000
-42.000000 2385.000000
-83.000000 2384.000000
-125.000000 2379.000000
-167.000000 2383.000000
-208.000000 2379.000000
-250.000000 2375.000000
-292.000000 2375.000000
-334.000000 2374.000000
-376.000000 2373.000000
-419.000000 2374.000000
-463.000000 2379.000000
-504.000000 2373.000000
-547.000000 2371.000000
-590.000000 2367.000000
-633.000000 2362.000000
-676.000000 2359.000000
-722.000000 2363.000000
-760.000000 2341.000000
-771.000000 2240.000000
-765.000000 2102.000000
-808.000000 2104.000000
-853.000000 2111.000000
-896.000000 2111.000000
-939.000000 2108.000000
-983.000000 2107.000000
-1031.000000 2113.000000
-1075.000000 2110.000000
-1121.000000 2108.000000
-1170.000000 2110.000000
-1215.000000 2105.000000
-1261.000000 2098.000000
-1311.000000 2098.000000
-1363.000000 2099.000000
-1414.000000 2096.000000
-1416.000000 2022.000000
-1414.000000 1946.000000
-1410.000000 1871.000000
-1409.000000 1803.000000
-1412.000000 1743.000000
-1400.000000 1668.000000
-1399.000000 1609.000000
-1396.000000 1550.000000
-1395.000000 1496.000000
-1395.000000 1444.000000
-1392.000000 1392.000000
-1395.000000 1347.000000
-1390.000000 1296.000000
-1392.000000 1253.000000
-1435.000000 1247.000000
-1478.000000 1241.000000
-1529.000000 1239.000000
-1582.000000 1236.000000
-1633.000000 1231.000000
-1694.000000 1231.000000
-1754.000000 1228.000000
-1813.000000 1223.000000
-1880.000000 1221.000000
-1946.000000 1216.000000
-2015.000000 1211.000000
-2098.000000 1211.000000
-2173.000000 1204.000000
-2259.000000 1201.000000
-2352.000000 1199.000000
-2447.000000 1193.000000
-2551.000000 1190.000000
-2657.000000 1183.000000
-2774.000000 1178.000000
-2898.000000 1171.000000
-3036.000000 1165.000000
-3179.000000 1157.000000
-3344.000000 1152.000000
-3520.000000 1144.000000
-3711.000000 1135.000000
-3938.000000 1129.000000
-4442.000000 1190.000000
-4717.000000 1176.000000
-5008.000000 1156.000000
-5084.000000 1081.000000
-5290.000000 1028.000000
-5294.000000 934.000000
-5292.000000 838.000000
-5287.000000 743.000000
-5282.000000 649.000000
-5277.000000 555.000000
-5269.000000 461.000000
-5268.000000 368.000000
-5265.000000 276.000000
-5262.000000 184.000000
-5254.000000 92.000000
-5245.000000 0.000000
