181 2
1737.000000 0.000000
1716.000000 30.000000
1671.000000 58.000000
1674.000000 88.000000
1642.000000 115.000000
1615.000000 141.000000
1608.000000 169.000000
1578.000000 194.000000
1543.000000 217.000000
1521.000000 241.000000
1599.000000 282.000000
1647.000000 320.000000
1679.000000 357.000000
1728.000000 399.000000
1705.000000 425.000000
1682.000000 451.000000
1667.000000 478.000000
1641.000000 502.000000
1631.000000 530.000000
1600.000000 551.000000
1591.000000 579.000000
1567.000000 602.000000
1549.000000 626.000000
1520.000000 645.000000
1506.000000 671.000000
1480.000000 690.000000
1479.000000 721.000000
1452.000000 740.000000
1426.000000 758.000000
1418.000000 786.000000
1404.000000 811.000000
1380.000000 829.000000
1360.000000 850.000000
1346.000000 874.000000
1329.000000 896.000000
1308.000000 916.000000
1292.000000 939.000000
1279.000000 964.000000
1259.000000 984.000000
1224.000000 991.000000
1221.000000 1025.000000
1208.000000 1050.000000
1180.000000 1063.000000
1170.000000 1091.000000
1148.000000 1109.000000
1139.000000 1139.000000
1113.000000 1152.000000
1100.000000 1180.000000
1083.000000 1202.000000
1060.000000 1220.000000
1046.000000 1246.000000
1024.000000 1264.000000
1011.000000 1294.000000
990.000000 1314.000000
970.000000 1335.000000
946.000000 1352.000000
903.000000 1338.000000
835.000000 1286.000000
752.000000 1203.000000
731.000000 1216.000000
720.000000 1247.000000
705.000000 1273.000000
688.000000 1294.000000
667.000000 1310.000000
653.000000 1338.000000
635.000000 1361.000000
613.000000 1378.000000
604.000000 1423.000000
584.000000 1446.000000
566.000000 1475.000000
543.000000 1493.000000
523.000000 1519.000000
503.000000 1547.000000
481.000000 1574.000000
459.000000 1601.000000
438.000000 1636.000000
413.000000 1655.000000
390.000000 1691.000000
367.000000 1724.000000
341.000000 1752.000000
315.000000 1785.000000
288.000000 1819.000000
260.000000 1852.000000
232.000000 1890.000000
202.000000 1922.000000
172.000000 1963.000000
140.000000 1995.000000
107.000000 2034.000000
73.000000 2084.000000
37.000000 2130.000000
-0.000000 2161.000000
-38.000000 2180.000000
-78.000000 2226.000000
-119.000000 2272.000000
-163.000000 2335.000000
-249.000000 2848.000000
-307.000000 2920.000000
-367.000000 2993.000000
-435.000000 3097.000000
-506.000000 3194.000000
-581.000000 3292.000000
-657.000000 3379.000000
-734.000000 3453.000000
-787.000000 3407.000000
-842.000000 3378.000000
-890.000000 3321.000000
-987.000000 3442.000000
-1099.000000 3596.000000
-1178.000000 3624.000000
-1304.000000 3788.000000
-1384.000000 3804.000000
-1444.000000 3760.000000
-1498.000000 3707.000000
-1555.000000 3664.000000
-1611.000000 3618.000000
-1666.000000 3572.000000
-1719.000000 3524.000000
-1776.000000 3486.000000
-1828.000000 3437.000000
-1883.000000 3397.000000
-1938.000000 3357.000000
-1986.000000 3305.000000
-2265.000000 3625.000000
-2742.000000 4223.000000
-3412.000000 5058.000000
-4436.000000 6335.000000
-4552.000000 6265.000000
-4660.000000 6185.000000
-4763.000000 6096.000000
-4868.000000 6011.000000
-4974.000000 5928.000000
-5083.000000 5847.000000
-5189.000000 5763.000000
-5292.000000 5675.000000
-5423.000000 5616.000000
-5530.000000 5530.000000
-5632.000000 5439.000000
-5740.000000 5353.000000
-5846.000000 5264.000000
-5957.000000 5178.000000
-6066.000000 5090.000000
-6155.000000 4984.000000
-6237.000000 4873.000000
-5918.000000 4459.000000
-5611.000000 4076.000000
-5343.000000 3741.000000
-5077.000000 3424.000000
-4865.000000 3159.000000
-4715.000000 2946.000000
-4793.000000 2880.000000
-4683.000000 2704.000000
-4185.000000 2320.000000
-4078.000000 2168.000000
-3961.000000 2018.000000
-3839.000000 1872.000000
-3863.000000 1801.000000
-3933.000000 1751.000000
-4002.000000 1699.000000
-4066.000000 1643.000000
-4137.000000 1588.000000
-4208.000000 1532.000000
-4285.000000 1475.000000
-4226.000000 1373.000000
-4144.000000 1267.000000
-4056.000000 1163.000000
-3993.000000 1070.000000
-3948.000000 984.000000
-3925.000000 906.000000
-4002.000000 851.000000
-4058.000000 789.000000
-3994.000000 704.000000
-3919.000000 621.000000
-3862.000000 543.000000
-3795.000000 466.000000
-3736.000000 393.000000
-3694.000000 323.000000
-3626.000000 254.000000
-3580.000000 188.000000
-3532.000000 123.000000
-3478.000000 61.000000
-3143.000000 0.000000
