181 2
2860.000000 0.000000
2906.000000 51.000000
2942.000000 103.000000
2986.000000 156.000000
3030.000000 212.000000
3081.000000 270.000000
3131.000000 329.000000
3187.000000 391.000000
3240.000000 455.000000
3295.000000 522.000000
3363.000000 593.000000
3425.000000 666.000000
3487.000000 741.000000
3563.000000 823.000000
3628.000000 905.000000
3711.000000 994.000000
3784.000000 1085.000000
3864.000000 1181.000000
3955.000000 1285.000000
4039.000000 1391.000000
4150.000000 1510.000000
4251.000000 1632.000000
4368.000000 1765.000000
4495.000000 1908.000000
4620.000000 2057.000000
4757.000000 2218.000000
4910.000000 2395.000000
5064.000000 2580.000000
5139.000000 2732.000000
5048.000000 2798.000000
4974.000000 2872.000000
4890.000000 2938.000000
4814.000000 3008.000000
4738.000000 3077.000000
4689.000000 3163.000000
4613.000000 3230.000000
4532.000000 3293.000000
4456.000000 3358.000000
4375.000000 3418.000000
4302.000000 3483.000000
4232.000000 3551.000000
4159.000000 3616.000000
3817.000000 3437.000000
3749.000000 3496.000000
3566.000000 3444.000000
3553.000000 3553.000000
3536.000000 3661.000000
3523.000000 3777.000000
3512.000000 3900.000000
3501.000000 4027.000000
3483.000000 4151.000000
3417.000000 4220.000000
3343.000000 4279.000000
3273.000000 4344.000000
1523.000000 2096.000000
1283.000000 1832.000000
1249.000000 1852.000000
1228.000000 1890.000000
1201.000000 1922.000000
1166.000000 1940.000000
1125.000000 1949.000000
979.000000 1766.000000
955.000000 1797.000000
918.000000 1801.000000
900.000000 1846.000000
801.000000 1717.000000
771.000000 1732.000000
740.000000 1743.000000
730.000000 1808.000000
790.000000 2058.000000
760.000000 2087.000000
725.000000 2106.000000
695.000000 2138.000000
663.000000 2168.000000
629.000000 2195.000000
595.000000 2222.000000
561.000000 2249.000000
526.000000 2278.000000
490.000000 2304.000000
455.000000 2339.000000
417.000000 2365.000000
380.000000 2400.000000
342.000000 2432.000000
303.000000 2465.000000
263.000000 2505.000000
222.000000 2537.000000
180.000000 2569.000000
137.000000 2608.000000
90.000000 2588.000000
44.000000 2541.000000
-0.000000 2484.000000
-43.000000 2440.000000
-83.000000 2389.000000
-123.000000 2342.000000
-159.000000 2276.000000
-197.000000 2246.000000
-232.000000 2212.000000
-267.000000 2178.000000
-304.000000 2160.000000
-339.000000 2141.000000
-386.000000 2190.000000
-433.000000 2227.000000
-484.000000 2276.000000
-521.000000 2255.000000
-553.000000 2216.000000
-583.000000 2174.000000
-612.000000 2134.000000
-641.000000 2097.000000
-669.000000 2058.000000
-699.000000 2030.000000
-726.000000 1996.000000
-751.000000 1958.000000
-780.000000 1929.000000
-809.000000 1905.000000
-836.000000 1877.000000
-860.000000 1845.000000
-892.000000 1829.000000
-915.000000 1796.000000
-934.000000 1757.000000
-961.000000 1733.000000
-984.000000 1705.000000
-1011.000000 1682.000000
-1031.000000 1650.000000
-1056.000000 1625.000000
-1081.000000 1603.000000
-1102.000000 1574.000000
-1122.000000 1544.000000
-1147.000000 1522.000000
-1172.000000 1500.000000
-1193.000000 1473.000000
-1217.000000 1450.000000
-1235.000000 1420.000000
-1257.000000 1396.000000
-1106.000000 1186.000000
-1124.000000 1164.000000
-1134.000000 1134.000000
-1152.000000 1112.000000
-1175.000000 1095.000000
-1197.000000 1078.000000
-1215.000000 1056.000000
-1235.000000 1036.000000
-1247.000000 1010.000000
-1283.000000 1002.000000
-1308.000000 986.000000
-1325.000000 963.000000
-1349.000000 945.000000
-1365.000000 921.000000
-1381.000000 897.000000
-1397.000000 873.000000
-1420.000000 853.000000
-1444.000000 834.000000
-1457.000000 808.000000
-1480.000000 787.000000
-1501.000000 765.000000
-1513.000000 738.000000
-1534.000000 715.000000
-1553.000000 691.000000
-1578.000000 670.000000
-1604.000000 648.000000
-1624.000000 624.000000
-1644.000000 598.000000
-1663.000000 573.000000
-1680.000000 546.000000
-1707.000000 522.000000
-1726.000000 495.000000
-1753.000000 470.000000
-1768.000000 441.000000
-1794.000000 414.000000
-1817.000000 386.000000
-1849.000000 359.000000
-1865.000000 329.000000
-1887.000000 299.000000
-1913.000000 269.000000
-1916.000000 235.000000
-1946.000000 205.000000
-1961.000000 172.000000
-1991.000000 139.000000
-2018.000000 106.000000
-2041.000000 71.000000
-2399.000000 42.000000
-2428.000000 0.000000
