181 2
1677.000000 0.000000
1724.000000 30.000000
1772.000000 62.000000
1820.000000 95.000000
1875.000000 131.000000
1937.000000 169.000000
1998.000000 210.000000
2072.000000 254.000000
2140.000000 301.000000
2221.000000 352.000000
2291.000000 404.000000
2378.000000 462.000000
2469.000000 525.000000
2564.000000 592.000000
2672.000000 666.000000
2795.000000 749.000000
2926.000000 839.000000
3086.000000 943.000000
3229.000000 1049.000000
3094.000000 1065.000000
3015.000000 1097.000000
883.000000 339.000000
866.000000 350.000000
854.000000 363.000000
853.000000 380.000000
832.000000 388.000000
829.000000 404.000000
822.000000 419.000000
745.000000 396.000000
722.000000 400.000000
712.000000 411.000000
683.000000 410.000000
670.000000 419.000000
661.000000 429.000000
641.000000 432.000000
639.000000 447.000000
636.000000 462.000000
623.000000 469.000000
608.000000 475.000000
595.000000 482.000000
591.000000 496.000000
577.000000 501.000000
574.000000 517.000000
558.000000 520.000000
553.000000 534.000000
559.000000 559.000000
568.000000 588.000000
591.000000 633.000000
577.000000 641.000000
566.000000 651.000000
523.000000 624.000000
605.000000 748.000000
978.000000 1252.000000
964.000000 1279.000000
941.000000 1295.000000
922.000000 1316.000000
1038.000000 1539.000000
1215.000000 1870.000000
1177.000000 1884.000000
1137.000000 1893.000000
1091.000000 1890.000000
1051.000000 1896.000000
1011.000000 1902.000000
974.000000 1911.000000
936.000000 1920.000000
882.000000 1891.000000
847.000000 1903.000000
948.000000 2234.000000
1203.000000 2978.000000
1122.000000 2924.000000
1048.000000 2878.000000
791.000000 2297.000000
762.000000 2344.000000
731.000000 2390.000000
698.000000 2436.000000
667.000000 2490.000000
635.000000 2545.000000
600.000000 2599.000000
554.000000 2606.000000
500.000000 2571.000000
126.000000 716.000000
98.000000 621.000000
78.000000 559.000000
69.000000 562.000000
59.000000 558.000000
48.000000 553.000000
39.000000 556.000000
28.000000 542.000000
19.000000 541.000000
10.000000 553.000000
-0.000000 564.000000
-14.000000 801.000000
-28.000000 816.000000
-44.000000 832.000000
-57.000000 818.000000
-72.000000 821.000000
-87.000000 825.000000
-101.000000 825.000000
-127.000000 901.000000
-190.000000 1197.000000
-221.000000 1256.000000
-245.000000 1258.000000
-285.000000 1340.000000
-453.000000 1963.000000
-488.000000 1956.000000
-529.000000 1974.000000
-569.000000 1984.000000
-571.000000 1869.000000
-1224.000000 3768.000000
-727.000000 2110.000000
-677.000000 1860.000000
-737.000000 1919.000000
-759.000000 1878.000000
-762.000000 1794.000000
-777.000000 1746.000000
-797.000000 1710.000000
-845.000000 1732.000000
-865.000000 1698.000000
-890.000000 1674.000000
-924.000000 1666.000000
-954.000000 1652.000000
-867.000000 1443.000000
-890.000000 1425.000000
-1034.000000 1593.000000
-1061.000000 1573.000000
-1081.000000 1544.000000
-1066.000000 1468.000000
-1142.000000 1516.000000
-1168.000000 1495.000000
-1186.000000 1465.000000
-1212.000000 1444.000000
-1247.000000 1435.000000
-1084.000000 1204.000000
-1103.000000 1183.000000
-1138.000000 1178.000000
-1191.000000 1191.000000
-1137.000000 1098.000000
-1083.000000 1010.000000
-1059.000000 954.000000
-1082.000000 941.000000
-1106.000000 928.000000
-1130.000000 915.000000
-1153.000000 901.000000
-1176.000000 886.000000
-1199.000000 871.000000
-1230.000000 861.000000
-1244.000000 839.000000
-1275.000000 828.000000
-1295.000000 809.000000
-1324.000000 796.000000
-1354.000000 782.000000
-1375.000000 762.000000
-1404.000000 746.000000
-1434.000000 730.000000
-1975.000000 963.000000
-2010.000000 937.000000
-2057.000000 916.000000
-2079.000000 883.000000
-2161.000000 873.000000
-2197.000000 843.000000
-2229.000000 811.000000
-2260.000000 778.000000
-0.000000 0.000000
-2340.000000 715.000000
-2129.000000 611.000000
-2457.000000 658.000000
-2498.000000 623.000000
-2541.000000 587.000000
-2598.000000 552.000000
-2646.000000 514.000000
-2718.000000 479.000000
-2678.000000 424.000000
-2353.000000 331.000000
-2376.000000 292.000000
-2851.000000 300.000000
-2786.000000 244.000000
-2761.000000 193.000000
-2727.000000 143.000000
-0.000000 0.000000
-2647.000000 46.000000
-2620.000000 0.000000
