181 2
2578.000000 0.000000
2589.000000 45.000000
2578.000000 90.000000
2583.000000 135.000000
2583.000000 181.000000
2575.000000 225.000000
2575.000000 271.000000
2586.000000 317.000000
2585.000000 363.000000
2598.000000 411.000000
2581.000000 455.000000
2582.000000 502.000000
2573.000000 547.000000
2568.000000 593.000000
2568.000000 640.000000
2570.000000 689.000000
2561.000000 734.000000
2557.000000 782.000000
2559.000000 832.000000
2552.000000 879.000000
2553.000000 929.000000
2553.000000 980.000000
2549.000000 1030.000000
2462.000000 1045.000000
2297.000000 1023.000000
2278.000000 1062.000000
2288.000000 1116.000000
2285.000000 1164.000000
2279.000000 1212.000000
2276.000000 1261.000000
2274.000000 1313.000000
2275.000000 1367.000000
2269.000000 1418.000000
2263.000000 1469.000000
2260.000000 1524.000000
2255.000000 1579.000000
2250.000000 1635.000000
2251.000000 1697.000000
2242.000000 1752.000000
2239.000000 1813.000000
2229.000000 1871.000000
2226.000000 1935.000000
2220.000000 1999.000000
2220.000000 2070.000000
2211.000000 2135.000000
2205.000000 2205.000000
2204.000000 2282.000000
2200.000000 2359.000000
2195.000000 2438.000000
2187.000000 2515.000000
2182.000000 2601.000000
2176.000000 2687.000000
2168.000000 2775.000000
2165.000000 2873.000000
2157.000000 2968.000000
2153.000000 3074.000000
2147.000000 3183.000000
2137.000000 3291.000000
2131.000000 3410.000000
2124.000000 3534.000000
2115.000000 3664.000000
2107.000000 3802.000000
2101.000000 3951.000000
2090.000000 4102.000000
2082.000000 4269.000000
2072.000000 4443.000000
2062.000000 4632.000000
2052.000000 4834.000000
2027.000000 5018.000000
1924.000000 5012.000000
1823.000000 5010.000000
1721.000000 4999.000000
1622.000000 4993.000000
1524.000000 4985.000000
1429.000000 4983.000000
1341.000000 5006.000000
1245.000000 4995.000000
1152.000000 4990.000000
1059.000000 4984.000000
969.000000 4985.000000
877.000000 4972.000000
788.000000 4978.000000
698.000000 4963.000000
609.000000 4958.000000
516.000000 4909.000000
430.000000 4910.000000
343.000000 4905.000000
257.000000 4904.000000
172.000000 4913.000000
86.000000 4910.000000
-0.000000 4901.000000
-86.000000 4906.000000
-171.000000 4904.000000
-256.000000 4876.000000
-341.000000 4878.000000
-147.000000 1679.000000
-176.000000 1677.000000
-207.000000 1687.000000
-237.000000 1687.000000
-268.000000 1691.000000
-298.000000 1688.000000
-323.000000 1660.000000
-310.000000 1457.000000
-333.000000 1442.000000
-356.000000 1426.000000
-380.000000 1418.000000
-407.000000 1418.000000
-434.000000 1421.000000
-435.000000 1340.000000
-430.000000 1250.000000
-451.000000 1239.000000
-473.000000 1231.000000
-506.000000 1253.000000
-632.000000 1489.000000
-670.000000 1505.000000
-700.000000 1501.000000
-729.000000 1494.000000
-763.000000 1498.000000
-794.000000 1493.000000
-825.000000 1489.000000
-858.000000 1487.000000
-895.000000 1490.000000
-926.000000 1482.000000
-957.000000 1474.000000
-994.000000 1473.000000
-1030.000000 1470.000000
-1072.000000 1475.000000
-1109.000000 1471.000000
-1145.000000 1466.000000
-1183.000000 1461.000000
-1233.000000 1469.000000
-1269.000000 1460.000000
-1307.000000 1451.000000
-1353.000000 1451.000000
-1397.000000 1447.000000
-1443.000000 1443.000000
-1490.000000 1439.000000
-1537.000000 1434.000000
-1546.000000 1392.000000
-1540.000000 1338.000000
-1538.000000 1291.000000
-1530.000000 1239.000000
-1539.000000 1202.000000
-1529.000000 1152.000000
-1534.000000 1114.000000
-1529.000000 1070.000000
-1512.000000 1020.000000
-1514.000000 983.000000
-1510.000000 943.000000
-1508.000000 906.000000
-1503.000000 868.000000
-1498.000000 830.000000
-1486.000000 790.000000
-1533.000000 781.000000
-1595.000000 778.000000
-1664.000000 776.000000
-1717.000000 765.000000
-1737.000000 737.000000
-1739.000000 703.000000
-1736.000000 666.000000
-1734.000000 631.000000
-1727.000000 595.000000
-1729.000000 562.000000
-1725.000000 527.000000
-1720.000000 493.000000
-1718.000000 460.000000
-1726.000000 430.000000
-1716.000000 396.000000
-1705.000000 362.000000
-1713.000000 333.000000
-1704.000000 300.000000
-1705.000000 270.000000
-1709.000000 240.000000
-1712.000000 210.000000
-1711.000000 180.000000
-1716.000000 150.000000
-1702.000000 119.000000
-1693.000000 89.000000
-1694.000000 59.000000
-1690.000000 29.000000
-1677.000000 0.000000
