181 2
1460.000000 0.000000
1428.000000 25.000000
1406.000000 49.000000
1391.000000 73.000000
1380.000000 96.000000
1360.000000 119.000000
1337.000000 140.000000
1316.000000 162.000000
1294.000000 182.000000
1272.000000 201.000000
1259.000000 222.000000
1238.000000 241.000000
1216.000000 258.000000
1204.000000 278.000000
1191.000000 297.000000
1168.000000 313.000000
1154.000000 331.000000
1143.000000 349.000000
1119.000000 364.000000
1104.000000 380.000000
1088.000000 396.000000
1073.000000 412.000000
1057.000000 427.000000
1040.000000 442.000000
1023.000000 456.000000
1015.000000 473.000000
990.000000 483.000000
983.000000 501.000000
964.000000 513.000000
955.000000 529.000000
938.000000 542.000000
928.000000 558.000000
910.000000 569.000000
900.000000 584.000000
882.000000 595.000000
872.000000 610.000000
854.000000 620.000000
843.000000 635.000000
832.000000 650.000000
808.000000 654.000000
794.000000 667.000000
785.000000 682.000000
764.000000 688.000000
685.000000 638.000000
370.000000 357.000000
337.000000 337.000000
330.000000 342.000000
392.000000 421.000000
681.000000 757.000000
690.000000 794.000000
676.000000 805.000000
661.000000 817.000000
652.000000 835.000000
637.000000 846.000000
622.000000 857.000000
613.000000 875.000000
603.000000 894.000000
587.000000 904.000000
573.000000 917.000000
557.000000 927.000000
546.000000 946.000000
529.000000 955.000000
515.000000 968.000000
502.000000 985.000000
484.000000 993.000000
471.000000 1011.000000
457.000000 1027.000000
443.000000 1044.000000
425.000000 1051.000000
414.000000 1078.000000
395.000000 1085.000000
350.000000 1017.000000
355.000000 1092.000000
348.000000 1137.000000
329.000000 1147.000000
287.000000 1071.000000
296.000000 1188.000000
278.000000 1204.000000
261.000000 1228.000000
241.000000 1239.000000
223.000000 1264.000000
203.000000 1284.000000
182.000000 1294.000000
163.000000 1325.000000
141.000000 1341.000000
119.000000 1362.000000
97.000000 1382.000000
73.000000 1388.000000
23.000000 671.000000
12.000000 662.000000
-0.000000 677.000000
-25.000000 1460.000000
-26.000000 747.000000
-37.000000 713.000000
-51.000000 733.000000
-142.000000 1618.000000
-174.000000 1657.000000
-208.000000 1692.000000
-393.000000 2795.000000
-438.000000 2766.000000
-479.000000 2719.000000
-522.000000 2685.000000
-561.000000 2639.000000
-601.000000 2604.000000
-640.000000 2565.000000
-680.000000 2537.000000
-716.000000 2497.000000
-751.000000 2457.000000
-765.000000 2353.000000
-370.000000 1074.000000
-453.000000 1245.000000
-845.000000 2202.000000
-880.000000 2179.000000
-911.000000 2147.000000
-941.000000 2113.000000
-973.000000 2087.000000
-1002.000000 2054.000000
-1033.000000 2028.000000
-1064.000000 2001.000000
-1090.000000 1966.000000
-1124.000000 1947.000000
-1154.000000 1920.000000
-1178.000000 1885.000000
-1206.000000 1858.000000
-1239.000000 1836.000000
-1265.000000 1807.000000
-1291.000000 1777.000000
-1323.000000 1755.000000
-1348.000000 1726.000000
-2081.000000 2570.000000
-2540.000000 3027.000000
-2991.000000 3441.000000
-1669.000000 1853.000000
-1692.000000 1814.000000
-1722.000000 1783.000000
-1954.000000 1954.000000
-1989.000000 1921.000000
-3503.000000 3267.000000
-3558.000000 3204.000000
-3619.000000 3146.000000
-3675.000000 3084.000000
-3737.000000 3026.000000
-3777.000000 2951.000000
-3467.000000 2612.000000
-3525.000000 2561.000000
-3579.000000 2506.000000
-3630.000000 2448.000000
-2925.000000 1900.000000
-2904.000000 1814.000000
-2987.000000 1795.000000
-3851.000000 2224.000000
-3906.000000 2165.000000
-3960.000000 2106.000000
-4009.000000 2043.000000
-4073.000000 1987.000000
-4130.000000 1926.000000
-4192.000000 1867.000000
-4721.000000 2004.000000
-3428.000000 1385.000000
-4863.000000 1867.000000
-4930.000000 1794.000000
-5010.000000 1725.000000
-5091.000000 1654.000000
-5162.000000 1578.000000
-5234.000000 1501.000000
-5314.000000 1424.000000
-5389.000000 1344.000000
-5473.000000 1264.000000
-5566.000000 1183.000000
-5638.000000 1096.000000
-5731.000000 1010.000000
-5816.000000 921.000000
-5915.000000 831.000000
-6010.000000 738.000000
-5893.000000 619.000000
-3780.000000 331.000000
-3643.000000 255.000000
-4336.000000 227.000000
-6454.000000 225.000000
-4782.000000 83.000000
-3686.000000 0.000000
