181 2
1642.000000 0.000000
1617.000000 28.000000
1604.000000 56.000000
1594.000000 84.000000
1553.000000 109.000000
1560.000000 136.000000
1548.000000 163.000000
1527.000000 187.000000
1513.000000 213.000000
1505.000000 238.000000
1485.000000 262.000000
1473.000000 286.000000
1462.000000 311.000000
1450.000000 335.000000
1435.000000 358.000000
1422.000000 381.000000
1411.000000 405.000000
1451.000000 444.000000
1536.000000 499.000000
1709.000000 588.000000
1701.000000 619.000000
1682.000000 646.000000
1671.000000 675.000000
1671.000000 709.000000
1710.000000 761.000000
4341.000000 2024.000000
4608.000000 2248.000000
4563.000000 2325.000000
2925.000000 1555.000000
2888.000000 1601.000000
2852.000000 1647.000000
2824.000000 1697.000000
2800.000000 1750.000000
2769.000000 1798.000000
2737.000000 1846.000000
2704.000000 1893.000000
2676.000000 1944.000000
3157.000000 2379.000000
3205.000000 2504.000000
3887.000000 3148.000000
3846.000000 3227.000000
3798.000000 3301.000000
3425.000000 3084.000000
3497.000000 3261.000000
3457.000000 3339.000000
3419.000000 3419.000000
3352.000000 3471.000000
3116.000000 3342.000000
2931.000000 3256.000000
2893.000000 3328.000000
2855.000000 3402.000000
2813.000000 3474.000000
2772.000000 3548.000000
2733.000000 3627.000000
2622.000000 3608.000000
2468.000000 3524.000000
2326.000000 3449.000000
1580.000000 2433.000000
2067.000000 3307.000000
1945.000000 3237.000000
1832.000000 3173.000000
1729.000000 3119.000000
1153.000000 2168.000000
1085.000000 2130.000000
1443.000000 2958.000000
1355.000000 2907.000000
1278.000000 2870.000000
1200.000000 2826.000000
1126.000000 2786.000000
1053.000000 2744.000000
848.000000 2329.000000
676.000000 1963.000000
854.000000 2627.000000
799.000000 2614.000000
738.000000 2573.000000
681.000000 2540.000000
628.000000 2519.000000
573.000000 2484.000000
522.000000 2457.000000
455.000000 2339.000000
424.000000 2405.000000
376.000000 2376.000000
332.000000 2360.000000
286.000000 2330.000000
241.000000 2297.000000
200.000000 2284.000000
158.000000 2261.000000
116.000000 2215.000000
79.000000 2273.000000
49.000000 2828.000000
-0.000000 2912.000000
-52.000000 3004.000000
-108.000000 3103.000000
-169.000000 3217.000000
-233.000000 3336.000000
-303.000000 3459.000000
-378.000000 3595.000000
-459.000000 3740.000000
-548.000000 3902.000000
-645.000000 4072.000000
-203.000000 1152.000000
-223.000000 1149.000000
-242.000000 1139.000000
-279.000000 1209.000000
-323.000000 1297.000000
-372.000000 1388.000000
-330.000000 1153.000000
-351.000000 1147.000000
-371.000000 1142.000000
-391.000000 1136.000000
-407.000000 1117.000000
-426.000000 1110.000000
-445.000000 1102.000000
-461.000000 1086.000000
-480.000000 1079.000000
-494.000000 1060.000000
-521.000000 1068.000000
-544.000000 1068.000000
-558.000000 1050.000000
-578.000000 1043.000000
-595.000000 1031.000000
-617.000000 1026.000000
-636.000000 1019.000000
-652.000000 1004.000000
-674.000000 999.000000
-691.000000 986.000000
-706.000000 972.000000
-729.000000 967.000000
-746.000000 954.000000
-766.000000 946.000000
-789.000000 940.000000
-805.000000 926.000000
-821.000000 912.000000
-843.000000 904.000000
-859.000000 889.000000
-880.000000 880.000000
-902.000000 871.000000
-923.000000 861.000000
-945.000000 850.000000
-958.000000 833.000000
-978.000000 821.000000
-1000.000000 810.000000
-1022.000000 799.000000
-1041.000000 784.000000
-1070.000000 777.000000
-1090.000000 763.000000
-1110.000000 749.000000
-1131.000000 734.000000
-1156.000000 722.000000
-1179.000000 708.000000
-1205.000000 696.000000
-1226.000000 680.000000
-1254.000000 667.000000
-1279.000000 652.000000
-1307.000000 637.000000
-1336.000000 623.000000
-1360.000000 606.000000
-1389.000000 590.000000
-1415.000000 572.000000
-1451.000000 557.000000
-1479.000000 538.000000
-1515.000000 522.000000
-1550.000000 504.000000
-1577.000000 482.000000
-1610.000000 462.000000
-1654.000000 443.000000
-1686.000000 420.000000
-1730.000000 399.000000
-1771.000000 377.000000
-1800.000000 350.000000
-1812.000000 320.000000
-1857.000000 294.000000
-1897.000000 267.000000
-1766.000000 217.000000
-1786.000000 188.000000
-1837.000000 161.000000
-1896.000000 133.000000
-1953.000000 102.000000
-2023.000000 71.000000
-2088.000000 36.000000
-2159.000000 0.000000
