181 2
773.000000 0.000000
763.000000 13.000000
753.000000 26.000000
743.000000 39.000000
732.000000 51.000000
722.000000 63.000000
716.000000 75.000000
708.000000 87.000000
694.000000 98.000000
689.000000 109.000000
673.000000 119.000000
669.000000 130.000000
664.000000 141.000000
659.000000 152.000000
654.000000 163.000000
642.000000 172.000000
632.000000 181.000000
626.000000 192.000000
616.000000 200.000000
600.000000 207.000000
595.000000 216.000000
591.000000 227.000000
579.000000 234.000000
580.000000 246.000000
563.000000 251.000000
562.000000 262.000000
547.000000 267.000000
544.000000 277.000000
539.000000 286.000000
534.000000 296.000000
520.000000 301.000000
521.000000 313.000000
511.000000 319.000000
503.000000 327.000000
498.000000 336.000000
490.000000 343.000000
485.000000 352.000000
477.000000 359.000000
472.000000 369.000000
460.000000 373.000000
460.000000 386.000000
446.000000 388.000000
445.000000 401.000000
461.000000 430.000000
598.000000 577.000000
984.000000 984.000000
959.000000 993.000000
928.000000 995.000000
907.000000 1008.000000
885.000000 1018.000000
860.000000 1025.000000
831.000000 1026.000000
811.000000 1039.000000
787.000000 1044.000000
766.000000 1055.000000
739.000000 1056.000000
717.000000 1063.000000
698.000000 1074.000000
675.000000 1080.000000
656.000000 1091.000000
632.000000 1096.000000
612.000000 1105.000000
591.000000 1112.000000
571.000000 1121.000000
551.000000 1129.000000
530.000000 1136.000000
507.000000 1139.000000
485.000000 1142.000000
464.000000 1148.000000
445.000000 1160.000000
425.000000 1168.000000
403.000000 1171.000000
381.000000 1173.000000
363.000000 1187.000000
341.000000 1190.000000
320.000000 1193.000000
299.000000 1201.000000
278.000000 1205.000000
258.000000 1216.000000
239.000000 1227.000000
218.000000 1234.000000
196.000000 1239.000000
175.000000 1245.000000
154.000000 1254.000000
132.000000 1253.000000
110.000000 1261.000000
89.000000 1269.000000
67.000000 1278.000000
45.000000 1279.000000
23.000000 1290.000000
-0.000000 1298.000000
-23.000000 1318.000000
-46.000000 1309.000000
-67.000000 1286.000000
-89.000000 1271.000000
-112.000000 1284.000000
-137.000000 1305.000000
-162.000000 1319.000000
-189.000000 1344.000000
-216.000000 1362.000000
-244.000000 1387.000000
-272.000000 1400.000000
-303.000000 1423.000000
-334.000000 1448.000000
-895.000000 3591.000000
-985.000000 3674.000000
-1032.000000 3598.000000
-1115.000000 3648.000000
-1209.000000 3721.000000
-1098.000000 3190.000000
-1180.000000 3243.000000
-1264.000000 3292.000000
-1360.000000 3366.000000
-1192.000000 2808.000000
-1160.000000 2605.000000
-1247.000000 2674.000000
-1356.000000 2781.000000
-1388.000000 2725.000000
-1427.000000 2684.000000
-1460.000000 2633.000000
-1495.000000 2589.000000
-1585.000000 2638.000000
-1696.000000 2714.000000
-1819.000000 2800.000000
-2058.000000 3052.000000
-2095.000000 2992.000000
-2131.000000 2933.000000
-2166.000000 2874.000000
-2205.000000 2822.000000
-2242.000000 2769.000000
-2278.000000 2715.000000
-2315.000000 2663.000000
-2349.000000 2608.000000
-2384.000000 2557.000000
-2412.000000 2498.000000
-2447.000000 2447.000000
-2472.000000 2388.000000
-2517.000000 2347.000000
-2559.000000 2304.000000
-2591.000000 2252.000000
-2623.000000 2201.000000
-2593.000000 2099.000000
-2351.000000 1837.000000
-2727.000000 2055.000000
-2763.000000 2007.000000
-2790.000000 1954.000000
-2831.000000 1910.000000
-2856.000000 1854.000000
-2896.000000 1810.000000
-2927.000000 1759.000000
-2957.000000 1708.000000
-2933.000000 1626.000000
-2560.000000 1361.000000
-2579.000000 1314.000000
-2609.000000 1273.000000
-2647.000000 1234.000000
-2677.000000 1192.000000
-2699.000000 1146.000000
-1423.000000 575.000000
-1287.000000 494.000000
-1311.000000 477.000000
-1301.000000 448.000000
-1248.000000 405.000000
-1190.000000 364.000000
-1155.000000 331.000000
-1123.000000 301.000000
-1084.000000 270.000000
-1057.000000 244.000000
-1024.000000 218.000000
-999.000000 194.000000
-968.000000 171.000000
-945.000000 150.000000
-821.000000 115.000000
-774.000000 95.000000
-758.000000 80.000000
-732.000000 64.000000
-718.000000 50.000000
-694.000000 36.000000
-670.000000 23.000000
-662.000000 12.000000
-643.000000 0.000000
