181 2
4821.000000 0.000000
3339.000000 58.000000
3422.000000 119.000000
3587.000000 188.000000
4468.000000 312.000000
4493.000000 393.000000
4510.000000 474.000000
4412.000000 542.000000
4228.000000 594.000000
4046.000000 641.000000
4075.000000 719.000000
4105.000000 798.000000
4125.000000 877.000000
4144.000000 957.000000
4152.000000 1035.000000
4123.000000 1105.000000
3982.000000 1142.000000
3852.000000 1178.000000
3727.000000 1211.000000
3599.000000 1239.000000
3485.000000 1269.000000
2482.000000 953.000000
3270.000000 1321.000000
3174.000000 1347.000000
3073.000000 1368.000000
2984.000000 1392.000000
2898.000000 1413.000000
2814.000000 1434.000000
2007.000000 1067.000000
2378.000000 1318.000000
2034.000000 1175.000000
2523.000000 1516.000000
2447.000000 1529.000000
2382.000000 1547.000000
2324.000000 1567.000000
2258.000000 1581.000000
2118.000000 1539.000000
2068.000000 1559.000000
2087.000000 1630.000000
1518.000000 1229.000000
1714.000000 1438.000000
1912.000000 1662.000000
1868.000000 1682.000000
1811.000000 1689.000000
1768.000000 1707.000000
1719.000000 1719.000000
1662.000000 1721.000000
1625.000000 1743.000000
1578.000000 1753.000000
1536.000000 1767.000000
1494.000000 1780.000000
1444.000000 1784.000000
1408.000000 1802.000000
1367.000000 1814.000000
1327.000000 1826.000000
1291.000000 1844.000000
1366.000000 2025.000000
1750.000000 2695.000000
1793.000000 2869.000000
1846.000000 3072.000000
1900.000000 3292.000000
1962.000000 3539.000000
2042.000000 3841.000000
2131.000000 4183.000000
2232.000000 4576.000000
2335.000000 5006.000000
4636.000000 10414.000000
4996.000000 11770.000000
5364.000000 13275.000000
5437.000000 14163.000000
5189.000000 14256.000000
2698.000000 7836.000000
2556.000000 7866.000000
2415.000000 7900.000000
2278.000000 7944.000000
2138.000000 7979.000000
314.000000 1260.000000
293.000000 1271.000000
432.000000 2033.000000
349.000000 1796.000000
240.000000 1362.000000
215.000000 1360.000000
192.000000 1364.000000
168.000000 1366.000000
144.000000 1366.000000
121.000000 1385.000000
97.000000 1386.000000
73.000000 1387.000000
48.000000 1388.000000
25.000000 1418.000000
-0.000000 1427.000000
-25.000000 1429.000000
-50.000000 1438.000000
-76.000000 1448.000000
-102.000000 1454.000000
-128.000000 1461.000000
-154.000000 1470.000000
-181.000000 1476.000000
-210.000000 1491.000000
-237.000000 1495.000000
-265.000000 1501.000000
-293.000000 1506.000000
-323.000000 1519.000000
-352.000000 1523.000000
-381.000000 1528.000000
-413.000000 1540.000000
-444.000000 1548.000000
-476.000000 1556.000000
-509.000000 1565.000000
-542.000000 1573.000000
-575.000000 1581.000000
-609.000000 1587.000000
-644.000000 1594.000000
-683.000000 1608.000000
-717.000000 1610.000000
-758.000000 1625.000000
-793.000000 1627.000000
-834.000000 1638.000000
-877.000000 1648.000000
-923.000000 1664.000000
-967.000000 1675.000000
-1015.000000 1689.000000
-1060.000000 1696.000000
-1110.000000 1709.000000
-1160.000000 1720.000000
-1216.000000 1737.000000
-1273.000000 1752.000000
-1331.000000 1766.000000
-1385.000000 1773.000000
-1425.000000 1759.000000
-1490.000000 1776.000000
-1552.000000 1786.000000
-1621.000000 1801.000000
-1702.000000 1825.000000
-1778.000000 1841.000000
-1866.000000 1866.000000
-1958.000000 1891.000000
-2053.000000 1914.000000
-2149.000000 1935.000000
-2211.000000 1922.000000
-2234.000000 1874.000000
-2244.000000 1817.000000
-2262.000000 1768.000000
-2268.000000 1709.000000
-2284.000000 1659.000000
-2296.000000 1608.000000
-2317.000000 1563.000000
-2326.000000 1511.000000
-2337.000000 1460.000000
-2347.000000 1410.000000
-2357.000000 1361.000000
-2375.000000 1316.000000
-1158.000000 615.000000
-1174.000000 598.000000
-1189.000000 580.000000
-1183.000000 552.000000
-1190.000000 530.000000
-1194.000000 507.000000
-1194.000000 482.000000
-1453.000000 558.000000
-2032.000000 739.000000
-2038.000000 702.000000
-2041.000000 663.000000
-2053.000000 628.000000
-2055.000000 589.000000
-2067.000000 554.000000
-2077.000000 518.000000
-2086.000000 482.000000
-2093.000000 445.000000
-2108.000000 410.000000
-2113.000000 373.000000
-2119.000000 336.000000
-2132.000000 300.000000
-2135.000000 262.000000
-2138.000000 225.000000
-2156.000000 189.000000
-2169.000000 152.000000
-1734.000000 91.000000
-2181.000000 76.000000
-1929.000000 34.000000
-2187.000000 0.000000
