181 2
2505.000000 0.000000
2537.000000 44.000000
2581.000000 90.000000
2621.000000 137.000000
2662.000000 186.000000
2690.000000 235.000000
2619.000000 275.000000
2584.000000 317.000000
580.000000 82.000000
582.000000 92.000000
574.000000 101.000000
566.000000 110.000000
570.000000 121.000000
558.000000 129.000000
559.000000 139.000000
561.000000 150.000000
565.000000 162.000000
774.000000 237.000000
827.000000 269.000000
823.000000 283.000000
812.000000 296.000000
802.000000 308.000000
798.000000 323.000000
885.000000 375.000000
2265.000000 1008.000000
1804.000000 841.000000
1845.000000 900.000000
1782.000000 908.000000
1764.000000 938.000000
1756.000000 973.000000
1749.000000 1010.000000
1737.000000 1044.000000
1740.000000 1087.000000
1737.000000 1128.000000
1628.000000 1098.000000
1759.000000 1231.000000
1811.000000 1316.000000
1588.000000 1196.000000
1617.000000 1263.000000
1576.000000 1276.000000
1493.000000 1253.000000
1451.000000 1262.000000
1422.000000 1280.000000
1412.000000 1317.000000
1381.000000 1334.000000
1343.000000 1343.000000
1337.000000 1384.000000
1254.000000 1345.000000
1132.000000 1257.000000
1113.000000 1281.000000
1220.000000 1454.000000
1193.000000 1473.000000
1167.000000 1493.000000
1136.000000 1507.000000
1116.000000 1536.000000
1088.000000 1554.000000
1060.000000 1571.000000
1029.000000 1584.000000
1010.000000 1616.000000
836.000000 1391.000000
810.000000 1403.000000
837.000000 1510.000000
787.000000 1481.000000
706.000000 1386.000000
637.000000 1307.000000
606.000000 1300.000000
587.000000 1319.000000
568.000000 1337.000000
548.000000 1356.000000
524.000000 1365.000000
507.000000 1392.000000
485.000000 1409.000000
463.000000 1426.000000
441.000000 1443.000000
419.000000 1461.000000
397.000000 1483.000000
373.000000 1497.000000
351.000000 1522.000000
329.000000 1546.000000
304.000000 1562.000000
279.000000 1585.000000
344.000000 2172.000000
308.000000 2189.000000
273.000000 2222.000000
235.000000 2237.000000
201.000000 2302.000000
163.000000 2336.000000
123.000000 2355.000000
83.000000 2385.000000
-0.000000 0.000000
-0.000000 1969.000000
-27.000000 1538.000000
-57.000000 1633.000000
-85.000000 1613.000000
-114.000000 1629.000000
-142.000000 1628.000000
-170.000000 1622.000000
-199.000000 1618.000000
-228.000000 1619.000000
-254.000000 1604.000000
-279.000000 1585.000000
-311.000000 1599.000000
-325.000000 1530.000000
-351.000000 1521.000000
-607.000000 2434.000000
-0.000000 0.000000
-676.000000 2359.000000
-711.000000 2327.000000
-750.000000 2308.000000
-789.000000 2291.000000
-824.000000 2264.000000
-861.000000 2242.000000
-574.000000 1421.000000
-583.000000 1372.000000
-558.000000 1252.000000
-574.000000 1231.000000
-604.000000 1238.000000
-689.000000 1353.000000
-647.000000 1217.000000
-665.000000 1200.000000
-682.000000 1181.000000
-698.000000 1161.000000
-715.000000 1144.000000
-737.000000 1136.000000
-761.000000 1127.000000
-809.000000 1155.000000
-896.000000 1234.000000
-909.000000 1207.000000
-941.000000 1204.000000
-1193.000000 1473.000000
-1406.000000 1676.000000
-1430.000000 1645.000000
-1453.000000 1613.000000
-1475.000000 1582.000000
-1498.000000 1551.000000
-1520.000000 1520.000000
-1542.000000 1489.000000
-1563.000000 1457.000000
-1405.000000 1265.000000
-1309.000000 1138.000000
-1338.000000 1122.000000
-3137.000000 2541.000000
-3181.000000 2485.000000
-3224.000000 2430.000000
-3273.000000 2378.000000
-3314.000000 2321.000000
-3361.000000 2267.000000
-3400.000000 2208.000000
-3452.000000 2157.000000
-3498.000000 2102.000000
-3533.000000 2040.000000
-3585.000000 1987.000000
-3131.000000 1665.000000
-3683.000000 1876.000000
-3729.000000 1819.000000
-3777.000000 1761.000000
-3822.000000 1702.000000
-3793.000000 1610.000000
-3889.000000 1571.000000
-3468.000000 1331.000000
-3896.000000 1418.000000
-4072.000000 1402.000000
-4122.000000 1339.000000
-4169.000000 1274.000000
-4190.000000 1202.000000
-4269.000000 1144.000000
-4324.000000 1078.000000
-3786.000000 874.000000
-6272.000000 1333.000000
-6093.000000 1184.000000
-2123.000000 374.000000
-2054.000000 325.000000
-1748.000000 246.000000
-1710.000000 210.000000
-1666.000000 175.000000
-1621.000000 142.000000
-1589.000000 111.000000
-1545.000000 81.000000
-1508.000000 53.000000
-1473.000000 26.000000
-1442.000000 0.000000
