181 2
605.000000 0.000000
603.000000 11.000000
602.000000 21.000000
608.000000 32.000000
607.000000 42.000000
614.000000 54.000000
611.000000 64.000000
614.000000 75.000000
615.000000 86.000000
609.000000 97.000000
612.000000 108.000000
615.000000 120.000000
613.000000 130.000000
621.000000 143.000000
618.000000 154.000000
624.000000 167.000000
620.000000 178.000000
617.000000 189.000000
624.000000 203.000000
629.000000 217.000000
631.000000 230.000000
635.000000 244.000000
631.000000 255.000000
636.000000 270.000000
632.000000 281.000000
635.000000 296.000000
637.000000 311.000000
641.000000 326.000000
643.000000 342.000000
645.000000 357.000000
644.000000 372.000000
652.000000 392.000000
651.000000 407.000000
648.000000 421.000000
-0.000000 0.000000
-0.000000 0.000000
-0.000000 0.000000
-0.000000 0.000000
-0.000000 0.000000
800.000000 648.000000
807.000000 677.000000
-0.000000 0.000000
1160.000000 1045.000000
1218.000000 1136.000000
1248.000000 1205.000000
1711.000000 1711.000000
1662.000000 1721.000000
1612.000000 1729.000000
1564.000000 1737.000000
1222.000000 1406.000000
1186.000000 1413.000000
1140.000000 1407.000000
1124.000000 1439.000000
1337.000000 1775.000000
1300.000000 1790.000000
1253.000000 1790.000000
1213.000000 1798.000000
1171.000000 1803.000000
1136.000000 1817.000000
1095.000000 1822.000000
1054.000000 1826.000000
1018.000000 1836.000000
977.000000 1837.000000
940.000000 1844.000000
903.000000 1852.000000
867.000000 1859.000000
831.000000 1865.000000
794.000000 1870.000000
757.000000 1874.000000
721.000000 1879.000000
688.000000 1892.000000
652.000000 1895.000000
617.000000 1898.000000
584.000000 1911.000000
548.000000 1911.000000
514.000000 1918.000000
478.000000 1918.000000
445.000000 1926.000000
412.000000 1937.000000
378.000000 1944.000000
344.000000 1950.000000
310.000000 1957.000000
274.000000 1952.000000
240.000000 1956.000000
207.000000 1968.000000
173.000000 1975.000000
133.000000 1899.000000
76.000000 1453.000000
53.000000 1528.000000
35.000000 1991.000000
-0.000000 1989.000000
-35.000000 1998.000000
-70.000000 2009.000000
-106.000000 2017.000000
-141.000000 2014.000000
-177.000000 2020.000000
-213.000000 2027.000000
-251.000000 2043.000000
-288.000000 2048.000000
-316.000000 1992.000000
-364.000000 2063.000000
-403.000000 2073.000000
-432.000000 2034.000000
-481.000000 2085.000000
-520.000000 2085.000000
-404.000000 1507.000000
-602.000000 2100.000000
-510.000000 1668.000000
-503.000000 1548.000000
-729.000000 2118.000000
-775.000000 2130.000000
-819.000000 2132.000000
-865.000000 2141.000000
-875.000000 2061.000000
-962.000000 2160.000000
-1011.000000 2168.000000
-1061.000000 2175.000000
-1111.000000 2181.000000
-1166.000000 2192.000000
-1898.000000 3423.000000
-1916.000000 3319.000000
-958.000000 1594.000000
-1951.000000 3122.000000
-1959.000000 3017.000000
-1982.000000 2938.000000
-1998.000000 2854.000000
-2012.000000 2769.000000
-2028.000000 2691.000000
-2041.000000 2612.000000
-2052.000000 2534.000000
-1964.000000 2341.000000
-1981.000000 2279.000000
-1991.000000 2211.000000
-2004.000000 2149.000000
-2015.000000 2087.000000
-2025.000000 2025.000000
-2040.000000 1970.000000
-2046.000000 1908.000000
-2057.000000 1852.000000
-2069.000000 1798.000000
-2078.000000 1743.000000
-2094.000000 1695.000000
-2100.000000 1641.000000
-2113.000000 1592.000000
-2118.000000 1539.000000
-2334.000000 1634.000000
-2504.000000 1689.000000
-2633.000000 1710.000000
-2775.000000 1734.000000
-2927.000000 1759.000000
-3091.000000 1785.000000
-3275.000000 1816.000000
-3482.000000 1852.000000
-3707.000000 1889.000000
-3872.000000 1889.000000
-4128.000000 1925.000000
-4415.000000 1966.000000
-4692.000000 1992.000000
-4702.000000 1900.000000
-4713.000000 1809.000000
-4727.000000 1720.000000
-4748.000000 1635.000000
-4760.000000 1547.000000
-4774.000000 1460.000000
-4786.000000 1372.000000
-4809.000000 1289.000000
-4815.000000 1200.000000
-4363.000000 1007.000000
-3541.000000 753.000000
-3530.000000 686.000000
-3558.000000 627.000000
-4413.000000 699.000000
-4426.000000 622.000000
-4436.000000 545.000000
-4446.000000 467.000000
-4448.000000 389.000000
-4463.000000 312.000000
-783.000000 41.000000
-703.000000 25.000000
-640.000000 11.000000
-598.000000 0.000000
