181 2
1462.000000 0.000000
1452.000000 25.000000
1444.000000 50.000000
1441.000000 76.000000
1434.000000 100.000000
1412.000000 123.000000
1402.000000 147.000000
1402.000000 172.000000
1400.000000 197.000000
1387.000000 220.000000
819.000000 144.000000
821.000000 160.000000
1367.000000 291.000000
1363.000000 315.000000
1281.000000 319.000000
1090.000000 292.000000
810.000000 232.000000
884.000000 270.000000
1257.000000 409.000000
1305.000000 449.000000
1306.000000 475.000000
1292.000000 496.000000
1284.000000 519.000000
1283.000000 545.000000
1273.000000 567.000000
1263.000000 589.000000
1253.000000 611.000000
1240.000000 632.000000
1245.000000 662.000000
1231.000000 683.000000
1226.000000 708.000000
1215.000000 730.000000
1202.000000 751.000000
1195.000000 776.000000
1189.000000 802.000000
1182.000000 828.000000
1167.000000 848.000000
1153.000000 869.000000
1085.000000 848.000000
1145.000000 927.000000
1135.000000 953.000000
1127.000000 979.000000
1116.000000 1005.000000
1107.000000 1032.000000
1095.000000 1057.000000
1091.000000 1091.000000
651.000000 674.000000
634.000000 679.000000
1044.000000 1159.000000
2204.000000 2535.000000
2098.000000 2500.000000
1999.000000 2468.000000
1899.000000 2431.000000
1805.000000 2395.000000
1721.000000 2369.000000
1635.000000 2335.000000
1564.000000 2318.000000
1487.000000 2290.000000
1413.000000 2262.000000
1339.000000 2229.000000
1279.000000 2216.000000
1218.000000 2198.000000
1159.000000 2179.000000
1100.000000 2159.000000
1043.000000 2138.000000
986.000000 2115.000000
934.000000 2098.000000
877.000000 2067.000000
775.000000 1919.000000
732.000000 1906.000000
688.000000 1892.000000
649.000000 1885.000000
608.000000 1870.000000
567.000000 1853.000000
529.000000 1847.000000
492.000000 1835.000000
455.000000 1824.000000
419.000000 1813.000000
383.000000 1804.000000
347.000000 1783.000000
312.000000 1770.000000
280.000000 1768.000000
247.000000 1756.000000
214.000000 1740.000000
182.000000 1734.000000
151.000000 1727.000000
120.000000 1710.000000
89.000000 1703.000000
59.000000 1693.000000
29.000000 1678.000000
-0.000000 1929.000000
-37.000000 2099.000000
-77.000000 2215.000000
-123.000000 2345.000000
-175.000000 2496.000000
-234.000000 2676.000000
-299.000000 2847.000000
-382.000000 3114.000000
-469.000000 3337.000000
-551.000000 3479.000000
-670.000000 3799.000000
-808.000000 4155.000000
-876.000000 4119.000000
-947.000000 4101.000000
-1015.000000 4071.000000
-1086.000000 4052.000000
-1153.000000 4022.000000
-1224.000000 4003.000000
-1294.000000 3982.000000
-1361.000000 3952.000000
-1430.000000 3930.000000
-1500.000000 3908.000000
-1567.000000 3877.000000
-1627.000000 3832.000000
-1510.000000 3391.000000
-1570.000000 3367.000000
-1630.000000 3342.000000
-1505.000000 2954.000000
-1308.000000 2460.000000
-1344.000000 2425.000000
-1392.000000 2412.000000
-1941.000000 3230.000000
-2006.000000 3211.000000
-2067.000000 3183.000000
-2132.000000 3160.000000
-2195.000000 3134.000000
-2249.000000 3095.000000
-2326.000000 3087.000000
-2391.000000 3060.000000
-2456.000000 3033.000000
-2047.000000 2440.000000
-1995.000000 2295.000000
-1985.000000 2204.000000
-2133.000000 2288.000000
-3168.000000 3281.000000
-3251.000000 3251.000000
-3340.000000 3225.000000
-3424.000000 3193.000000
-3514.000000 3164.000000
-3604.000000 3133.000000
-3694.000000 3100.000000
-3783.000000 3064.000000
-3880.000000 3032.000000
-3976.000000 2996.000000
-4078.000000 2963.000000
-4180.000000 2927.000000
-4281.000000 2888.000000
-4390.000000 2851.000000
-3074.000000 1921.000000
-4614.000000 2772.000000
-4716.000000 2723.000000
-4508.000000 2499.000000
-0.000000 0.000000
-2601.000000 1325.000000
-2759.000000 1346.000000
-3374.000000 1573.000000
-3687.000000 1642.000000
-5425.000000 2303.000000
-5427.000000 2193.000000
-2798.000000 1074.000000
-2835.000000 1032.000000
-2630.000000 906.000000
-2941.000000 955.000000
-3014.000000 922.000000
-2916.000000 836.000000
-2871.000000 769.000000
-2874.000000 717.000000
-974.000000 225.000000
-963.000000 205.000000
-956.000000 186.000000
-946.000000 167.000000
-936.000000 148.000000
-931.000000 131.000000
-925.000000 114.000000
-918.000000 96.000000
-908.000000 79.000000
-901.000000 63.000000
-894.000000 47.000000
-881.000000 31.000000
-869.000000 15.000000
-874.000000 0.000000
