181 2
2872.000000 0.000000
2800.000000 49.000000
2743.000000 96.000000
2689.000000 141.000000
2541.000000 178.000000
2489.000000 218.000000
2443.000000 257.000000
2399.000000 295.000000
2351.000000 330.000000
2320.000000 367.000000
2250.000000 397.000000
2211.000000 430.000000
2174.000000 462.000000
2134.000000 493.000000
2099.000000 523.000000
2065.000000 553.000000
2041.000000 585.000000
2008.000000 614.000000
1981.000000 644.000000
1944.000000 669.000000
1650.000000 601.000000
1538.000000 590.000000
1504.000000 608.000000
1480.000000 628.000000
1449.000000 645.000000
1424.000000 664.000000
1410.000000 688.000000
1382.000000 704.000000
1354.000000 720.000000
1332.000000 738.000000
1314.000000 759.000000
1291.000000 776.000000
1264.000000 790.000000
1240.000000 805.000000
1221.000000 824.000000
1201.000000 841.000000
1177.000000 855.000000
1164.000000 877.000000
1171.000000 915.000000
1255.000000 1016.000000
1367.000000 1147.000000
1355.000000 1178.000000
1335.000000 1202.000000
1313.000000 1224.000000
1296.000000 1251.000000
1302.000000 1302.000000
3327.000000 3445.000000
3426.000000 3674.000000
3425.000000 3803.000000
2246.000000 2584.000000
2119.000000 2526.000000
2075.000000 2562.000000
2031.000000 2600.000000
1979.000000 2627.000000
1938.000000 2667.000000
1892.000000 2702.000000
1844.000000 2733.000000
1800.000000 2772.000000
1817.000000 2907.000000
2069.000000 3443.000000
2498.000000 4327.000000
2431.000000 4386.000000
2361.000000 4440.000000
2136.000000 4193.000000
2092.000000 4290.000000
2029.000000 4352.000000
1965.000000 4412.000000
1891.000000 4455.000000
1719.000000 4255.000000
1571.000000 4094.000000
1506.000000 4137.000000
1445.000000 4195.000000
1382.000000 4253.000000
1316.000000 4305.000000
1251.000000 4363.000000
1159.000000 4324.000000
1046.000000 4194.000000
938.000000 4064.000000
594.000000 2796.000000
746.000000 3838.000000
659.000000 3739.000000
577.000000 3641.000000
498.000000 3542.000000
299.000000 2438.000000
263.000000 2502.000000
288.000000 3289.000000
219.000000 3138.000000
165.000000 3155.000000
107.000000 3074.000000
53.000000 3012.000000
-0.000000 2946.000000
-50.000000 2888.000000
-70.000000 2006.000000
-143.000000 2720.000000
-191.000000 2725.000000
-234.000000 2670.000000
-276.000000 2629.000000
-317.000000 2580.000000
-356.000000 2536.000000
-395.000000 2492.000000
-431.000000 2445.000000
-466.000000 2398.000000
-503.000000 2364.000000
-535.000000 2319.000000
-570.000000 2285.000000
-603.000000 2251.000000
-635.000000 2214.000000
-665.000000 2177.000000
-693.000000 2131.000000
-735.000000 2135.000000
-962.000000 2642.000000
-1038.000000 2704.000000
-1123.000000 2781.000000
-1210.000000 2852.000000
-1304.000000 2928.000000
-1406.000000 3014.000000
-1513.000000 3103.000000
-1632.000000 3202.000000
-1760.000000 3309.000000
-1900.000000 3429.000000
-2049.000000 3549.000000
-2216.000000 3688.000000
-620.000000 992.000000
-638.000000 982.000000
-683.000000 1013.000000
-752.000000 1074.000000
-829.000000 1142.000000
-725.000000 962.000000
-739.000000 946.000000
-755.000000 933.000000
-771.000000 919.000000
-787.000000 906.000000
-803.000000 892.000000
-812.000000 870.000000
-827.000000 856.000000
-832.000000 832.000000
-839.000000 811.000000
-873.000000 814.000000
-899.000000 810.000000
-906.000000 787.000000
-922.000000 774.000000
-933.000000 756.000000
-946.000000 739.000000
-960.000000 723.000000
-969.000000 704.000000
-989.000000 692.000000
-998.000000 673.000000
-1017.000000 661.000000
-1028.000000 642.000000
-1047.000000 629.000000
-1056.000000 610.000000
-1066.000000 591.000000
-1085.000000 577.000000
-1103.000000 562.000000
-1112.000000 542.000000
-1127.000000 526.000000
-1147.000000 511.000000
-1156.000000 491.000000
-1173.000000 474.000000
-1189.000000 457.000000
-1204.000000 438.000000
-1223.000000 421.000000
-1230.000000 400.000000
-1243.000000 380.000000
-1267.000000 363.000000
-1280.000000 343.000000
-1295.000000 323.000000
-1307.000000 302.000000
-1320.000000 281.000000
-1343.000000 261.000000
-1355.000000 239.000000
-1375.000000 218.000000
-1396.000000 196.000000
-1416.000000 174.000000
-1436.000000 151.000000
-1456.000000 127.000000
-1476.000000 103.000000
-1497.000000 78.000000
-1515.000000 53.000000
-1535.000000 27.000000
-1552.000000 0.000000
