181 2
784.000000 0.000000
778.000000 14.000000
773.000000 27.000000
777.000000 41.000000
779.000000 54.000000
776.000000 68.000000
772.000000 81.000000
797.000000 98.000000
823.000000 116.000000
860.000000 136.000000
867.000000 153.000000
852.000000 166.000000
833.000000 177.000000
1114.000000 257.000000
1563.000000 390.000000
1558.000000 417.000000
1558.000000 447.000000
1557.000000 476.000000
2147.000000 698.000000
2120.000000 730.000000
2089.000000 760.000000
2060.000000 791.000000
2031.000000 820.000000
2000.000000 849.000000
1982.000000 883.000000
1949.000000 909.000000
1935.000000 944.000000
1859.000000 947.000000
1836.000000 976.000000
2682.000000 1487.000000
2632.000000 1520.000000
2546.000000 1530.000000
2407.000000 1504.000000
2053.000000 1333.000000
2057.000000 1387.000000
2062.000000 1444.000000
2072.000000 1505.000000
2075.000000 1564.000000
2088.000000 1632.000000
2100.000000 1700.000000
2042.000000 1714.000000
1975.000000 1717.000000
420.000000 378.000000
422.000000 394.000000
413.000000 399.000000
406.000000 406.000000
401.000000 415.000000
385.000000 412.000000
377.000000 419.000000
372.000000 428.000000
373.000000 445.000000
381.000000 470.000000
502.000000 642.000000
516.000000 684.000000
497.000000 684.000000
486.000000 695.000000
475.000000 704.000000
462.000000 711.000000
446.000000 714.000000
445.000000 741.000000
592.000000 1026.000000
586.000000 1057.000000
596.000000 1120.000000
618.000000 1213.000000
881.000000 1806.000000
852.000000 1827.000000
828.000000 1859.000000
803.000000 1891.000000
781.000000 1932.000000
720.000000 1876.000000
1354.000000 3719.000000
676.000000 1964.000000
602.000000 1854.000000
593.000000 1939.000000
540.000000 1883.000000
501.000000 1871.000000
462.000000 1851.000000
502.000000 2173.000000
399.000000 1876.000000
362.000000 1864.000000
328.000000 1858.000000
300.000000 1892.000000
237.000000 1683.000000
205.000000 1669.000000
178.000000 1690.000000
166.000000 1893.000000
132.000000 1890.000000
99.000000 1881.000000
66.000000 1877.000000
33.000000 1891.000000
-0.000000 1890.000000
-33.000000 1880.000000
-66.000000 1884.000000
-90.000000 1718.000000
-113.000000 1610.000000
-140.000000 1605.000000
-182.000000 1735.000000
-199.000000 1623.000000
-212.000000 1510.000000
-225.000000 1421.000000
-248.000000 1404.000000
-274.000000 1412.000000
-301.000000 1415.000000
-328.000000 1422.000000
-355.000000 1424.000000
-383.000000 1429.000000
-410.000000 1429.000000
-437.000000 1429.000000
-468.000000 1440.000000
-495.000000 1438.000000
-526.000000 1444.000000
-554.000000 1444.000000
-586.000000 1450.000000
-619.000000 1457.000000
-648.000000 1454.000000
-680.000000 1459.000000
-960.000000 1967.000000
-1008.000000 1978.000000
-1058.000000 1989.000000
-1101.000000 1985.000000
-1173.000000 2033.000000
-1208.000000 2011.000000
-1254.000000 2006.000000
-1293.000000 1991.000000
-833.000000 1235.000000
-1412.000000 2017.000000
-1072.000000 1475.000000
-1527.000000 2026.000000
-1587.000000 2031.000000
-1646.000000 2032.000000
-1710.000000 2038.000000
-1361.000000 1565.000000
-1394.000000 1549.000000
-1780.000000 1909.000000
-1638.000000 1696.000000
-1748.000000 1748.000000
-2011.000000 1942.000000
-1343.000000 1252.000000
-2045.000000 1841.000000
-1110.000000 965.000000
-2047.000000 1718.000000
-2054.000000 1663.000000
-2061.000000 1611.000000
-2060.000000 1553.000000
-2065.000000 1500.000000
-2060.000000 1443.000000
-2063.000000 1392.000000
-1637.000000 1063.000000
-1264.000000 790.000000
-1192.000000 716.000000
-1171.000000 676.000000
-1199.000000 665.000000
-1242.000000 661.000000
-1241.000000 632.000000
-1236.000000 603.000000
-1243.000000 580.000000
-1266.000000 564.000000
-1330.000000 565.000000
-1405.000000 568.000000
-1441.000000 553.000000
-1458.000000 531.000000
-1862.000000 641.000000
-2096.000000 681.000000
-2111.000000 645.000000
-2115.000000 606.000000
-2108.000000 565.000000
-2110.000000 526.000000
-2112.000000 488.000000
-2113.000000 449.000000
-2114.000000 411.000000
-2115.000000 373.000000
-2116.000000 335.000000
-2123.000000 298.000000
-1740.000000 214.000000
-1730.000000 182.000000
-1744.000000 153.000000
-4026.000000 282.000000
-4038.000000 212.000000
-4042.000000 141.000000
-4043.000000 71.000000
-4044.000000 0.000000
