181 2
4856.000000 0.000000
3884.000000 68.000000
3874.000000 135.000000
3844.000000 201.000000
3838.000000 268.000000
3837.000000 336.000000
3929.000000 413.000000
4966.000000 610.000000
5119.000000 719.000000
5121.000000 811.000000
5118.000000 902.000000
5072.000000 986.000000
4602.000000 978.000000
4605.000000 1063.000000
4606.000000 1148.000000
3053.000000 818.000000
4604.000000 1320.000000
4593.000000 1404.000000
2446.000000 795.000000
4110.000000 1415.000000
3856.000000 1403.000000
2003.000000 769.000000
2161.000000 873.000000
3232.000000 1372.000000
3071.000000 1367.000000
2920.000000 1362.000000
2786.000000 1359.000000
2507.000000 1278.000000
2479.000000 1318.000000
2422.000000 1342.000000
841.000000 486.000000
831.000000 500.000000
830.000000 519.000000
829.000000 539.000000
828.000000 559.000000
825.000000 578.000000
746.000000 542.000000
720.000000 542.000000
690.000000 539.000000
665.000000 539.000000
643.000000 540.000000
628.000000 546.000000
601.000000 541.000000
578.000000 539.000000
570.000000 551.000000
559.000000 559.000000
537.000000 556.000000
524.000000 562.000000
503.000000 559.000000
482.000000 554.000000
467.000000 556.000000
451.000000 556.000000
438.000000 560.000000
423.000000 561.000000
408.000000 561.000000
392.000000 560.000000
377.000000 560.000000
363.000000 559.000000
348.000000 556.000000
333.000000 555.000000
318.000000 552.000000
304.000000 549.000000
291.000000 547.000000
281.000000 552.000000
268.000000 549.000000
259.000000 555.000000
245.000000 550.000000
232.000000 546.000000
222.000000 550.000000
210.000000 546.000000
200.000000 550.000000
191.000000 555.000000
179.000000 550.000000
168.000000 551.000000
157.000000 546.000000
147.000000 550.000000
136.000000 544.000000
126.000000 546.000000
116.000000 548.000000
107.000000 549.000000
97.000000 549.000000
87.000000 548.000000
78.000000 552.000000
67.000000 545.000000
57.000000 546.000000
48.000000 547.000000
38.000000 548.000000
28.000000 540.000000
19.000000 541.000000
9.000000 533.000000
-0.000000 538.000000
-9.000000 532.000000
-19.000000 537.000000
-28.000000 534.000000
-37.000000 531.000000
-47.000000 538.000000
-56.000000 535.000000
-66.000000 540.000000
-75.000000 537.000000
-85.000000 534.000000
-95.000000 541.000000
-105.000000 539.000000
-114.000000 537.000000
-123.000000 533.000000
-133.000000 533.000000
-145.000000 540.000000
-156.000000 544.000000
-165.000000 539.000000
-174.000000 536.000000
-187.000000 543.000000
-193.000000 530.000000
-202.000000 526.000000
-215.000000 532.000000
-224.000000 527.000000
-237.000000 532.000000
-246.000000 528.000000
-256.000000 524.000000
-269.000000 527.000000
-282.000000 531.000000
-291.000000 526.000000
-305.000000 529.000000
-313.000000 521.000000
-327.000000 524.000000
-337.000000 518.000000
-352.000000 522.000000
-360.000000 514.000000
-374.000000 515.000000
-389.000000 516.000000
-404.000000 517.000000
-418.000000 517.000000
-433.000000 516.000000
-448.000000 515.000000
-462.000000 514.000000
-484.000000 519.000000
-497.000000 515.000000
-513.000000 513.000000
-534.000000 516.000000
-549.000000 512.000000
-566.000000 510.000000
-587.000000 510.000000
-611.000000 513.000000
-634.000000 514.000000
-656.000000 513.000000
-671.000000 506.000000
-692.000000 503.000000
-713.000000 500.000000
-744.000000 502.000000
-772.000000 501.000000
-796.000000 498.000000
-828.000000 498.000000
-860.000000 497.000000
-892.000000 495.000000
-934.000000 497.000000
-956.000000 487.000000
-950.000000 463.000000
-994.000000 464.000000
-1035.000000 461.000000
-1075.000000 456.000000
-1117.000000 451.000000
-1160.000000 445.000000
-1215.000000 442.000000
-1273.000000 438.000000
-1339.000000 435.000000
-1407.000000 430.000000
-1484.000000 426.000000
-1575.000000 422.000000
-1676.000000 418.000000
-1778.000000 411.000000
-1771.000000 377.000000
-1781.000000 346.000000
-1777.000000 313.000000
-1773.000000 281.000000
-1769.000000 249.000000
-1773.000000 218.000000
-1767.000000 186.000000
-1763.000000 154.000000
-1771.000000 124.000000
-1768.000000 93.000000
-1756.000000 61.000000
-1757.000000 31.000000
-1747.000000 0.000000
