181 2
574.000000 0.000000
560.000000 10.000000
560.000000 20.000000
557.000000 29.000000
556.000000 39.000000
555.000000 49.000000
563.000000 59.000000
561.000000 69.000000
560.000000 79.000000
558.000000 88.000000
562.000000 99.000000
568.000000 110.000000
564.000000 120.000000
574.000000 132.000000
568.000000 142.000000
594.000000 159.000000
598.000000 171.000000
582.000000 178.000000
573.000000 186.000000
564.000000 194.000000
569.000000 207.000000
572.000000 220.000000
569.000000 230.000000
565.000000 240.000000
580.000000 258.000000
576.000000 268.000000
578.000000 282.000000
584.000000 297.000000
578.000000 308.000000
576.000000 319.000000
595.000000 344.000000
604.000000 363.000000
602.000000 376.000000
602.000000 391.000000
603.000000 407.000000
600.000000 420.000000
599.000000 436.000000
598.000000 451.000000
601.000000 470.000000
601.000000 486.000000
611.000000 512.000000
613.000000 533.000000
618.000000 556.000000
617.000000 576.000000
619.000000 598.000000
622.000000 622.000000
623.000000 645.000000
636.000000 682.000000
616.000000 684.000000
615.000000 707.000000
605.000000 721.000000
568.000000 701.000000
544.000000 696.000000
527.000000 700.000000
513.000000 705.000000
498.000000 711.000000
480.000000 711.000000
461.000000 710.000000
443.000000 709.000000
425.000000 707.000000
407.000000 706.000000
394.000000 711.000000
380.000000 714.000000
363.000000 712.000000
347.000000 711.000000
336.000000 721.000000
322.000000 723.000000
310.000000 730.000000
305.000000 756.000000
304.000000 791.000000
308.000000 847.000000
312.000000 907.000000
313.000000 964.000000
316.000000 1033.000000
324.000000 1131.000000
907.000000 3386.000000
847.000000 3396.000000
786.000000 3404.000000
663.000000 3120.000000
665.000000 3421.000000
604.000000 3423.000000
544.000000 3433.000000
484.000000 3442.000000
423.000000 3443.000000
363.000000 3458.000000
839.000000 9588.000000
672.000000 9614.000000
505.000000 9631.000000
337.000000 9647.000000
163.000000 9316.000000
-0.000000 8439.000000
-124.000000 7109.000000
-228.000000 6543.000000
-300.000000 5718.000000
-355.000000 5078.000000
-406.000000 4637.000000
-448.000000 4264.000000
-427.000000 3479.000000
-458.000000 3261.000000
-487.000000 3074.000000
-511.000000 2898.000000
-535.000000 2754.000000
-614.000000 2890.000000
-655.000000 2836.000000
-709.000000 2843.000000
-763.000000 2848.000000
-816.000000 2845.000000
-882.000000 2883.000000
-938.000000 2886.000000
-997.000000 2895.000000
-1054.000000 2895.000000
-1118.000000 2912.000000
-1179.000000 2917.000000
-1239.000000 2920.000000
-1305.000000 2931.000000
-1371.000000 2940.000000
-1437.000000 2946.000000
-1508.000000 2959.000000
-1570.000000 2953.000000
-1644.000000 2966.000000
-1717.000000 2975.000000
-1794.000000 2986.000000
-1870.000000 2993.000000
-1947.000000 2997.000000
-2028.000000 3007.000000
-2111.000000 3014.000000
-2200.000000 3028.000000
-2281.000000 3028.000000
-2360.000000 3020.000000
-2336.000000 2885.000000
-2442.000000 2910.000000
-2540.000000 2922.000000
-2648.000000 2941.000000
-2761.000000 2961.000000
-2872.000000 2974.000000
-1901.000000 1901.000000
-1897.000000 1832.000000
-1905.000000 1777.000000
-1969.000000 1773.000000
-4337.000000 3770.000000
-4920.000000 4129.000000
-4926.000000 3989.000000
-4869.000000 3804.000000
-2758.000000 2078.000000
-2760.000000 2006.000000
-2768.000000 1938.000000
-2779.000000 1874.000000
-2170.000000 1409.000000
-1898.000000 1186.000000
-2076.000000 1247.000000
-2800.000000 1617.000000
-2812.000000 1559.000000
-2815.000000 1497.000000
-2817.000000 1436.000000
-2814.000000 1373.000000
-2824.000000 1317.000000
-2829.000000 1260.000000
-2843.000000 1207.000000
-2846.000000 1150.000000
-2850.000000 1094.000000
-2860.000000 1041.000000
-3009.000000 1036.000000
-3260.000000 1059.000000
-3120.000000 954.000000
-3346.000000 959.000000
-3358.000000 900.000000
-3354.000000 836.000000
-3363.000000 776.000000
-3372.000000 717.000000
-3375.000000 656.000000
-2481.000000 437.000000
-2475.000000 392.000000
-2503.000000 352.000000
-1808.000000 222.000000
-2160.000000 227.000000
-1812.000000 159.000000
-1457.000000 102.000000
-1457.000000 76.000000
-1114.000000 39.000000
-995.000000 17.000000
-993.000000 0.000000
