181 2
799.000000 0.000000
785.000000 14.000000
964.000000 34.000000
1180.000000 62.000000
1165.000000 81.000000
1161.000000 102.000000
1152.000000 121.000000
1142.000000 140.000000
1135.000000 159.000000
1121.000000 178.000000
1115.000000 197.000000
1105.000000 215.000000
1101.000000 234.000000
1088.000000 251.000000
1086.000000 271.000000
1069.000000 287.000000
1060.000000 304.000000
1060.000000 324.000000
1044.000000 339.000000
1039.000000 358.000000
762.000000 277.000000
641.000000 246.000000
934.000000 377.000000
972.000000 413.000000
958.000000 427.000000
951.000000 443.000000
942.000000 459.000000
935.000000 476.000000
922.000000 490.000000
627.000000 348.000000
686.000000 396.000000
907.000000 545.000000
896.000000 560.000000
886.000000 575.000000
875.000000 591.000000
865.000000 606.000000
862.000000 626.000000
849.000000 640.000000
839.000000 656.000000
828.000000 670.000000
823.000000 691.000000
813.000000 707.000000
808.000000 727.000000
802.000000 748.000000
790.000000 763.000000
783.000000 783.000000
768.000000 796.000000
762.000000 817.000000
747.000000 830.000000
745.000000 857.000000
728.000000 868.000000
719.000000 888.000000
708.000000 906.000000
699.000000 928.000000
687.000000 946.000000
675.000000 964.000000
669.000000 992.000000
656.000000 1011.000000
646.000000 1034.000000
624.000000 1039.000000
615.000000 1066.000000
602.000000 1085.000000
600.000000 1129.000000
585.000000 1148.000000
572.000000 1172.000000
537.000000 1152.000000
495.000000 1111.000000
473.000000 1114.000000
444.000000 1099.000000
416.000000 1083.000000
345.000000 948.000000
325.000000 943.000000
341.000000 1048.000000
317.000000 1036.000000
293.000000 1023.000000
270.000000 1009.000000
248.000000 995.000000
231.000000 999.000000
209.000000 984.000000
190.000000 978.000000
170.000000 965.000000
151.000000 956.000000
134.000000 952.000000
113.000000 923.000000
97.000000 927.000000
78.000000 895.000000
66.000000 948.000000
51.000000 972.000000
35.000000 1005.000000
18.000000 1051.000000
-0.000000 1083.000000
-20.000000 1126.000000
-41.000000 1167.000000
-63.000000 1211.000000
-89.000000 1270.000000
-116.000000 1327.000000
-146.000000 1387.000000
-179.000000 1457.000000
-657.000000 4672.000000
-723.000000 4564.000000
-615.000000 3488.000000
-581.000000 2991.000000
-682.000000 3210.000000
-728.000000 3153.000000
-778.000000 3119.000000
-830.000000 3097.000000
-929.000000 3238.000000
-1010.000000 3303.000000
-1142.000000 3513.000000
-1507.000000 4378.000000
-1562.000000 4293.000000
-1627.000000 4238.000000
-1697.000000 4200.000000
-1768.000000 4164.000000
-1974.000000 4434.000000
-2205.000000 4728.000000
-2235.000000 4583.000000
-2149.000000 4218.000000
-2213.000000 4161.000000
-2162.000000 3900.000000
-2241.000000 3882.000000
-1863.000000 3101.000000
-1549.000000 2479.000000
-1984.000000 3055.000000
-1261.000000 1869.000000
-1108.000000 1583.000000
-1028.000000 1415.000000
-962.000000 1277.000000
-898.000000 1150.000000
-880.000000 1086.000000
-834.000000 994.000000
-793.000000 912.000000
-757.000000 840.000000
-729.000000 782.000000
-705.000000 730.000000
-680.000000 680.000000
-658.000000 636.000000
-642.000000 599.000000
-627.000000 565.000000
-612.000000 532.000000
-593.000000 498.000000
-581.000000 471.000000
-569.000000 445.000000
-557.000000 420.000000
-542.000000 394.000000
-537.000000 376.000000
-519.000000 350.000000
-518.000000 337.000000
-509.000000 318.000000
-500.000000 300.000000
-498.000000 288.000000
-486.000000 270.000000
-483.000000 257.000000
-502.000000 256.000000
-649.000000 317.000000
-661.000000 308.000000
-688.000000 306.000000
-712.000000 302.000000
-719.000000 290.000000
-737.000000 283.000000
-769.000000 280.000000
-757.000000 261.000000
-752.000000 244.000000
-737.000000 225.000000
-732.000000 210.000000
-727.000000 195.000000
-723.000000 180.000000
-713.000000 165.000000
-796.000000 169.000000
-1469.000000 286.000000
-1199.000000 212.000000
-991.000000 157.000000
-993.000000 140.000000
-1331.000000 163.000000
-1398.000000 147.000000
-1392.000000 122.000000
-1376.000000 96.000000
-1359.000000 71.000000
-1351.000000 47.000000
-1334.000000 23.000000
-1326.000000 0.000000
