181 2
2795.000000 0.000000
2739.000000 48.000000
2710.000000 95.000000
2662.000000 140.000000
2635.000000 184.000000
2582.000000 226.000000
2550.000000 268.000000
2507.000000 308.000000
2473.000000 348.000000
2441.000000 387.000000
2407.000000 424.000000
2357.000000 458.000000
2328.000000 495.000000
2296.000000 530.000000
2256.000000 562.000000
2216.000000 594.000000
2243.000000 643.000000
2323.000000 710.000000
2383.000000 774.000000
2364.000000 814.000000
2327.000000 847.000000
2298.000000 882.000000
2269.000000 917.000000
2234.000000 948.000000
2208.000000 983.000000
2172.000000 1013.000000
2145.000000 1046.000000
2126.000000 1083.000000
2088.000000 1110.000000
2058.000000 1141.000000
2033.000000 1174.000000
2004.000000 1204.000000
1975.000000 1234.000000
1945.000000 1263.000000
1917.000000 1293.000000
1891.000000 1324.000000
1853.000000 1346.000000
1834.000000 1382.000000
1804.000000 1409.000000
1782.000000 1443.000000
1751.000000 1469.000000
1725.000000 1499.000000
1694.000000 1525.000000
1670.000000 1558.000000
1646.000000 1589.000000
1621.000000 1621.000000
1592.000000 1649.000000
1565.000000 1678.000000
1364.000000 1515.000000
1337.000000 1538.000000
1311.000000 1563.000000
1292.000000 1595.000000
1266.000000 1620.000000
1237.000000 1642.000000
1213.000000 1669.000000
1188.000000 1696.000000
1166.000000 1729.000000
1142.000000 1759.000000
1111.000000 1778.000000
1090.000000 1814.000000
1058.000000 1833.000000
1035.000000 1866.000000
1007.000000 1893.000000
976.000000 1916.000000
951.000000 1950.000000
925.000000 1983.000000
894.000000 2008.000000
865.000000 2039.000000
836.000000 2070.000000
807.000000 2102.000000
776.000000 2133.000000
745.000000 2163.000000
713.000000 2194.000000
680.000000 2224.000000
648.000000 2260.000000
615.000000 2295.000000
581.000000 2332.000000
547.000000 2368.000000
511.000000 2402.000000
474.000000 2438.000000
438.000000 2483.000000
400.000000 2527.000000
360.000000 2563.000000
320.000000 2606.000000
279.000000 2657.000000
236.000000 2697.000000
192.000000 2746.000000
146.000000 2794.000000
99.000000 2849.000000
51.000000 2897.000000
-0.000000 2944.000000
-52.000000 3002.000000
-107.000000 3058.000000
-164.000000 3121.000000
-223.000000 3191.000000
-285.000000 3260.000000
-349.000000 3325.000000
-417.000000 3395.000000
-488.000000 3469.000000
-562.000000 3550.000000
-642.000000 3639.000000
-725.000000 3727.000000
-814.000000 3827.000000
-906.000000 3924.000000
-1005.000000 4031.000000
-1112.000000 4151.000000
-1222.000000 4262.000000
-1341.000000 4388.000000
-1427.000000 4391.000000
-1491.000000 4331.000000
-1555.000000 4272.000000
-1619.000000 4219.000000
-1679.000000 4155.000000
-1740.000000 4099.000000
-1799.000000 4042.000000
-1871.000000 4013.000000
-1931.000000 3958.000000
-1991.000000 3907.000000
-2049.000000 3853.000000
-2104.000000 3795.000000
-2162.000000 3746.000000
-2218.000000 3691.000000
-2273.000000 3638.000000
-2331.000000 3589.000000
-2385.000000 3536.000000
-2441.000000 3486.000000
-2495.000000 3434.000000
-2550.000000 3384.000000
-2607.000000 3337.000000
-2661.000000 3286.000000
-2714.000000 3235.000000
-2767.000000 3183.000000
-2820.000000 3132.000000
-2874.000000 3082.000000
-2929.000000 3033.000000
-2983.000000 2983.000000
-3031.000000 2927.000000
-3067.000000 2860.000000
-3123.000000 2812.000000
-3172.000000 2757.000000
-3226.000000 2707.000000
-3286.000000 2661.000000
-3185.000000 2489.000000
-3391.000000 2555.000000
-1551.000000 1127.000000
-1535.000000 1075.000000
-1472.000000 993.000000
-1408.000000 914.000000
-1176.000000 735.000000
-1152.000000 692.000000
-1102.000000 636.000000
-1042.000000 577.000000
-956.000000 508.000000
-939.000000 479.000000
-952.000000 464.000000
-952.000000 444.000000
-985.000000 438.000000
-1000.000000 424.000000
-1008.000000 407.000000
-1025.000000 393.000000
-1042.000000 379.000000
-1068.000000 368.000000
-1064.000000 346.000000
-1069.000000 327.000000
-1226.000000 351.000000
-1270.000000 340.000000
-1243.000000 310.000000
-1212.000000 280.000000
-1189.000000 253.000000
-1164.000000 226.000000
-1143.000000 202.000000
-1117.000000 177.000000
-1102.000000 155.000000
-1079.000000 132.000000
-1084.000000 114.000000
-1106.000000 97.000000
-1125.000000 79.000000
-1144.000000 60.000000
-1164.000000 41.000000
-1180.000000 21.000000
-1210.000000 0.000000
