181 2
3330.000000 0.000000
3379.000000 59.000000
3441.000000 120.000000
3494.000000 183.000000
3547.000000 248.000000
3615.000000 316.000000
3673.000000 386.000000
3747.000000 460.000000
3782.000000 532.000000
3848.000000 609.000000
3908.000000 689.000000
4408.000000 857.000000
4497.000000 956.000000
4583.000000 1058.000000
4692.000000 1170.000000
4799.000000 1286.000000
4915.000000 1409.000000
4908.000000 1500.000000
4839.000000 1572.000000
4745.000000 1634.000000
4854.000000 1767.000000
4976.000000 1910.000000
5101.000000 2061.000000
5244.000000 2226.000000
5392.000000 2401.000000
5561.000000 2593.000000
5749.000000 2804.000000
5953.000000 3033.000000
6167.000000 3279.000000
6407.000000 3552.000000
6672.000000 3852.000000
6964.000000 4185.000000
7280.000000 4549.000000
7282.000000 4729.000000
7158.000000 4828.000000
7048.000000 4935.000000
6930.000000 5035.000000
6837.000000 5152.000000
6723.000000 5253.000000
6608.000000 5351.000000
6495.000000 5450.000000
6387.000000 5552.000000
6274.000000 5649.000000
6163.000000 5747.000000
6055.000000 5847.000000
5941.000000 5941.000000
5832.000000 6040.000000
5722.000000 6136.000000
3448.000000 3829.000000
3387.000000 3897.000000
3316.000000 3952.000000
3507.000000 4331.000000
3086.000000 3950.000000
3022.000000 4010.000000
2955.000000 4068.000000
2889.000000 4126.000000
2827.000000 4192.000000
2754.000000 4240.000000
2689.000000 4303.000000
2618.000000 4357.000000
2550.000000 4417.000000
2487.000000 4486.000000
2416.000000 4545.000000
2346.000000 4604.000000
2152.000000 4413.000000
1913.000000 4102.000000
1849.000000 4152.000000
1785.000000 4205.000000
1726.000000 4272.000000
1597.000000 4160.000000
1459.000000 4009.000000
1097.000000 3185.000000
998.000000 3073.000000
920.000000 3009.000000
836.000000 2916.000000
758.000000 2827.000000
685.000000 2747.000000
616.000000 2669.000000
552.000000 2598.000000
491.000000 2528.000000
434.000000 2464.000000
382.000000 2411.000000
331.000000 2354.000000
277.000000 2252.000000
232.000000 2210.000000
189.000000 2162.000000
147.000000 2099.000000
110.000000 2102.000000
75.000000 2138.000000
38.000000 2164.000000
-0.000000 2192.000000
-39.000000 2226.000000
-78.000000 2228.000000
-115.000000 2187.000000
-150.000000 2148.000000
-185.000000 2113.000000
-217.000000 2067.000000
-248.000000 2020.000000
-280.000000 1993.000000
-311.000000 1963.000000
-338.000000 1919.000000
-369.000000 1899.000000
-395.000000 1858.000000
-423.000000 1832.000000
-453.000000 1817.000000
-477.000000 1780.000000
-502.000000 1749.000000
-526.000000 1721.000000
-549.000000 1688.000000
-574.000000 1668.000000
-600.000000 1647.000000
-617.000000 1609.000000
-644.000000 1594.000000
-662.000000 1559.000000
-689.000000 1548.000000
-708.000000 1518.000000
-730.000000 1496.000000
-752.000000 1476.000000
-772.000000 1452.000000
-795.000000 1434.000000
-674.000000 1168.000000
-688.000000 1144.000000
-712.000000 1140.000000
-734.000000 1131.000000
-748.000000 1108.000000
-763.000000 1089.000000
-781.000000 1074.000000
-796.000000 1056.000000
-812.000000 1039.000000
-824.000000 1017.000000
-834.000000 994.000000
-859.000000 989.000000
-877.000000 974.000000
-895.000000 960.000000
-913.000000 945.000000
-923.000000 923.000000
-939.000000 907.000000
-954.000000 890.000000
-969.000000 873.000000
-985.000000 856.000000
-999.000000 838.000000
-1013.000000 821.000000
-1028.000000 803.000000
-1040.000000 784.000000
-1063.000000 772.000000
-1076.000000 754.000000
-1089.000000 734.000000
-1111.000000 722.000000
-1124.000000 702.000000
-1137.000000 683.000000
-1066.000000 616.000000
-989.000000 548.000000
-913.000000 485.000000
-859.000000 438.000000
-813.000000 396.000000
-770.000000 359.000000
-726.000000 323.000000
-693.000000 294.000000
-664.000000 268.000000
-635.000000 244.000000
-611.000000 222.000000
-590.000000 203.000000
-566.000000 184.000000
-551.000000 168.000000
-534.000000 153.000000
-519.000000 139.000000
-502.000000 125.000000
-493.000000 114.000000
-499.000000 106.000000
-509.000000 99.000000
-512.000000 90.000000
-520.000000 82.000000
-532.000000 75.000000
-534.000000 66.000000
-544.000000 57.000000
-553.000000 48.000000
-553.000000 39.000000
-563.000000 30.000000
-573.000000 20.000000
-573.000000 10.000000
-585.000000 0.000000
