181 2
851.000000 0.000000
837.000000 15.000000
815.000000 28.000000
787.000000 41.000000
772.000000 54.000000
754.000000 66.000000
752.000000 79.000000
752.000000 92.000000
765.000000 108.000000
755.000000 120.000000
754.000000 133.000000
771.000000 150.000000
774.000000 164.000000
787.000000 182.000000
794.000000 198.000000
813.000000 218.000000
817.000000 234.000000
830.000000 254.000000
843.000000 274.000000
854.000000 294.000000
875.000000 318.000000
884.000000 339.000000
902.000000 364.000000
923.000000 392.000000
950.000000 423.000000
4220.000000 1968.000000
3830.000000 1868.000000
3494.000000 1780.000000
3421.000000 1819.000000
3355.000000 1860.000000
3289.000000 1899.000000
3232.000000 1942.000000
2252.000000 1407.000000
2200.000000 1429.000000
2160.000000 1457.000000
2072.000000 1451.000000
2022.000000 1469.000000
1659.000000 1250.000000
1634.000000 1277.000000
1668.000000 1351.000000
1975.000000 1657.000000
3007.000000 2614.000000
2979.000000 2682.000000
2909.000000 2712.000000
2831.000000 2734.000000
2774.000000 2774.000000
2715.000000 2812.000000
1374.000000 1473.000000
1340.000000 1489.000000
1309.000000 1506.000000
1278.000000 1523.000000
1246.000000 1539.000000
1214.000000 1554.000000
1187.000000 1576.000000
1156.000000 1591.000000
1125.000000 1606.000000
1091.000000 1617.000000
1059.000000 1630.000000
1032.000000 1651.000000
1003.000000 1670.000000
974.000000 1687.000000
948.000000 1711.000000
1199.000000 2255.000000
1171.000000 2299.000000
1148.000000 2353.000000
1120.000000 2402.000000
1468.000000 3297.000000
1414.000000 3330.000000
1358.000000 3362.000000
1302.000000 3391.000000
1244.000000 3419.000000
1126.000000 3271.000000
1027.000000 3161.000000
987.000000 3228.000000
935.000000 3261.000000
883.000000 3294.000000
829.000000 3324.000000
775.000000 3355.000000
680.000000 3200.000000
593.000000 3051.000000
516.000000 2927.000000
468.000000 2956.000000
420.000000 2992.000000
370.000000 3016.000000
320.000000 3045.000000
269.000000 3075.000000
217.000000 3106.000000
164.000000 3135.000000
110.000000 3150.000000
53.000000 3044.000000
-0.000000 2952.000000
-50.000000 2865.000000
-97.000000 2791.000000
-142.000000 2707.000000
-184.000000 2632.000000
-225.000000 2567.000000
-263.000000 2500.000000
-223.000000 1814.000000
-208.000000 1482.000000
-367.000000 2315.000000
-399.000000 2263.000000
-430.000000 2214.000000
-460.000000 2163.000000
-489.000000 2118.000000
-515.000000 2065.000000
-541.000000 2021.000000
-566.000000 1973.000000
-592.000000 1936.000000
-614.000000 1890.000000
-641.000000 1861.000000
-627.000000 1722.000000
-583.000000 1519.000000
-436.000000 1079.000000
-718.000000 1691.000000
-743.000000 1669.000000
-475.000000 1018.000000
-499.000000 1024.000000
-799.000000 1568.000000
-818.000000 1539.000000
-835.000000 1507.000000
-853.000000 1477.000000
-868.000000 1444.000000
-885.000000 1416.000000
-849.000000 1307.000000
-919.000000 1363.000000
-936.000000 1337.000000
-895.000000 1231.000000
-966.000000 1282.000000
-983.000000 1258.000000
-998.000000 1233.000000
-1012.000000 1207.000000
-1021.000000 1174.000000
-1041.000000 1156.000000
-1056.000000 1132.000000
-1069.000000 1107.000000
-1081.000000 1081.000000
-1093.000000 1056.000000
-1110.000000 1035.000000
-1121.000000 1010.000000
-798.000000 693.000000
-716.000000 601.000000
-1152.000000 933.000000
-1177.000000 920.000000
-1161.000000 875.000000
-1144.000000 831.000000
-1208.000000 846.000000
-1230.000000 830.000000
-1237.000000 803.000000
-1251.000000 782.000000
-1266.000000 761.000000
-1279.000000 739.000000
-1292.000000 716.000000
-1302.000000 692.000000
-1316.000000 671.000000
-1328.000000 647.000000
-1340.000000 625.000000
-1344.000000 598.000000
-1384.000000 587.000000
-6757.000000 2730.000000
-6590.000000 2530.000000
-6081.000000 2213.000000
-5561.000000 1915.000000
-4977.000000 1617.000000
-4608.000000 1409.000000
-4439.000000 1273.000000
-4432.000000 1187.000000
-4476.000000 1116.000000
-3896.000000 899.000000
-3423.000000 727.000000
-3259.000000 633.000000
-3117.000000 550.000000
-2976.000000 471.000000
-2853.000000 401.000000
-2740.000000 336.000000
-2632.000000 277.000000
-2539.000000 222.000000
-2443.000000 171.000000
-2350.000000 123.000000
-2294.000000 80.000000
-2224.000000 39.000000
-2153.000000 0.000000
