181 2
3816.000000 0.000000
4268.000000 75.000000
4334.000000 151.000000
4422.000000 232.000000
4505.000000 315.000000
4605.000000 403.000000
4711.000000 495.000000
4815.000000 591.000000
4899.000000 688.000000
4850.000000 768.000000
4785.000000 844.000000
4778.000000 929.000000
4897.000000 1041.000000
4997.000000 1154.000000
5129.000000 1279.000000
5255.000000 1408.000000
5387.000000 1545.000000
5537.000000 1693.000000
5690.000000 1849.000000
5870.000000 2021.000000
6047.000000 2201.000000
6255.000000 2401.000000
6476.000000 2617.000000
6725.000000 2855.000000
6991.000000 3113.000000
7278.000000 3394.000000
7561.000000 3688.000000
7461.000000 3802.000000
7356.000000 3911.000000
7254.000000 4021.000000
7155.000000 4131.000000
7069.000000 4248.000000
6968.000000 4354.000000
6868.000000 4460.000000
6761.000000 4560.000000
6665.000000 4667.000000
6561.000000 4767.000000
6463.000000 4870.000000
6361.000000 4970.000000
6261.000000 5070.000000
6167.000000 5174.000000
3625.000000 3151.000000
3573.000000 3217.000000
3505.000000 3269.000000
3818.000000 3687.000000
3277.000000 3277.000000
3225.000000 3340.000000
3173.000000 3403.000000
3116.000000 3461.000000
3056.000000 3515.000000
3001.000000 3577.000000
2945.000000 3636.000000
2886.000000 3693.000000
2827.000000 3751.000000
2772.000000 3815.000000
2711.000000 3871.000000
2653.000000 3933.000000
2595.000000 3995.000000
2507.000000 4012.000000
2351.000000 3913.000000
2068.000000 3582.000000
2016.000000 3637.000000
1960.000000 3686.000000
1909.000000 3748.000000
1775.000000 3640.000000
1629.000000 3493.000000
1193.000000 2680.000000
1107.000000 2609.000000
1029.000000 2547.000000
951.000000 2479.000000
877.000000 2408.000000
807.000000 2345.000000
742.000000 2283.000000
680.000000 2224.000000
622.000000 2168.000000
566.000000 2112.000000
516.000000 2068.000000
467.000000 2021.000000
420.000000 1974.000000
375.000000 1931.000000
328.000000 1861.000000
288.000000 1819.000000
249.000000 1775.000000
213.000000 1738.000000
180.000000 1711.000000
148.000000 1691.000000
120.000000 1718.000000
92.000000 1751.000000
62.000000 1786.000000
32.000000 1814.000000
-0.000000 1843.000000
-32.000000 1855.000000
-63.000000 1810.000000
-94.000000 1790.000000
-123.000000 1762.000000
-151.000000 1721.000000
-179.000000 1704.000000
-205.000000 1670.000000
-232.000000 1652.000000
-257.000000 1621.000000
-283.000000 1604.000000
-306.000000 1576.000000
-331.000000 1556.000000
-356.000000 1543.000000
-377.000000 1514.000000
-400.000000 1493.000000
-421.000000 1468.000000
-446.000000 1460.000000
-469.000000 1445.000000
-487.000000 1414.000000
-507.000000 1392.000000
-527.000000 1373.000000
-547.000000 1355.000000
-566.000000 1333.000000
-584.000000 1313.000000
-606.000000 1300.000000
-622.000000 1274.000000
-641.000000 1257.000000
-661.000000 1244.000000
-679.000000 1224.000000
-694.000000 1203.000000
-714.000000 1189.000000
-731.000000 1169.000000
-753.000000 1159.000000
-767.000000 1137.000000
-789.000000 1126.000000
-800.000000 1101.000000
-817.000000 1085.000000
-840.000000 1076.000000
-852.000000 1052.000000
-868.000000 1035.000000
-724.000000 832.000000
-738.000000 820.000000
-748.000000 802.000000
-763.000000 790.000000
-780.000000 780.000000
-790.000000 763.000000
-804.000000 750.000000
-816.000000 735.000000
-831.000000 722.000000
-846.000000 710.000000
-860.000000 697.000000
-871.000000 680.000000
-882.000000 665.000000
-902.000000 655.000000
-930.000000 651.000000
-948.000000 640.000000
-960.000000 624.000000
-971.000000 607.000000
-991.000000 595.000000
-1000.000000 578.000000
-1018.000000 564.000000
-1027.000000 546.000000
-1052.000000 536.000000
-1068.000000 521.000000
-1077.000000 502.000000
-1094.000000 487.000000
-1111.000000 472.000000
-1128.000000 456.000000
-1145.000000 439.000000
-1161.000000 423.000000
-1171.000000 403.000000
-1195.000000 388.000000
-1211.000000 370.000000
-1188.000000 341.000000
-1155.000000 310.000000
-1126.000000 281.000000
-1101.000000 254.000000
-1077.000000 229.000000
-1050.000000 204.000000
-1034.000000 182.000000
-1008.000000 160.000000
-992.000000 139.000000
-966.000000 119.000000
-950.000000 100.000000
-935.000000 82.000000
-917.000000 64.000000
-893.000000 47.000000
-873.000000 31.000000
-851.000000 15.000000
-847.000000 0.000000
