181 2
1156.000000 0.000000
1160.000000 20.000000
1157.000000 40.000000
1154.000000 61.000000
1157.000000 81.000000
1165.000000 102.000000
1159.000000 122.000000
1161.000000 143.000000
1163.000000 163.000000
1162.000000 184.000000
1164.000000 205.000000
1159.000000 225.000000
1163.000000 247.000000
1166.000000 269.000000
1169.000000 292.000000
1164.000000 312.000000
1160.000000 333.000000
1171.000000 358.000000
1165.000000 379.000000
1167.000000 402.000000
1168.000000 425.000000
1168.000000 448.000000
1160.000000 469.000000
1160.000000 492.000000
1166.000000 519.000000
1156.000000 539.000000
1165.000000 568.000000
1158.000000 590.000000
1150.000000 611.000000
1111.000000 616.000000
810.000000 468.000000
897.000000 539.000000
-0.000000 0.000000
-0.000000 0.000000
633.000000 427.000000
698.000000 489.000000
698.000000 507.000000
687.000000 518.000000
781.000000 610.000000
768.000000 622.000000
774.000000 649.000000
731.000000 636.000000
968.000000 871.000000
811.000000 756.000000
816.000000 788.000000
798.000000 798.000000
777.000000 805.000000
760.000000 815.000000
738.000000 820.000000
718.000000 826.000000
693.000000 826.000000
-0.000000 0.000000
-0.000000 0.000000
-0.000000 0.000000
-0.000000 0.000000
905.000000 1293.000000
890.000000 1320.000000
890.000000 1371.000000
860.000000 1376.000000
828.000000 1377.000000
796.000000 1379.000000
767.000000 1385.000000
738.000000 1387.000000
705.000000 1383.000000
676.000000 1386.000000
648.000000 1390.000000
616.000000 1383.000000
588.000000 1385.000000
561.000000 1388.000000
533.000000 1387.000000
506.000000 1389.000000
479.000000 1390.000000
451.000000 1389.000000
425.000000 1390.000000
398.000000 1389.000000
374.000000 1396.000000
348.000000 1394.000000
321.000000 1391.000000
296.000000 1392.000000
272.000000 1401.000000
245.000000 1390.000000
149.000000 943.000000
152.000000 1080.000000
154.000000 1253.000000
154.000000 1469.000000
156.000000 1786.000000
110.000000 1572.000000
58.000000 1112.000000
39.000000 1111.000000
19.000000 1117.000000
-0.000000 1113.000000
-19.000000 1111.000000
-39.000000 1118.000000
-59.000000 1117.000000
-78.000000 1116.000000
-98.000000 1124.000000
-119.000000 1128.000000
-139.000000 1132.000000
-158.000000 1125.000000
-180.000000 1136.000000
-200.000000 1134.000000
-212.000000 1091.000000
-215.000000 1011.000000
-220.000000 954.000000
-221.000000 888.000000
-224.000000 836.000000
-229.000000 799.000000
-230.000000 752.000000
-232.000000 714.000000
-234.000000 681.000000
-234.000000 642.000000
-242.000000 631.000000
-251.000000 621.000000
-266.000000 626.000000
-280.000000 629.000000
-295.000000 633.000000
-306.000000 627.000000
-321.000000 630.000000
-336.000000 632.000000
-347.000000 625.000000
-365.000000 633.000000
-381.000000 633.000000
-397.000000 636.000000
-413.000000 637.000000
-424.000000 629.000000
-445.000000 635.000000
-459.000000 632.000000
-482.000000 640.000000
-498.000000 638.000000
-521.000000 643.000000
-537.000000 640.000000
-560.000000 645.000000
-577.000000 641.000000
-600.000000 644.000000
-624.000000 647.000000
-641.000000 641.000000
-668.000000 645.000000
-701.000000 654.000000
-722.000000 650.000000
-719.000000 625.000000
-716.000000 601.000000
-720.000000 583.000000
-722.000000 564.000000
-721.000000 543.000000
-723.000000 525.000000
-724.000000 507.000000
-727.000000 490.000000
-728.000000 473.000000
-730.000000 456.000000
-732.000000 440.000000
-730.000000 422.000000
-729.000000 404.000000
-737.000000 392.000000
-736.000000 375.000000
-733.000000 358.000000
-740.000000 345.000000
-735.000000 327.000000
-743.000000 315.000000
-742.000000 300.000000
-738.000000 283.000000
-743.000000 271.000000
-738.000000 254.000000
-734.000000 239.000000
-738.000000 226.000000
-742.000000 213.000000
-739.000000 198.000000
-740.000000 185.000000
-743.000000 172.000000
-736.000000 156.000000
-738.000000 143.000000
-741.000000 131.000000
-753.000000 119.000000
-745.000000 105.000000
-747.000000 92.000000
-742.000000 78.000000
-752.000000 66.000000
-735.000000 51.000000
-718.000000 38.000000
-751.000000 26.000000
-734.000000 13.000000
-732.000000 0.000000
