181 2
7944.000000 0.000000
7916.000000 138.000000
7886.000000 275.000000
7862.000000 412.000000
7825.000000 547.000000
7805.000000 683.000000
7802.000000 820.000000
7778.000000 955.000000
7753.000000 1090.000000
7732.000000 1225.000000
7700.000000 1358.000000
7668.000000 1491.000000
7646.000000 1625.000000
7613.000000 1758.000000
7566.000000 1887.000000
6672.000000 1788.000000
5092.000000 1460.000000
3714.000000 1136.000000
3699.000000 1202.000000
3684.000000 1268.000000
3677.000000 1338.000000
3662.000000 1406.000000
3646.000000 1473.000000
3630.000000 1541.000000
3619.000000 1611.000000
3600.000000 1679.000000
3510.000000 1712.000000
3254.000000 1658.000000
3143.000000 1671.000000
2926.000000 1622.000000
2907.000000 1679.000000
2883.000000 1732.000000
2876.000000 1797.000000
2799.000000 1818.000000
2650.000000 1787.000000
2506.000000 1755.000000
2376.000000 1726.000000
1892.000000 1426.000000
1678.000000 1311.000000
1597.000000 1293.000000
1525.000000 1280.000000
1480.000000 1287.000000
1415.000000 1274.000000
1352.000000 1261.000000
1296.000000 1251.000000
1235.000000 1235.000000
1187.000000 1229.000000
1139.000000 1221.000000
1086.000000 1206.000000
1046.000000 1204.000000
1001.000000 1193.000000
955.000000 1180.000000
919.000000 1176.000000
877.000000 1164.000000
845.000000 1163.000000
810.000000 1157.000000
769.000000 1141.000000
740.000000 1140.000000
711.000000 1137.000000
682.000000 1135.000000
648.000000 1122.000000
620.000000 1119.000000
592.000000 1113.000000
562.000000 1104.000000
526.000000 1079.000000
500.000000 1073.000000
477.000000 1072.000000
453.000000 1067.000000
429.000000 1063.000000
406.000000 1057.000000
386.000000 1060.000000
364.000000 1056.000000
337.000000 1039.000000
313.000000 1022.000000
291.000000 1014.000000
291.000000 1087.000000
284.000000 1137.000000
273.000000 1182.000000
261.000000 1227.000000
246.000000 1266.000000
224.000000 1271.000000
200.000000 1264.000000
177.000000 1259.000000
154.000000 1256.000000
131.000000 1249.000000
109.000000 1250.000000
87.000000 1246.000000
65.000000 1234.000000
43.000000 1234.000000
21.000000 1225.000000
-0.000000 1217.000000
-21.000000 1217.000000
-42.000000 1206.000000
-63.000000 1204.000000
-84.000000 1203.000000
-105.000000 1198.000000
-125.000000 1192.000000
-147.000000 1194.000000
-167.000000 1187.000000
-189.000000 1193.000000
-208.000000 1178.000000
-230.000000 1186.000000
-251.000000 1181.000000
-272.000000 1180.000000
-292.000000 1170.000000
-312.000000 1165.000000
-333.000000 1162.000000
-356.000000 1165.000000
-374.000000 1152.000000
-394.000000 1145.000000
-415.000000 1141.000000
-437.000000 1138.000000
-456.000000 1129.000000
-479.000000 1129.000000
-500.000000 1123.000000
-525.000000 1126.000000
-544.000000 1115.000000
-566.000000 1111.000000
-585.000000 1101.000000
-606.000000 1093.000000
-627.000000 1086.000000
-657.000000 1094.000000
-679.000000 1087.000000
-697.000000 1073.000000
-725.000000 1074.000000
-753.000000 1075.000000
-764.000000 1051.000000
-793.000000 1052.000000
-821.000000 1051.000000
-843.000000 1041.000000
-873.000000 1040.000000
-893.000000 1027.000000
-922.000000 1024.000000
-952.000000 1021.000000
-966.000000 1001.000000
-962.000000 962.000000
-964.000000 931.000000
-968.000000 903.000000
-959.000000 864.000000
-953.000000 829.000000
-912.000000 766.000000
-944.000000 765.000000
-972.000000 759.000000
-1008.000000 759.000000
-1041.000000 756.000000
-1065.000000 746.000000
-1098.000000 740.000000
-1126.000000 731.000000
-1161.000000 725.000000
-1188.000000 714.000000
-1223.000000 706.000000
-1257.000000 697.000000
-1301.000000 692.000000
-1337.000000 681.000000
-1382.000000 674.000000
-1419.000000 662.000000
-1466.000000 653.000000
-1503.000000 638.000000
-1559.000000 630.000000
-1611.000000 619.000000
-1664.000000 606.000000
-1710.000000 589.000000
-1775.000000 577.000000
-1838.000000 562.000000
-1903.000000 546.000000
-1977.000000 530.000000
-2061.000000 514.000000
-2149.000000 496.000000
-2236.000000 475.000000
-2344.000000 456.000000
-2447.000000 432.000000
-2566.000000 406.000000
-2697.000000 379.000000
-2844.000000 349.000000
-3001.000000 315.000000
-3184.000000 279.000000
-3384.000000 237.000000
-3616.000000 190.000000
-3873.000000 135.000000
-4172.000000 73.000000
-4518.000000 0.000000
