181 2
1137.000000 0.000000
1118.000000 20.000000
1090.000000 38.000000
1065.000000 56.000000
1044.000000 73.000000
1026.000000 90.000000
1007.000000 106.000000
996.000000 122.000000
971.000000 137.000000
956.000000 151.000000
935.000000 165.000000
913.000000 177.000000
903.000000 192.000000
893.000000 206.000000
868.000000 217.000000
856.000000 229.000000
836.000000 240.000000
822.000000 251.000000
802.000000 261.000000
787.000000 271.000000
782.000000 285.000000
877.000000 337.000000
1623.000000 656.000000
1662.000000 705.000000
1699.000000 757.000000
1745.000000 814.000000
1781.000000 868.000000
1833.000000 934.000000
1645.000000 875.000000
1366.000000 757.000000
1351.000000 780.000000
1282.000000 770.000000
1184.000000 740.000000
1155.000000 750.000000
1157.000000 780.000000
1139.000000 798.000000
1140.000000 828.000000
1134.000000 855.000000
1199.000000 937.000000
1193.000000 966.000000
1151.000000 966.000000
-0.000000 0.000000
1099.000000 990.000000
1116.000000 1041.000000
1726.000000 1667.000000
1691.000000 1691.000000
1657.000000 1716.000000
1622.000000 1740.000000
1592.000000 1768.000000
1557.000000 1791.000000
1531.000000 1825.000000
1494.000000 1845.000000
1462.000000 1871.000000
1429.000000 1897.000000
1395.000000 1920.000000
1361.000000 1943.000000
1087.000000 1612.000000
1357.000000 2089.000000
1132.000000 1812.000000
1084.000000 1804.000000
1055.000000 1828.000000
1026.000000 1852.000000
997.000000 1875.000000
968.000000 1900.000000
941.000000 1929.000000
909.000000 1949.000000
840.000000 1886.000000
761.000000 1793.000000
695.000000 1719.000000
632.000000 1646.000000
578.000000 1588.000000
554.000000 1610.000000
529.000000 1628.000000
503.000000 1647.000000
477.000000 1662.000000
452.000000 1688.000000
427.000000 1715.000000
402.000000 1740.000000
373.000000 1756.000000
344.000000 1771.000000
317.000000 1795.000000
290.000000 1828.000000
260.000000 1852.000000
230.000000 1877.000000
196.000000 1867.000000
159.000000 1822.000000
124.000000 1779.000000
91.000000 1743.000000
60.000000 1707.000000
29.000000 1667.000000
-0.000000 1626.000000
-28.000000 1591.000000
-55.000000 1563.000000
-80.000000 1536.000000
-105.000000 1507.000000
-129.000000 1479.000000
-152.000000 1449.000000
-174.000000 1420.000000
-195.000000 1390.000000
-217.000000 1368.000000
-238.000000 1347.000000
-258.000000 1325.000000
-277.000000 1303.000000
-296.000000 1282.000000
-314.000000 1258.000000
-331.000000 1236.000000
-351.000000 1223.000000
-366.000000 1197.000000
-384.000000 1182.000000
-398.000000 1157.000000
-415.000000 1141.000000
-431.000000 1124.000000
-444.000000 1099.000000
-460.000000 1083.000000
-475.000000 1068.000000
-490.000000 1050.000000
-505.000000 1035.000000
-518.000000 1018.000000
-531.000000 998.000000
-544.000000 981.000000
-556.000000 964.000000
-573.000000 954.000000
-585.000000 936.000000
-596.000000 918.000000
-607.000000 900.000000
-623.000000 890.000000
-632.000000 871.000000
-648.000000 859.000000
-656.000000 840.000000
-671.000000 828.000000
-680.000000 810.000000
-694.000000 798.000000
-708.000000 786.000000
-722.000000 774.000000
-729.000000 755.000000
-745.000000 745.000000
-751.000000 725.000000
-759.000000 708.000000
-771.000000 695.000000
-785.000000 682.000000
-800.000000 671.000000
-797.000000 646.000000
-687.000000 537.000000
-378.000000 285.000000
-394.000000 286.000000
-405.000000 284.000000
-849.000000 573.000000
-881.000000 572.000000
-899.000000 562.000000
-909.000000 546.000000
-924.000000 534.000000
-935.000000 518.000000
-942.000000 501.000000
-959.000000 488.000000
-968.000000 472.000000
-971.000000 453.000000
-984.000000 438.000000
-1001.000000 425.000000
-1011.000000 408.000000
-1040.000000 399.000000
-1047.000000 381.000000
-1062.000000 366.000000
-1079.000000 351.000000
-1095.000000 335.000000
-1106.000000 317.000000
-1122.000000 301.000000
-1122.000000 280.000000
-1120.000000 258.000000
-1064.000000 226.000000
-1166.000000 227.000000
-1189.000000 210.000000
-1136.000000 180.000000
-1122.000000 158.000000
-1220.000000 150.000000
-1252.000000 132.000000
-1272.000000 111.000000
-1292.000000 90.000000
-1301.000000 68.000000
-1321.000000 46.000000
-1339.000000 23.000000
-1348.000000 0.000000
