181 2
3213.000000 0.000000
3193.000000 56.000000
3211.000000 112.000000
3211.000000 168.000000
3205.000000 224.000000
3467.000000 303.000000
3480.000000 366.000000
3493.000000 429.000000
3498.000000 492.000000
3503.000000 555.000000
3517.000000 620.000000
3522.000000 685.000000
3536.000000 752.000000
3542.000000 818.000000
3552.000000 886.000000
3553.000000 952.000000
3562.000000 1022.000000
3572.000000 1092.000000
3573.000000 1161.000000
3586.000000 1235.000000
3589.000000 1306.000000
3602.000000 1383.000000
3599.000000 1454.000000
3499.000000 1485.000000
3344.000000 1489.000000
3373.000000 1573.000000
3377.000000 1647.000000
3403.000000 1734.000000
3412.000000 1814.000000
3422.000000 1897.000000
3432.000000 1982.000000
3444.000000 2069.000000
3454.000000 2158.000000
3464.000000 2249.000000
3468.000000 2339.000000
3478.000000 2435.000000
3498.000000 2542.000000
3507.000000 2643.000000
3496.000000 2732.000000
3506.000000 2839.000000
3551.000000 2979.000000
3810.000000 3312.000000
3821.000000 3441.000000
3849.000000 3589.000000
3860.000000 3728.000000
3882.000000 3882.000000
3903.000000 4041.000000
3848.000000 4126.000000
3736.000000 4150.000000
3705.000000 4263.000000
3693.000000 4402.000000
3702.000000 4572.000000
3726.000000 4769.000000
3642.000000 4833.000000
3518.000000 4843.000000
3401.000000 4858.000000
3285.000000 4871.000000
3174.000000 4888.000000
3058.000000 4894.000000
2949.000000 4907.000000
2893.000000 5012.000000
2927.000000 5281.000000
2957.000000 5561.000000
2994.000000 5875.000000
3029.000000 6210.000000
3068.000000 6579.000000
3120.000000 7007.000000
3177.000000 7486.000000
3352.000000 8296.000000
3307.000000 8615.000000
3207.000000 8811.000000
3043.000000 8838.000000
2877.000000 8853.000000
2712.000000 8871.000000
2549.000000 8890.000000
2386.000000 8905.000000
2228.000000 8935.000000
2071.000000 8969.000000
1911.000000 8988.000000
1750.000000 9003.000000
1591.000000 9023.000000
1433.000000 9046.000000
1273.000000 9061.000000
1112.000000 9059.000000
544.000000 5177.000000
454.000000 5185.000000
363.000000 5189.000000
273.000000 5204.000000
182.000000 5216.000000
91.000000 5219.000000
-0.000000 5229.000000
-84.000000 4786.000000
-159.000000 4562.000000
-240.000000 4571.000000
-231.000000 3307.000000
-270.000000 3087.000000
-299.000000 2846.000000
-324.000000 2638.000000
-347.000000 2468.000000
-366.000000 2309.000000
-370.000000 2099.000000
-384.000000 1973.000000
-405.000000 1904.000000
-438.000000 1895.000000
-472.000000 1893.000000
-509.000000 1901.000000
-545.000000 1902.000000
-583.000000 1906.000000
-621.000000 1913.000000
-656.000000 1906.000000
-672.000000 1846.000000
-680.000000 1771.000000
-686.000000 1697.000000
-692.000000 1629.000000
-696.000000 1563.000000
-703.000000 1507.000000
-710.000000 1456.000000
-717.000000 1408.000000
-714.000000 1342.000000
-727.000000 1312.000000
-725.000000 1256.000000
-733.000000 1221.000000
-737.000000 1180.000000
-739.000000 1138.000000
-742.000000 1100.000000
-746.000000 1065.000000
-748.000000 1029.000000
-753.000000 999.000000
-533.000000 682.000000
-528.000000 652.000000
-532.000000 634.000000
-537.000000 617.000000
-544.000000 604.000000
-540.000000 579.000000
-547.000000 567.000000
-558.000000 558.000000
-550.000000 531.000000
-557.000000 520.000000
-564.000000 508.000000
-556.000000 484.000000
-560.000000 470.000000
-560.000000 454.000000
-570.000000 445.000000
-563.000000 424.000000
-563.000000 409.000000
-570.000000 399.000000
-569.000000 384.000000
-568.000000 369.000000
-570.000000 356.000000
-574.000000 345.000000
-574.000000 332.000000
-580.000000 321.000000
-577.000000 307.000000
-583.000000 297.000000
-588.000000 287.000000
-581.000000 271.000000
-586.000000 261.000000
-590.000000 250.000000
-585.000000 236.000000
-581.000000 223.000000
-586.000000 213.000000
-590.000000 203.000000
-584.000000 190.000000
-595.000000 182.000000
-590.000000 169.000000
-593.000000 159.000000
-594.000000 148.000000
-596.000000 138.000000
-590.000000 125.000000
-591.000000 115.000000
-591.000000 104.000000
-591.000000 94.000000
-601.000000 84.000000
-596.000000 73.000000
-597.000000 63.000000
-598.000000 52.000000
-599.000000 42.000000
-599.000000 31.000000
-602.000000 21.000000
-602.000000 11.000000
-602.000000 0.000000
