181 2
1046.000000 0.000000
1048.000000 18.000000
1038.000000 36.000000
1040.000000 54.000000
1041.000000 73.000000
1032.000000 90.000000
1030.000000 108.000000
1034.000000 127.000000
1048.000000 147.000000
1364.000000 216.000000
1378.000000 243.000000
1377.000000 268.000000
1371.000000 291.000000
1378.000000 318.000000
1394.000000 348.000000
2829.000000 758.000000
2814.000000 807.000000
2812.000000 860.000000
2804.000000 911.000000
2793.000000 962.000000
2774.000000 1010.000000
2771.000000 1064.000000
2758.000000 1114.000000
2743.000000 1164.000000
4290.000000 1910.000000
2974.000000 1387.000000
-0.000000 0.000000
2801.000000 1427.000000
2769.000000 1472.000000
2790.000000 1547.000000
3950.000000 2281.000000
3919.000000 2355.000000
3724.000000 2327.000000
3542.000000 2300.000000
3424.000000 2309.000000
3420.000000 2395.000000
3407.000000 2475.000000
3391.000000 2555.000000
3383.000000 2643.000000
3374.000000 2733.000000
3250.000000 2727.000000
3109.000000 2703.000000
2990.000000 2692.000000
2863.000000 2669.000000
2741.000000 2647.000000
2628.000000 2628.000000
1943.000000 2012.000000
2421.000000 2596.000000
2323.000000 2579.000000
2229.000000 2564.000000
2137.000000 2547.000000
2055.000000 2537.000000
1975.000000 2528.000000
1465.000000 1945.000000
1810.000000 2492.000000
1309.000000 1870.000000
1675.000000 2484.000000
1606.000000 2473.000000
1539.000000 2463.000000
1471.000000 2449.000000
1410.000000 2442.000000
1336.000000 2410.000000
1239.000000 2330.000000
1229.000000 2413.000000
989.000000 2028.000000
889.000000 1907.000000
1060.000000 2381.000000
1008.000000 2374.000000
956.000000 2366.000000
908.000000 2366.000000
854.000000 2347.000000
774.000000 2248.000000
760.000000 2340.000000
712.000000 2328.000000
665.000000 2320.000000
620.000000 2314.000000
575.000000 2307.000000
531.000000 2300.000000
487.000000 2293.000000
442.000000 2272.000000
412.000000 2339.000000
517.000000 3261.000000
484.000000 3447.000000
449.000000 3660.000000
412.000000 3918.000000
366.000000 4187.000000
315.000000 4508.000000
256.000000 4882.000000
186.000000 5332.000000
191.000000 10967.000000
-0.000000 12210.000000
-238.000000 13616.000000
-533.000000 15257.000000
-799.000000 15248.000000
-1063.000000 15207.000000
-730.000000 8339.000000
-874.000000 8315.000000
-1018.000000 8293.000000
-1162.000000 8271.000000
-320.000000 2023.000000
-244.000000 1384.000000
-269.000000 1384.000000
-457.000000 2149.000000
-369.000000 1600.000000
-357.000000 1431.000000
-382.000000 1426.000000
-407.000000 1419.000000
-434.000000 1420.000000
-458.000000 1410.000000
-485.000000 1409.000000
-509.000000 1399.000000
-533.000000 1388.000000
-573.000000 1419.000000
-597.000000 1407.000000
-625.000000 1404.000000
-653.000000 1401.000000
-682.000000 1398.000000
-710.000000 1394.000000
-739.000000 1390.000000
-768.000000 1385.000000
-797.000000 1380.000000
-826.000000 1374.000000
-853.000000 1365.000000
-887.000000 1366.000000
-916.000000 1358.000000
-946.000000 1351.000000
-980.000000 1349.000000
-1008.000000 1338.000000
-1044.000000 1336.000000
-1077.000000 1330.000000
-1113.000000 1326.000000
-1147.000000 1319.000000
-1182.000000 1312.000000
-1224.000000 1313.000000
-1260.000000 1305.000000
-1296.000000 1296.000000
-1331.000000 1286.000000
-1368.000000 1275.000000
-1418.000000 1277.000000
-1456.000000 1266.000000
-1499.000000 1258.000000
-1543.000000 1250.000000
-1594.000000 1245.000000
-1636.000000 1233.000000
-1689.000000 1227.000000
-1739.000000 1218.000000
-1796.000000 1211.000000
-1855.000000 1205.000000
-1905.000000 1190.000000
-1970.000000 1184.000000
-2007.000000 1159.000000
-2063.000000 1144.000000
-2123.000000 1129.000000
-2185.000000 1113.000000
-2253.000000 1099.000000
-2336.000000 1090.000000
-2412.000000 1074.000000
-2506.000000 1064.000000
-2591.000000 1047.000000
-2691.000000 1033.000000
-2794.000000 1017.000000
-2825.000000 973.000000
-2816.000000 915.000000
-2807.000000 858.000000
-2793.000000 801.000000
-2790.000000 747.000000
-2774.000000 692.000000
-2767.000000 639.000000
-2757.000000 586.000000
-2752.000000 535.000000
-2752.000000 485.000000
-1490.000000 236.000000
-1341.000000 188.000000
-1338.000000 164.000000
-1315.000000 138.000000
-1325.000000 116.000000
-1308.000000 91.000000
-1306.000000 68.000000
-1343.000000 47.000000
-2162.000000 38.000000
-2177.000000 0.000000
