181 2
3582.000000 0.000000
3602.000000 63.000000
3625.000000 127.000000
3644.000000 191.000000
3661.000000 256.000000
3685.000000 322.000000
3709.000000 390.000000
3730.000000 458.000000
3762.000000 529.000000
3782.000000 599.000000
3802.000000 670.000000
3835.000000 745.000000
3808.000000 809.000000
3698.000000 854.000000
3607.000000 899.000000
3650.000000 978.000000
3670.000000 1052.000000
3713.000000 1135.000000
3740.000000 1215.000000
3770.000000 1298.000000
3797.000000 1382.000000
3822.000000 1467.000000
3857.000000 1558.000000
3879.000000 1647.000000
3914.000000 1742.000000
3946.000000 1840.000000
3982.000000 1942.000000
3989.000000 2033.000000
4021.000000 2138.000000
4055.000000 2248.000000
4418.000000 2551.000000
4470.000000 2686.000000
4512.000000 2819.000000
4560.000000 2961.000000
4615.000000 3113.000000
4672.000000 3271.000000
4624.000000 3359.000000
4518.000000 3404.000000
4498.000000 3514.000000
4554.000000 3688.000000
4588.000000 3850.000000
4657.000000 4049.000000
4542.000000 4090.000000
4430.000000 4131.000000
4312.000000 4164.000000
4200.000000 4200.000000
4087.000000 4233.000000
3980.000000 4268.000000
3879.000000 4308.000000
3910.000000 4498.000000
3992.000000 4758.000000
4089.000000 5050.000000
4196.000000 5371.000000
4312.000000 5722.000000
4432.000000 6101.000000
4580.000000 6541.000000
4946.000000 7332.000000
5065.000000 7799.000000
5027.000000 8045.000000
4868.000000 8102.000000
4711.000000 8160.000000
4547.000000 8202.000000
4390.000000 8257.000000
4236.000000 8314.000000
4078.000000 8361.000000
3933.000000 8434.000000
3780.000000 8490.000000
3625.000000 8540.000000
3471.000000 8591.000000
3318.000000 8645.000000
3167.000000 8702.000000
3006.000000 8730.000000
1650.000000 5080.000000
1553.000000 5079.000000
1466.000000 5113.000000
1377.000000 5139.000000
1289.000000 5171.000000
1199.000000 5192.000000
1110.000000 5222.000000
983.000000 5059.000000
813.000000 4612.000000
734.000000 4635.000000
489.000000 3483.000000
394.000000 3209.000000
313.000000 2974.000000
242.000000 2760.000000
181.000000 2582.000000
127.000000 2427.000000
77.000000 2211.000000
36.000000 2071.000000
-0.000000 2042.000000
-36.000000 2047.000000
-72.000000 2055.000000
-109.000000 2071.000000
-145.000000 2078.000000
-183.000000 2091.000000
-223.000000 2119.000000
-253.000000 2062.000000
-278.000000 1975.000000
-303.000000 1910.000000
-325.000000 1845.000000
-345.000000 1775.000000
-366.000000 1720.000000
-385.000000 1667.000000
-403.000000 1615.000000
-420.000000 1566.000000
-433.000000 1511.000000
-445.000000 1456.000000
-461.000000 1418.000000
-473.000000 1375.000000
-489.000000 1345.000000
-501.000000 1304.000000
-477.000000 1181.000000
-370.000000 873.000000
-377.000000 848.000000
-390.000000 836.000000
-395.000000 810.000000
-402.000000 789.000000
-410.000000 772.000000
-414.000000 747.000000
-422.000000 731.000000
-428.000000 712.000000
-428.000000 685.000000
-441.000000 679.000000
-447.000000 662.000000
-446.000000 637.000000
-451.000000 621.000000
-456.000000 605.000000
-461.000000 590.000000
-466.000000 576.000000
-472.000000 563.000000
-476.000000 547.000000
-479.000000 532.000000
-490.000000 525.000000
-492.000000 509.000000
-494.000000 494.000000
-503.000000 486.000000
-504.000000 470.000000
-514.000000 463.000000
-515.000000 447.000000
-515.000000 432.000000
-523.000000 424.000000
-522.000000 408.000000
-527.000000 397.000000
-534.000000 388.000000
-539.000000 377.000000
-537.000000 362.000000
-537.000000 349.000000
-543.000000 339.000000
-549.000000 330.000000
-546.000000 316.000000
-554.000000 307.000000
-557.000000 296.000000
-564.000000 287.000000
-567.000000 277.000000
-572.000000 267.000000
-578.000000 257.000000
-574.000000 244.000000
-577.000000 233.000000
-581.000000 223.000000
-586.000000 213.000000
-581.000000 200.000000
-584.000000 190.000000
-597.000000 182.000000
-600.000000 172.000000
-593.000000 159.000000
-596.000000 149.000000
-608.000000 140.000000
-616.000000 131.000000
-610.000000 118.000000
-612.000000 108.000000
-611.000000 97.000000
-620.000000 87.000000
-623.000000 77.000000
-625.000000 66.000000
-636.000000 56.000000
-636.000000 45.000000
-635.000000 33.000000
-636.000000 22.000000
-636.000000 11.000000
-638.000000 0.000000
