181 2
3485.000000 0.000000
3278.000000 57.000000
3275.000000 114.000000
3280.000000 172.000000
3298.000000 231.000000
3252.000000 284.000000
3070.000000 323.000000
2026.000000 249.000000
1930.000000 271.000000
1834.000000 290.000000
1801.000000 318.000000
1722.000000 335.000000
1650.000000 351.000000
1582.000000 365.000000
1528.000000 381.000000
1457.000000 390.000000
1405.000000 403.000000
1349.000000 413.000000
1300.000000 422.000000
1259.000000 434.000000
1218.000000 443.000000
1169.000000 449.000000
1134.000000 458.000000
1100.000000 467.000000
1068.000000 475.000000
1033.000000 482.000000
1001.000000 488.000000
966.000000 492.000000
942.000000 501.000000
916.000000 508.000000
861.000000 497.000000
839.000000 504.000000
822.000000 513.000000
798.000000 518.000000
773.000000 521.000000
744.000000 521.000000
726.000000 527.000000
706.000000 532.000000
693.000000 542.000000
651.000000 527.000000
644.000000 541.000000
626.000000 544.000000
625.000000 563.000000
651.000000 607.000000
661.000000 638.000000
668.000000 668.000000
672.000000 696.000000
682.000000 731.000000
680.000000 755.000000
676.000000 778.000000
666.000000 794.000000
648.000000 800.000000
627.000000 803.000000
602.000000 799.000000
584.000000 803.000000
567.000000 810.000000
551.000000 817.000000
536.000000 825.000000
518.000000 829.000000
499.000000 830.000000
479.000000 830.000000
464.000000 837.000000
448.000000 843.000000
430.000000 845.000000
413.000000 848.000000
399.000000 855.000000
385.000000 864.000000
363.000000 856.000000
346.000000 857.000000
332.000000 864.000000
310.000000 850.000000
296.000000 860.000000
284.000000 873.000000
270.000000 884.000000
256.000000 891.000000
233.000000 871.000000
219.000000 878.000000
207.000000 898.000000
191.000000 898.000000
176.000000 907.000000
157.000000 893.000000
143.000000 900.000000
128.000000 914.000000
112.000000 910.000000
96.000000 916.000000
81.000000 927.000000
65.000000 925.000000
48.000000 914.000000
32.000000 920.000000
16.000000 915.000000
-0.000000 911.000000
-16.000000 909.000000
-32.000000 908.000000
-48.000000 919.000000
-65.000000 929.000000
-82.000000 942.000000
-100.000000 950.000000
-116.000000 947.000000
-133.000000 946.000000
-152.000000 959.000000
-170.000000 963.000000
-186.000000 958.000000
-206.000000 969.000000
-226.000000 977.000000
-244.000000 978.000000
-261.000000 974.000000
-284.000000 990.000000
-301.000000 984.000000
-323.000000 993.000000
-346.000000 1006.000000
-368.000000 1011.000000
-388.000000 1012.000000
-408.000000 1010.000000
-438.000000 1031.000000
-462.000000 1039.000000
-483.000000 1035.000000
-506.000000 1037.000000
-528.000000 1036.000000
-543.000000 1022.000000
-557.000000 1004.000000
-561.000000 973.000000
-572.000000 952.000000
-579.000000 926.000000
-588.000000 905.000000
-588.000000 871.000000
-597.000000 852.000000
-598.000000 824.000000
-594.000000 788.000000
-620.000000 794.000000
-644.000000 795.000000
-677.000000 807.000000
-708.000000 814.000000
-743.000000 825.000000
-772.000000 828.000000
-805.000000 834.000000
-844.000000 844.000000
-871.000000 841.000000
-912.000000 850.000000
-954.000000 859.000000
-994.000000 864.000000
-1037.000000 870.000000
-1088.000000 881.000000
-1138.000000 889.000000
-1196.000000 902.000000
-1252.000000 909.000000
-1313.000000 919.000000
-1384.000000 934.000000
-1454.000000 944.000000
-1541.000000 963.000000
-1623.000000 975.000000
-1732.000000 1000.000000
-1841.000000 1021.000000
-1968.000000 1046.000000
-2108.000000 1074.000000
-2265.000000 1105.000000
-2448.000000 1141.000000
-2659.000000 1184.000000
-2912.000000 1236.000000
-3197.000000 1292.000000
-3557.000000 1365.000000
-3992.000000 1453.000000
-4516.000000 1555.000000
-4536.000000 1474.000000
-4552.000000 1392.000000
-4567.000000 1310.000000
-4590.000000 1230.000000
-4600.000000 1147.000000
-4619.000000 1066.000000
-4637.000000 986.000000
-4678.000000 909.000000
-4700.000000 829.000000
-4707.000000 746.000000
-4733.000000 665.000000
-4750.000000 583.000000
-4757.000000 500.000000
-4781.000000 418.000000
-4792.000000 335.000000
-4805.000000 252.000000
-4829.000000 169.000000
-4832.000000 84.000000
-4853.000000 0.000000
