181 2
536.000000 0.000000
535.000000 9.000000
534.000000 19.000000
524.000000 27.000000
517.000000 36.000000
521.000000 46.000000
514.000000 54.000000
506.000000 62.000000
507.000000 71.000000
508.000000 80.000000
504.000000 89.000000
503.000000 98.000000
502.000000 107.000000
494.000000 114.000000
501.000000 125.000000
492.000000 132.000000
486.000000 139.000000
487.000000 149.000000
477.000000 155.000000
477.000000 164.000000
471.000000 171.000000
473.000000 182.000000
473.000000 191.000000
469.000000 199.000000
465.000000 207.000000
468.000000 218.000000
462.000000 225.000000
462.000000 235.000000
455.000000 242.000000
451.000000 250.000000
445.000000 257.000000
436.000000 262.000000
434.000000 271.000000
424.000000 276.000000
421.000000 284.000000
418.000000 293.000000
419.000000 304.000000
412.000000 311.000000
405.000000 316.000000
403.000000 326.000000
400.000000 336.000000
396.000000 344.000000
392.000000 353.000000
387.000000 361.000000
383.000000 370.000000
375.000000 375.000000
367.000000 381.000000
371.000000 398.000000
363.000000 404.000000
363.000000 418.000000
359.000000 428.000000
351.000000 434.000000
347.000000 444.000000
339.000000 450.000000
334.000000 460.000000
334.000000 477.000000
323.000000 479.000000
322.000000 496.000000
318.000000 510.000000
318.000000 529.000000
311.000000 539.000000
307.000000 555.000000
302.000000 568.000000
295.000000 579.000000
293.000000 601.000000
287.000000 616.000000
282.000000 634.000000
272.000000 641.000000
267.000000 660.000000
261.000000 680.000000
251.000000 690.000000
238.000000 692.000000
226.000000 695.000000
210.000000 687.000000
193.000000 672.000000
174.000000 651.000000
162.000000 649.000000
153.000000 664.000000
135.000000 636.000000
123.000000 632.000000
110.000000 626.000000
100.000000 634.000000
89.000000 635.000000
76.000000 617.000000
65.000000 619.000000
54.000000 613.000000
42.000000 606.000000
31.000000 597.000000
21.000000 589.000000
10.000000 589.000000
-0.000000 597.000000
-11.000000 608.000000
-23.000000 647.000000
-36.000000 683.000000
-50.000000 719.000000
-67.000000 763.000000
-85.000000 807.000000
-105.000000 852.000000
-128.000000 908.000000
-154.000000 970.000000
-183.000000 1036.000000
-217.000000 1114.000000
-254.000000 1193.000000
-299.000000 1294.000000
-352.000000 1413.000000
-421.000000 1570.000000
-511.000000 1782.000000
-628.000000 2055.000000
-798.000000 2457.000000
-1056.000000 3066.000000
-1471.000000 4042.000000
-1634.000000 4257.000000
-1708.000000 4228.000000
-1782.000000 4198.000000
-1858.000000 4172.000000
-1930.000000 4138.000000
-2001.000000 4103.000000
-2073.000000 4068.000000
-2161.000000 4065.000000
-2234.000000 4031.000000
-2311.000000 4004.000000
-2387.000000 3973.000000
-2465.000000 3944.000000
-2542.000000 3914.000000
-2615.000000 3877.000000
-2691.000000 3843.000000
-2768.000000 3810.000000
-2845.000000 3776.000000
-2928.000000 3748.000000
-3004.000000 3709.000000
-3085.000000 3676.000000
-3168.000000 3644.000000
-3243.000000 3601.000000
-3332.000000 3573.000000
-3414.000000 3536.000000
-3494.000000 3494.000000
-3584.000000 3461.000000
-3652.000000 3406.000000
-3735.000000 3363.000000
-3828.000000 3328.000000
-3921.000000 3290.000000
-4011.000000 3248.000000
-4101.000000 3204.000000
-3829.000000 2885.000000
-4240.000000 3081.000000
-4173.000000 2922.000000
-4006.000000 2702.000000
-4039.000000 2623.000000
-4090.000000 2556.000000
-4065.000000 2442.000000
-3080.000000 1778.000000
-3108.000000 1723.000000
-3896.000000 2071.000000
-3842.000000 1958.000000
-3072.000000 1498.000000
-3091.000000 1442.000000
-3315.000000 1476.000000
-2853.000000 1211.000000
-2843.000000 1149.000000
-2828.000000 1085.000000
-2801.000000 1020.000000
-2780.000000 957.000000
-2748.000000 893.000000
-2777.000000 849.000000
-2633.000000 755.000000
-2626.000000 704.000000
-2601.000000 649.000000
-2576.000000 595.000000
-2548.000000 542.000000
-2528.000000 491.000000
-2506.000000 442.000000
-2514.000000 398.000000
-2624.000000 369.000000
-2663.000000 327.000000
-2821.000000 297.000000
-2789.000000 244.000000
-2775.000000 194.000000
-2743.000000 144.000000
-2824.000000 99.000000
-2940.000000 51.000000
-3059.000000 0.000000
