181 2
4670.000000 0.000000
4438.000000 77.000000
4466.000000 156.000000
4490.000000 235.000000
4522.000000 316.000000
4552.000000 398.000000
4581.000000 481.000000
4608.000000 566.000000
4638.000000 652.000000
4488.000000 711.000000
4329.000000 763.000000
4233.000000 823.000000
4073.000000 866.000000
4015.000000 927.000000
4054.000000 1011.000000
4083.000000 1094.000000
3974.000000 1139.000000
3856.000000 1179.000000
3737.000000 1214.000000
3637.000000 1252.000000
3540.000000 1288.000000
3444.000000 1322.000000
3337.000000 1348.000000
3249.000000 1379.000000
2831.000000 1260.000000
2754.000000 1284.000000
2694.000000 1314.000000
2612.000000 1331.000000
2570.000000 1367.000000
2507.000000 1389.000000
2449.000000 1414.000000
2385.000000 1433.000000
2321.000000 1450.000000
2264.000000 1471.000000
2209.000000 1490.000000
2162.000000 1514.000000
2103.000000 1528.000000
2056.000000 1549.000000
2006.000000 1567.000000
1957.000000 1585.000000
1909.000000 1602.000000
1861.000000 1618.000000
1815.000000 1634.000000
1772.000000 1652.000000
1722.000000 1663.000000
1669.000000 1669.000000
1623.000000 1680.000000
1575.000000 1689.000000
1543.000000 1714.000000
1486.000000 1709.000000
1453.000000 1732.000000
1519.000000 1876.000000
1532.000000 1961.000000
1500.000000 1990.000000
1457.000000 2006.000000
1410.000000 2014.000000
1371.000000 2033.000000
1327.000000 2043.000000
1288.000000 2062.000000
1245.000000 2073.000000
1209.000000 2094.000000
1162.000000 2096.000000
1127.000000 2120.000000
1088.000000 2135.000000
1046.000000 2144.000000
1008.000000 2161.000000
968.000000 2173.000000
928.000000 2186.000000
888.000000 2198.000000
848.000000 2209.000000
809.000000 2222.000000
769.000000 2234.000000
731.000000 2248.000000
694.000000 2268.000000
652.000000 2274.000000
613.000000 2286.000000
573.000000 2299.000000
534.000000 2315.000000
494.000000 2326.000000
456.000000 2344.000000
415.000000 2356.000000
375.000000 2367.000000
312.000000 2220.000000
262.000000 2132.000000
226.000000 2151.000000
189.000000 2164.000000
153.000000 2183.000000
115.000000 2191.000000
77.000000 2204.000000
39.000000 2219.000000
-0.000000 2227.000000
-39.000000 2237.000000
-79.000000 2257.000000
-119.000000 2264.000000
-159.000000 2280.000000
-200.000000 2286.000000
-243.000000 2310.000000
-285.000000 2325.000000
-329.000000 2339.000000
-372.000000 2351.000000
-416.000000 2360.000000
-462.000000 2377.000000
-509.000000 2395.000000
-555.000000 2403.000000
-604.000000 2421.000000
-652.000000 2435.000000
-703.000000 2450.000000
-756.000000 2474.000000
-811.000000 2497.000000
-864.000000 2509.000000
-919.000000 2526.000000
-977.000000 2544.000000
-1038.000000 2568.000000
-1100.000000 2591.000000
-1160.000000 2606.000000
-1225.000000 2627.000000
-1292.000000 2649.000000
-1364.000000 2677.000000
-1433.000000 2695.000000
-1506.000000 2717.000000
-1586.000000 2747.000000
-1666.000000 2773.000000
-1748.000000 2797.000000
-1838.000000 2831.000000
-1928.000000 2858.000000
-2025.000000 2892.000000
-2123.000000 2922.000000
-2228.000000 2957.000000
-2343.000000 2999.000000
-2462.000000 3040.000000
-2582.000000 3077.000000
-2713.000000 3121.000000
-2850.000000 3165.000000
-3001.000000 3218.000000
-3160.000000 3272.000000
-3329.000000 3329.000000
-3508.000000 3387.000000
-3550.000000 3310.000000
-3585.000000 3228.000000
-3612.000000 3140.000000
-3645.000000 3058.000000
-3668.000000 2970.000000
-3697.000000 2889.000000
-3730.000000 2810.000000
-3776.000000 2744.000000
-3803.000000 2663.000000
-3824.000000 2580.000000
-3855.000000 2504.000000
-3876.000000 2422.000000
-3904.000000 2345.000000
-3937.000000 2273.000000
-3960.000000 2195.000000
-3990.000000 2122.000000
-4010.000000 2043.000000
-4028.000000 1965.000000
-4056.000000 1891.000000
-4084.000000 1818.000000
-4104.000000 1742.000000
-4135.000000 1671.000000
-4163.000000 1598.000000
-4183.000000 1522.000000
-4209.000000 1449.000000
-4234.000000 1376.000000
-4258.000000 1302.000000
-4254.000000 1220.000000
-4275.000000 1146.000000
-4304.000000 1073.000000
-2763.000000 638.000000
-2629.000000 559.000000
-2654.000000 516.000000
-2057.000000 363.000000
-1739.000000 275.000000
-1570.000000 221.000000
-1408.000000 173.000000
-1255.000000 132.000000
-1246.000000 109.000000
-1252.000000 88.000000
-1271.000000 67.000000
-1278.000000 45.000000
-1279.000000 22.000000
-1290.000000 0.000000
