181 2
1351.000000 0.000000
1342.000000 23.000000
1346.000000 47.000000
1356.000000 71.000000
1346.000000 94.000000
1353.000000 118.000000
1349.000000 142.000000
1344.000000 165.000000
1350.000000 190.000000
1345.000000 213.000000
1348.000000 238.000000
1342.000000 261.000000
1339.000000 285.000000
1336.000000 308.000000
1330.000000 332.000000
1333.000000 357.000000
1325.000000 380.000000
1328.000000 406.000000
1324.000000 430.000000
1241.000000 427.000000
1318.000000 480.000000
1314.000000 505.000000
1321.000000 534.000000
1312.000000 557.000000
1310.000000 583.000000
1307.000000 609.000000
766.000000 373.000000
756.000000 385.000000
1299.000000 691.000000
1294.000000 717.000000
1289.000000 744.000000
1293.000000 777.000000
2922.000000 1826.000000
2794.000000 1814.000000
2674.000000 1803.000000
2561.000000 1794.000000
2450.000000 1780.000000
2354.000000 1774.000000
2257.000000 1763.000000
2167.000000 1755.000000
2081.000000 1746.000000
1996.000000 1735.000000
1919.000000 1728.000000
1846.000000 1721.000000
1778.000000 1717.000000
1716.000000 1716.000000
1648.000000 1707.000000
1588.000000 1703.000000
1527.000000 1696.000000
1474.000000 1696.000000
1422.000000 1695.000000
1369.000000 1690.000000
1219.000000 1560.000000
1174.000000 1558.000000
1126.000000 1549.000000
1089.000000 1555.000000
1046.000000 1550.000000
1003.000000 1545.000000
966.000000 1546.000000
925.000000 1539.000000
889.000000 1540.000000
849.000000 1531.000000
817.000000 1537.000000
781.000000 1533.000000
747.000000 1532.000000
712.000000 1527.000000
678.000000 1523.000000
644.000000 1516.000000
614.000000 1521.000000
584.000000 1523.000000
551.000000 1515.000000
522.000000 1515.000000
492.000000 1515.000000
461.000000 1507.000000
432.000000 1508.000000
437.000000 1632.000000
451.000000 1808.000000
454.000000 1965.000000
444.000000 2089.000000
431.000000 2219.000000
419.000000 2376.000000
403.000000 2541.000000
384.000000 2730.000000
367.000000 2990.000000
340.000000 3233.000000
296.000000 3384.000000
259.000000 3707.000000
215.000000 4093.000000
143.000000 4089.000000
71.000000 4088.000000
-0.000000 4076.000000
-71.000000 4073.000000
-142.000000 4060.000000
-212.000000 4051.000000
-283.000000 4048.000000
-354.000000 4047.000000
-425.000000 4044.000000
-495.000000 4034.000000
-567.000000 4031.000000
-632.000000 3992.000000
-703.000000 3987.000000
-687.000000 3533.000000
-749.000000 3524.000000
-812.000000 3518.000000
-666.000000 2669.000000
-689.000000 2570.000000
-734.000000 2561.000000
-783.000000 2560.000000
-1135.000000 3494.000000
-1198.000000 3480.000000
-1265.000000 3476.000000
-1332.000000 3470.000000
-1397.000000 3457.000000
-1466.000000 3453.000000
-1532.000000 3441.000000
-1601.000000 3434.000000
-1669.000000 3422.000000
-1537.000000 3016.000000
-1337.000000 2514.000000
-1386.000000 2501.000000
-1444.000000 2502.000000
-2308.000000 3841.000000
-2397.000000 3837.000000
-2479.000000 3817.000000
-2575.000000 3817.000000
-2667.000000 3808.000000
-2760.000000 3799.000000
-2854.000000 3787.000000
-2955.000000 3782.000000
-3057.000000 3775.000000
-3152.000000 3756.000000
-3260.000000 3750.000000
-3373.000000 3746.000000
-3479.000000 3731.000000
-3598.000000 3726.000000
-2484.000000 2484.000000
-3837.000000 3705.000000
-3887.000000 3625.000000
-3780.000000 3403.000000
-0.000000 0.000000
-2154.000000 1808.000000
-2220.000000 1797.000000
-2372.000000 1853.000000
-2700.000000 2035.000000
-2942.000000 2138.000000
-3028.000000 2121.000000
-4766.000000 3215.000000
-2447.000000 1589.000000
-2453.000000 1533.000000
-2338.000000 1405.000000
-2554.000000 1475.000000
-2519.000000 1396.000000
-2524.000000 1342.000000
-2579.000000 1314.000000
-2622.000000 1279.000000
-2637.000000 1230.000000
-2614.000000 1164.000000
-2661.000000 1130.000000
-3491.000000 1410.000000
-3499.000000 1343.000000
-905.000000 329.000000
-897.000000 309.000000
-899.000000 292.000000
-892.000000 273.000000
-896.000000 257.000000
-893.000000 239.000000
-888.000000 221.000000
-886.000000 204.000000
-881.000000 187.000000
-878.000000 171.000000
-880.000000 155.000000
-872.000000 138.000000
-875.000000 123.000000
-870.000000 107.000000
-869.000000 91.000000
-873.000000 76.000000
-871.000000 61.000000
-935.000000 49.000000
-995.000000 35.000000
-1081.000000 19.000000
-1179.000000 0.000000
