181 2
875.000000 0.000000
858.000000 15.000000
839.000000 29.000000
813.000000 43.000000
795.000000 56.000000
775.000000 68.000000
757.000000 80.000000
751.000000 92.000000
733.000000 103.000000
711.000000 113.000000
698.000000 123.000000
687.000000 134.000000
678.000000 144.000000
663.000000 153.000000
651.000000 162.000000
638.000000 171.000000
625.000000 179.000000
614.000000 188.000000
599.000000 195.000000
586.000000 202.000000
574.000000 209.000000
568.000000 218.000000
586.000000 237.000000
697.000000 296.000000
710.000000 316.000000
730.000000 341.000000
773.000000 377.000000
762.000000 388.000000
747.000000 397.000000
733.000000 406.000000
721.000000 417.000000
1290.000000 775.000000
1270.000000 793.000000
1248.000000 810.000000
1227.000000 828.000000
1204.000000 843.000000
1174.000000 853.000000
1154.000000 870.000000
1132.000000 885.000000
1118.000000 905.000000
1096.000000 920.000000
1075.000000 934.000000
1080.000000 972.000000
1239.000000 1155.000000
1262.000000 1218.000000
1635.000000 1635.000000
1600.000000 1657.000000
1571.000000 1684.000000
2514.000000 2792.000000
2461.000000 2831.000000
2411.000000 2873.000000
2349.000000 2900.000000
2296.000000 2938.000000
2242.000000 2975.000000
2188.000000 3011.000000
2115.000000 3021.000000
2062.000000 3057.000000
2014.000000 3101.000000
1954.000000 3128.000000
1905.000000 3170.000000
1529.000000 2649.000000
1404.000000 2532.000000
1356.000000 2550.000000
1312.000000 2576.000000
1271.000000 2607.000000
1222.000000 2620.000000
1468.000000 3298.000000
1413.000000 3329.000000
1358.000000 3362.000000
1306.000000 3401.000000
1249.000000 3432.000000
1194.000000 3468.000000
1142.000000 3513.000000
1084.000000 3545.000000
967.000000 3374.000000
860.000000 3208.000000
763.000000 3060.000000
675.000000 2925.000000
630.000000 2962.000000
617.000000 3175.000000
565.000000 3203.000000
505.000000 3191.000000
436.000000 3104.000000
488.000000 3975.000000
423.000000 4020.000000
356.000000 4064.000000
278.000000 3974.000000
203.000000 3869.000000
131.000000 3747.000000
64.000000 3638.000000
-0.000000 3548.000000
-60.000000 3458.000000
-120.000000 3437.000000
-188.000000 3585.000000
-252.000000 3597.000000
-314.000000 3584.000000
-472.000000 4486.000000
-538.000000 4385.000000
-603.000000 4293.000000
-664.000000 4194.000000
-723.000000 4102.000000
-782.000000 4021.000000
-837.000000 3938.000000
-1189.000000 5149.000000
-0.000000 0.000000
-909.000000 3393.000000
-1057.000000 3685.000000
-965.000000 3158.000000
-1018.000000 3134.000000
-1074.000000 3120.000000
-184.000000 506.000000
-190.000000 494.000000
-199.000000 492.000000
-207.000000 489.000000
-214.000000 481.000000
-222.000000 477.000000
-1297.000000 2659.000000
-1357.000000 2663.000000
-422.000000 793.000000
-418.000000 755.000000
-427.000000 740.000000
-436.000000 726.000000
-448.000000 717.000000
-446.000000 687.000000
-460.000000 681.000000
-471.000000 673.000000
-476.000000 654.000000
-487.000000 646.000000
-501.000000 641.000000
-512.000000 633.000000
-532.000000 634.000000
-545.000000 627.000000
-553.000000 615.000000
-578.000000 619.000000
-617.000000 639.000000
-667.000000 667.000000
-666.000000 643.000000
-1941.000000 1810.000000
-1973.000000 1777.000000
-503.000000 437.000000
-517.000000 434.000000
-531.000000 430.000000
-558.000000 436.000000
-581.000000 438.000000
-613.000000 446.000000
-649.000000 454.000000
-695.000000 469.000000
-761.000000 494.000000
-1888.000000 1180.000000
-1917.000000 1152.000000
-2873.000000 1659.000000
-2912.000000 1614.000000
-2568.000000 1366.000000
-2285.000000 1164.000000
-2312.000000 1127.000000
-2478.000000 1155.000000
-2512.000000 1119.000000
-2540.000000 1078.000000
-2572.000000 1039.000000
-2453.000000 942.000000
-2131.000000 776.000000
-2162.000000 745.000000
-2328.000000 756.000000
-2532.000000 774.000000
-2464.000000 706.000000
-2102.000000 563.000000
-2055.000000 512.000000
-2046.000000 472.000000
-2016.000000 429.000000
-2071.000000 403.000000
-2066.000000 364.000000
-2102.000000 333.000000
-2128.000000 299.000000
-2607.000000 320.000000
-2692.000000 283.000000
-2694.000000 236.000000
-2791.000000 195.000000
-3864.000000 202.000000
-3905.000000 136.000000
-3887.000000 68.000000
-3792.000000 0.000000
