181 2
920.000000 0.000000
921.000000 16.000000
850.000000 30.000000
827.000000 43.000000
815.000000 57.000000
800.000000 70.000000
795.000000 84.000000
790.000000 97.000000
790.000000 111.000000
785.000000 124.000000
781.000000 138.000000
770.000000 150.000000
771.000000 164.000000
761.000000 176.000000
762.000000 190.000000
761.000000 204.000000
755.000000 216.000000
751.000000 230.000000
742.000000 241.000000
751.000000 259.000000
771.000000 280.000000
780.000000 299.000000
814.000000 329.000000
799.000000 339.000000
759.000000 338.000000
870.000000 406.000000
1444.000000 704.000000
1431.000000 729.000000
1426.000000 758.000000
1411.000000 782.000000
1486.000000 858.000000
1932.000000 1161.000000
1892.000000 1182.000000
1857.000000 1206.000000
1823.000000 1230.000000
1787.000000 1251.000000
1751.000000 1272.000000
1727.000000 1301.000000
1689.000000 1320.000000
1648.000000 1335.000000
1593.000000 1336.000000
1644.000000 1429.000000
2359.000000 2124.000000
2302.000000 2147.000000
2201.000000 2126.000000
1718.000000 1718.000000
1707.000000 1767.000000
1705.000000 1828.000000
1696.000000 1884.000000
1686.000000 1940.000000
1686.000000 2009.000000
1673.000000 2066.000000
1656.000000 2119.000000
1580.000000 2096.000000
1518.000000 2089.000000
327.000000 467.000000
320.000000 474.000000
312.000000 481.000000
303.000000 485.000000
290.000000 483.000000
281.000000 487.000000
272.000000 492.000000
260.000000 489.000000
261.000000 512.000000
306.000000 626.000000
356.000000 763.000000
346.000000 777.000000
365.000000 861.000000
317.000000 783.000000
304.000000 791.000000
288.000000 790.000000
272.000000 790.000000
315.000000 968.000000
356.000000 1165.000000
352.000000 1228.000000
330.000000 1232.000000
335.000000 1345.000000
453.000000 1960.000000
420.000000 1976.000000
390.000000 2005.000000
359.000000 2035.000000
305.000000 1925.000000
295.000000 2100.000000
271.000000 2207.000000
208.000000 1981.000000
170.000000 1938.000000
141.000000 2017.000000
102.000000 1947.000000
67.000000 1918.000000
33.000000 1877.000000
-0.000000 1922.000000
-33.000000 1902.000000
-66.000000 1892.000000
-99.000000 1883.000000
-133.000000 1903.000000
-147.000000 1675.000000
-176.000000 1673.000000
-231.000000 1881.000000
-264.000000 1877.000000
-295.000000 1860.000000
-307.000000 1740.000000
-362.000000 1860.000000
-396.000000 1863.000000
-426.000000 1846.000000
-455.000000 1825.000000
-492.000000 1835.000000
-447.000000 1557.000000
-470.000000 1539.000000
-504.000000 1551.000000
-554.000000 1610.000000
-544.000000 1494.000000
-534.000000 1391.000000
-534.000000 1321.000000
-561.000000 1322.000000
-588.000000 1320.000000
-614.000000 1318.000000
-638.000000 1308.000000
-669.000000 1312.000000
-696.000000 1309.000000
-723.000000 1304.000000
-750.000000 1300.000000
-778.000000 1295.000000
-810.000000 1296.000000
-836.000000 1287.000000
-870.000000 1290.000000
-898.000000 1282.000000
-931.000000 1281.000000
-964.000000 1279.000000
-1345.000000 1721.000000
-1386.000000 1711.000000
-1439.000000 1715.000000
-1480.000000 1703.000000
-1538.000000 1708.000000
-1634.000000 1752.000000
-1642.000000 1701.000000
-1684.000000 1684.000000
-0.000000 0.000000
-1542.000000 1438.000000
-1839.000000 1656.000000
-1909.000000 1660.000000
-1961.000000 1646.000000
-2022.000000 1637.000000
-2081.000000 1626.000000
-2136.000000 1610.000000
-0.000000 0.000000
-2281.000000 1597.000000
-1964.000000 1325.000000
-1987.000000 1290.000000
-2509.000000 1568.000000
-2401.000000 1443.000000
-2398.000000 1385.000000
-2394.000000 1327.000000
-0.000000 0.000000
-2360.000000 1203.000000
-2367.000000 1154.000000
-2352.000000 1097.000000
-2346.000000 1044.000000
-2331.000000 989.000000
-2324.000000 939.000000
-2313.000000 888.000000
-1773.000000 645.000000
-1412.000000 486.000000
-1331.000000 432.000000
-1321.000000 404.000000
-1353.000000 388.000000
-1377.000000 369.000000
-1359.000000 339.000000
-1442.000000 333.000000
-0.000000 0.000000
-1577.000000 307.000000
-1616.000000 285.000000
-1636.000000 259.000000
-1886.000000 265.000000
-2177.000000 267.000000
-2213.000000 233.000000
-2204.000000 193.000000
-2200.000000 154.000000
-2196.000000 115.000000
-2189.000000 76.000000
-2173.000000 38.000000
-2159.000000 0.000000
