181 2
2468.000000 0.000000
2459.000000 43.000000
2908.000000 102.000000
2933.000000 154.000000
2976.000000 208.000000
3010.000000 263.000000
3050.000000 321.000000
3089.000000 379.000000
3126.000000 439.000000
3170.000000 502.000000
3208.000000 566.000000
3258.000000 633.000000
3306.000000 703.000000
3347.000000 773.000000
3290.000000 820.000000
3341.000000 895.000000
3288.000000 943.000000
3282.000000 1003.000000
2879.000000 935.000000
2638.000000 908.000000
2595.000000 945.000000
2564.000000 984.000000
2529.000000 1022.000000
2494.000000 1058.000000
2110.000000 940.000000
2122.000000 989.000000
2243.000000 1094.000000
2371.000000 1208.000000
2334.000000 1241.000000
2308.000000 1279.000000
2279.000000 1316.000000
2248.000000 1351.000000
2218.000000 1386.000000
2129.000000 1382.000000
2156.000000 1454.000000
2078.000000 1455.000000
2570.000000 1867.000000
2609.000000 1966.000000
2656.000000 2075.000000
2684.000000 2174.000000
6380.000000 5354.000000
6684.000000 5810.000000
6641.000000 5980.000000
6504.000000 6065.000000
6367.000000 6148.000000
7397.000000 7397.000000
10567.000000 10943.000000
10345.000000 11093.000000
10122.000000 11242.000000
9891.000000 11379.000000
9650.000000 11501.000000
9455.000000 11676.000000
9231.000000 11815.000000
-0.000000 0.000000
-0.000000 0.000000
4359.000000 6226.000000
4167.000000 6177.000000
3980.000000 6128.000000
3806.000000 6092.000000
3607.000000 6003.000000
3451.000000 5977.000000
3293.000000 5940.000000
3055.000000 5746.000000
2494.000000 4894.000000
2092.000000 4290.000000
1784.000000 3826.000000
1541.000000 3461.000000
1342.000000 3161.000000
1181.000000 2922.000000
1038.000000 2705.000000
923.000000 2536.000000
821.000000 2385.000000
731.000000 2251.000000
649.000000 2124.000000
581.000000 2026.000000
515.000000 1923.000000
461.000000 1849.000000
407.000000 1764.000000
359.000000 1691.000000
317.000000 1629.000000
277.000000 1569.000000
240.000000 1516.000000
206.000000 1466.000000
173.000000 1412.000000
144.000000 1372.000000
116.000000 1327.000000
90.000000 1292.000000
65.000000 1246.000000
42.000000 1209.000000
21.000000 1179.000000
-0.000000 1144.000000
-20.000000 1118.000000
-38.000000 1091.000000
-57.000000 1085.000000
-74.000000 1055.000000
-93.000000 1061.000000
-109.000000 1033.000000
-125.000000 1014.000000
-141.000000 1000.000000
-155.000000 978.000000
-169.000000 959.000000
-183.000000 939.000000
-195.000000 918.000000
-210.000000 909.000000
-222.000000 889.000000
-233.000000 871.000000
-246.000000 856.000000
-257.000000 841.000000
-265.000000 817.000000
-280.000000 812.000000
-288.000000 790.000000
-298.000000 776.000000
-306.000000 757.000000
-316.000000 744.000000
-325.000000 729.000000
-335.000000 718.000000
-346.000000 710.000000
-354.000000 694.000000
-362.000000 681.000000
-368.000000 665.000000
-379.000000 657.000000
-388.000000 645.000000
-395.000000 633.000000
-401.000000 618.000000
-411.000000 609.000000
-417.000000 596.000000
-427.000000 588.000000
-433.000000 575.000000
-443.000000 567.000000
-454.000000 561.000000
-458.000000 545.000000
-468.000000 538.000000
-471.000000 523.000000
-480.000000 515.000000
-490.000000 507.000000
-491.000000 491.000000
-501.000000 484.000000
-510.000000 476.000000
-514.000000 463.000000
-524.000000 455.000000
-534.000000 448.000000
-536.000000 434.000000
-538.000000 420.000000
-555.000000 418.000000
-540.000000 393.000000
-552.000000 387.000000
-535.000000 361.000000
-543.000000 352.000000
-550.000000 343.000000
-555.000000 334.000000
-563.000000 325.000000
-567.000000 314.000000
-574.000000 305.000000
-579.000000 295.000000
-593.000000 289.000000
-597.000000 279.000000
-602.000000 268.000000
-608.000000 258.000000
-620.000000 251.000000
-625.000000 240.000000
-630.000000 229.000000
-633.000000 218.000000
-637.000000 207.000000
-650.000000 199.000000
-653.000000 187.000000
-665.000000 178.000000
-668.000000 166.000000
-677.000000 156.000000
-680.000000 144.000000
-690.000000 134.000000
-690.000000 122.000000
-702.000000 111.000000
-713.000000 100.000000
-722.000000 89.000000
-733.000000 77.000000
-733.000000 64.000000
-743.000000 52.000000
-751.000000 39.000000
-761.000000 27.000000
-761.000000 13.000000
-774.000000 0.000000
