181 2
2103.000000 0.000000
2130.000000 37.000000
2148.000000 75.000000
2164.000000 113.000000
2191.000000 153.000000
2225.000000 195.000000
2249.000000 236.000000
2272.000000 279.000000
2270.000000 319.000000
2297.000000 364.000000
2320.000000 409.000000
2349.000000 457.000000
2355.000000 501.000000
2721.000000 628.000000
2755.000000 687.000000
2788.000000 747.000000
2828.000000 811.000000
2868.000000 877.000000
2908.000000 945.000000
2959.000000 1019.000000
3001.000000 1092.000000
3050.000000 1171.000000
3097.000000 1251.000000
3147.000000 1336.000000
3191.000000 1421.000000
3149.000000 1468.000000
3082.000000 1503.000000
3016.000000 1537.000000
3046.000000 1620.000000
3078.000000 1706.000000
3129.000000 1807.000000
3196.000000 1920.000000
3257.000000 2035.000000
3318.000000 2155.000000
3250.000000 2192.000000
3187.000000 2231.000000
3117.000000 2265.000000
3054.000000 2301.000000
2991.000000 2337.000000
2929.000000 2372.000000
2867.000000 2406.000000
2804.000000 2437.000000
2747.000000 2474.000000
2691.000000 2510.000000
2628.000000 2538.000000
2608.000000 2608.000000
2740.000000 2837.000000
2882.000000 3091.000000
3056.000000 3394.000000
3261.000000 3752.000000
3490.000000 4160.000000
3811.000000 4706.000000
4476.000000 5729.000000
4502.000000 5974.000000
4389.000000 6041.000000
4278.000000 6110.000000
4167.000000 6177.000000
4053.000000 6241.000000
3939.000000 6304.000000
3829.000000 6372.000000
3716.000000 6436.000000
3603.000000 6500.000000
3501.000000 6585.000000
3390.000000 6654.000000
3276.000000 6717.000000
3161.000000 6778.000000
3048.000000 6846.000000
2936.000000 6916.000000
2821.000000 6982.000000
2704.000000 7043.000000
2583.000000 7096.000000
2375.000000 6898.000000
2070.000000 6371.000000
1800.000000 5887.000000
1562.000000 5447.000000
1378.000000 5144.000000
1242.000000 4981.000000
1160.000000 5023.000000
1019.000000 4795.000000
805.000000 4141.000000
699.000000 3966.000000
600.000000 3788.000000
526.000000 3743.000000
465.000000 3790.000000
402.000000 3825.000000
338.000000 3860.000000
273.000000 3901.000000
206.000000 3933.000000
139.000000 3975.000000
70.000000 4014.000000
-0.000000 3958.000000
-67.000000 3842.000000
-131.000000 3739.000000
-189.000000 3611.000000
-246.000000 3520.000000
-301.000000 3445.000000
-367.000000 3490.000000
-434.000000 3533.000000
-499.000000 3549.000000
-555.000000 3504.000000
-602.000000 3413.000000
-648.000000 3335.000000
-692.000000 3254.000000
-731.000000 3165.000000
-774.000000 3104.000000
-819.000000 3055.000000
-853.000000 2973.000000
-887.000000 2900.000000
-924.000000 2843.000000
-956.000000 2777.000000
-992.000000 2726.000000
-905.000000 2358.000000
-935.000000 2314.000000
-964.000000 2271.000000
-996.000000 2236.000000
-1016.000000 2180.000000
-1052.000000 2156.000000
-1073.000000 2106.000000
-1101.000000 2071.000000
-1124.000000 2027.000000
-1150.000000 1993.000000
-1172.000000 1950.000000
-1196.000000 1914.000000
-1218.000000 1876.000000
-1236.000000 1832.000000
-1256.000000 1794.000000
-1281.000000 1764.000000
-1302.000000 1727.000000
-1320.000000 1689.000000
-1344.000000 1660.000000
-1361.000000 1622.000000
-1382.000000 1589.000000
-1403.000000 1558.000000
-1424.000000 1527.000000
-1444.000000 1495.000000
-1462.000000 1462.000000
-1481.000000 1430.000000
-1498.000000 1397.000000
-1514.000000 1363.000000
-1516.000000 1318.000000
-1527.000000 1281.000000
-1547.000000 1252.000000
-1568.000000 1225.000000
-1584.000000 1194.000000
-1595.000000 1159.000000
-1624.000000 1137.000000
-1642.000000 1108.000000
-1869.000000 1214.000000
-1889.000000 1181.000000
-1915.000000 1151.000000
-1932.000000 1116.000000
-1944.000000 1078.000000
-1963.000000 1044.000000
-1982.000000 1010.000000
-2007.000000 979.000000
-2024.000000 944.000000
-2041.000000 909.000000
-2069.000000 878.000000
-2079.000000 840.000000
-2107.000000 809.000000
-2127.000000 774.000000
-2143.000000 738.000000
-2173.000000 706.000000
-2179.000000 666.000000
-2201.000000 631.000000
-2221.000000 595.000000
-2245.000000 560.000000
-2270.000000 524.000000
-2285.000000 486.000000
-2312.000000 449.000000
-2332.000000 411.000000
-2351.000000 372.000000
-2370.000000 333.000000
-2396.000000 294.000000
-2424.000000 255.000000
-2440.000000 213.000000
-2467.000000 173.000000
-2418.000000 127.000000
-2347.000000 82.000000
-2250.000000 39.000000
-2253.000000 0.000000
