181 2
2658.000000 0.000000
2686.000000 47.000000
2721.000000 95.000000
2760.000000 145.000000
2778.000000 194.000000
3132.000000 274.000000
3171.000000 333.000000
3207.000000 394.000000
3249.000000 457.000000
3297.000000 522.000000
3358.000000 592.000000
3391.000000 659.000000
3425.000000 728.000000
3480.000000 804.000000
3544.000000 884.000000
3596.000000 964.000000
3653.000000 1047.000000
3653.000000 1117.000000
3596.000000 1168.000000
3512.000000 1209.000000
3477.000000 1265.000000
3540.000000 1359.000000
3597.000000 1453.000000
3657.000000 1552.000000
3724.000000 1658.000000
3789.000000 1767.000000
3863.000000 1884.000000
3936.000000 2005.000000
4021.000000 2138.000000
4112.000000 2280.000000
4205.000000 2428.000000
4307.000000 2588.000000
4419.000000 2761.000000
4546.000000 2952.000000
4665.000000 3147.000000
4802.000000 3362.000000
4950.000000 3596.000000
5124.000000 3861.000000
5310.000000 4149.000000
5529.000000 4477.000000
5552.000000 4659.000000
5436.000000 4726.000000
5327.000000 4796.000000
5223.000000 4870.000000
5110.000000 4935.000000
5032.000000 5032.000000
4924.000000 5099.000000
4818.000000 5166.000000
4715.000000 5237.000000
4607.000000 5300.000000
4509.000000 5373.000000
4403.000000 5437.000000
4298.000000 5501.000000
4194.000000 5566.000000
4094.000000 5635.000000
3994.000000 5704.000000
3889.000000 5766.000000
3786.000000 5830.000000
3668.000000 5869.000000
2655.000000 4418.000000
1861.000000 3223.000000
1816.000000 3275.000000
1758.000000 3306.000000
1705.000000 3347.000000
1780.000000 3650.000000
1519.000000 3258.000000
1467.000000 3295.000000
1416.000000 3335.000000
1361.000000 3368.000000
1307.000000 3406.000000
1254.000000 3445.000000
1196.000000 3474.000000
1143.000000 3519.000000
1087.000000 3556.000000
1030.000000 3591.000000
972.000000 3626.000000
913.000000 3660.000000
855.000000 3704.000000
794.000000 3737.000000
734.000000 3776.000000
673.000000 3819.000000
603.000000 3806.000000
516.000000 3675.000000
436.000000 3550.000000
359.000000 3417.000000
286.000000 3266.000000
231.000000 3302.000000
175.000000 3338.000000
118.000000 3378.000000
59.000000 3394.000000
-0.000000 3323.000000
-56.000000 3228.000000
-110.000000 3141.000000
-160.000000 3060.000000
-208.000000 2975.000000
-255.000000 2916.000000
-298.000000 2838.000000
-340.000000 2768.000000
-382.000000 2716.000000
-421.000000 2658.000000
-393.000000 2228.000000
-425.000000 2185.000000
-456.000000 2145.000000
-484.000000 2095.000000
-511.000000 2050.000000
-543.000000 2027.000000
-573.000000 1998.000000
-597.000000 1952.000000
-625.000000 1924.000000
-649.000000 1883.000000
-675.000000 1855.000000
-697.000000 1817.000000
-717.000000 1776.000000
-741.000000 1745.000000
-763.000000 1715.000000
-786.000000 1686.000000
-803.000000 1646.000000
-824.000000 1616.000000
-843.000000 1585.000000
-861.000000 1552.000000
-883.000000 1529.000000
-900.000000 1497.000000
-921.000000 1474.000000
-938.000000 1444.000000
-952.000000 1412.000000
-972.000000 1388.000000
-991.000000 1364.000000
-1009.000000 1339.000000
-1026.000000 1314.000000
-1042.000000 1286.000000
-1056.000000 1259.000000
-1062.000000 1221.000000
-1076.000000 1195.000000
-1092.000000 1171.000000
-1102.000000 1141.000000
-1119.000000 1119.000000
-1137.000000 1098.000000
-1154.000000 1076.000000
-1161.000000 1045.000000
-1172.000000 1019.000000
-1320.000000 1108.000000
-1404.000000 1137.000000
-1418.000000 1108.000000
-1438.000000 1083.000000
-1452.000000 1055.000000
-1459.000000 1022.000000
-1484.000000 1001.000000
-1505.000000 977.000000
-1521.000000 950.000000
-1539.000000 925.000000
-1546.000000 893.000000
-1573.000000 872.000000
-1588.000000 845.000000
-1597.000000 814.000000
-1621.000000 790.000000
-1638.000000 764.000000
-1654.000000 736.000000
-1676.000000 712.000000
-1697.000000 686.000000
-1715.000000 658.000000
-1735.000000 631.000000
-1749.000000 602.000000
-1766.000000 574.000000
-1784.000000 545.000000
-1798.000000 515.000000
-1811.000000 485.000000
-1841.000000 459.000000
-1845.000000 426.000000
-1880.000000 400.000000
-1881.000000 366.000000
-1912.000000 337.000000
-1929.000000 306.000000
-1951.000000 274.000000
-1966.000000 241.000000
-1994.000000 210.000000
-2013.000000 176.000000
-2046.000000 143.000000
-2047.000000 107.000000
-1992.000000 70.000000
-1926.000000 34.000000
-1869.000000 0.000000
