181 2
515.000000 0.000000
954.000000 17.000000
972.000000 34.000000
972.000000 51.000000
980.000000 69.000000
978.000000 86.000000
977.000000 103.000000
984.000000 121.000000
977.000000 137.000000
977.000000 155.000000
969.000000 171.000000
974.000000 189.000000
981.000000 209.000000
979.000000 226.000000
983.000000 245.000000
987.000000 265.000000
983.000000 282.000000
989.000000 302.000000
982.000000 319.000000
984.000000 339.000000
988.000000 359.000000
990.000000 380.000000
991.000000 400.000000
993.000000 422.000000
993.000000 442.000000
985.000000 459.000000
985.000000 480.000000
993.000000 506.000000
993.000000 528.000000
992.000000 550.000000
998.000000 576.000000
995.000000 598.000000
997.000000 623.000000
993.000000 645.000000
997.000000 673.000000
1000.000000 700.000000
1002.000000 728.000000
3928.000000 2960.000000
3799.000000 2968.000000
3668.000000 2970.000000
3544.000000 2974.000000
3422.000000 2975.000000
3347.000000 3014.000000
3310.000000 3087.000000
3373.000000 3257.000000
3873.000000 3873.000000
3744.000000 3877.000000
3619.000000 3881.000000
3494.000000 3881.000000
3375.000000 3882.000000
4264.000000 5082.000000
4204.000000 5192.000000
3071.000000 3931.000000
2726.000000 3617.000000
2629.000000 3618.000000
2583.000000 3689.000000
2556.000000 3790.000000
2564.000000 3948.000000
2469.000000 3952.000000
2372.000000 3947.000000
2086.000000 3613.000000
843.000000 1521.000000
817.000000 1536.000000
910.000000 1786.000000
857.000000 1756.000000
817.000000 1753.000000
774.000000 1738.000000
737.000000 1736.000000
701.000000 1734.000000
664.000000 1731.000000
630.000000 1730.000000
606.000000 1759.000000
586.000000 1803.000000
566.000000 1852.000000
550.000000 1920.000000
533.000000 1991.000000
520.000000 2085.000000
754.000000 3268.000000
709.000000 3337.000000
612.000000 3146.000000
554.000000 3143.000000
495.000000 3124.000000
440.000000 3131.000000
384.000000 3129.000000
329.000000 3126.000000
276.000000 3152.000000
242.000000 3458.000000
200.000000 3822.000000
133.000000 3815.000000
58.000000 3303.000000
-0.000000 3334.000000
-58.000000 3339.000000
-110.000000 3144.000000
-161.000000 3066.000000
-215.000000 3070.000000
-266.000000 3045.000000
-255.000000 2430.000000
-275.000000 2236.000000
-463.000000 3292.000000
-271.000000 1710.000000
-274.000000 1553.000000
-309.000000 1587.000000
-767.000000 3610.000000
-878.000000 3803.000000
-386.000000 1549.000000
-413.000000 1542.000000
-1287.000000 4489.000000
-1074.000000 3513.000000
-1187.000000 3652.000000
-1479.000000 4296.000000
-1487.000000 4087.000000
-304.000000 793.000000
-303.000000 750.000000
-307.000000 724.000000
-309.000000 693.000000
-306.000000 657.000000
-310.000000 636.000000
-310.000000 608.000000
-313.000000 588.000000
-314.000000 566.000000
-309.000000 536.000000
-315.000000 525.000000
-315.000000 505.000000
-319.000000 491.000000
-318.000000 472.000000
-321.000000 459.000000
-319.000000 438.000000
-320.000000 424.000000
-321.000000 411.000000
-323.000000 399.000000
-324.000000 386.000000
-325.000000 374.000000
-324.000000 360.000000
-323.000000 347.000000
-322.000000 334.000000
-327.000000 327.000000
-327.000000 316.000000
-325.000000 303.000000
-324.000000 292.000000
-329.000000 286.000000
-328.000000 275.000000
-332.000000 269.000000
-329.000000 257.000000
-331.000000 250.000000
-328.000000 239.000000
-334.000000 234.000000
-331.000000 223.000000
-333.000000 216.000000
-329.000000 206.000000
-329.000000 198.000000
-333.000000 192.000000
-330.000000 183.000000
-331.000000 176.000000
-333.000000 170.000000
-336.000000 164.000000
-334.000000 156.000000
-330.000000 147.000000
-332.000000 141.000000
-337.000000 136.000000
-332.000000 128.000000
-335.000000 122.000000
-333.000000 115.000000
-326.000000 106.000000
-337.000000 103.000000
-338.000000 97.000000
-340.000000 91.000000
-333.000000 83.000000
-334.000000 77.000000
-336.000000 72.000000
-333.000000 65.000000
-337.000000 59.000000
-337.000000 53.000000
-342.000000 48.000000
-342.000000 42.000000
-338.000000 36.000000
-338.000000 30.000000
-340.000000 24.000000
-342.000000 18.000000
-341.000000 12.000000
-339.000000 6.000000
-337.000000 0.000000
