181 2
1925.000000 0.000000
1911.000000 33.000000
1902.000000 66.000000
1883.000000 99.000000
1870.000000 131.000000
1849.000000 162.000000
1843.000000 194.000000
1820.000000 224.000000
1800.000000 253.000000
1784.000000 283.000000
1783.000000 314.000000
1798.000000 350.000000
1929.000000 410.000000
2081.000000 480.000000
2063.000000 514.000000
2046.000000 548.000000
2027.000000 581.000000
2005.000000 613.000000
2161.000000 702.000000
2473.000000 852.000000
2870.000000 1045.000000
2956.000000 1135.000000
2926.000000 1182.000000
2905.000000 1233.000000
2876.000000 1280.000000
2853.000000 1330.000000
2830.000000 1380.000000
2806.000000 1430.000000
2759.000000 1467.000000
2732.000000 1515.000000
2715.000000 1568.000000
2690.000000 1616.000000
2665.000000 1665.000000
2857.000000 1855.000000
2827.000000 1907.000000
2800.000000 1960.000000
2777.000000 2018.000000
2744.000000 2068.000000
2720.000000 2125.000000
2692.000000 2180.000000
2671.000000 2241.000000
2632.000000 2288.000000
2614.000000 2353.000000
2581.000000 2407.000000
2550.000000 2463.000000
2526.000000 2526.000000
2492.000000 2581.000000
2468.000000 2647.000000
2432.000000 2701.000000
2402.000000 2764.000000
2371.000000 2826.000000
2327.000000 2873.000000
2207.000000 2825.000000
2103.000000 2790.000000
2084.000000 2868.000000
2054.000000 2933.000000
2025.000000 3003.000000
1998.000000 3076.000000
1963.000000 3141.000000
1931.000000 3214.000000
1897.000000 3286.000000
1862.000000 3359.000000
1826.000000 3435.000000
1788.000000 3509.000000
1751.000000 3590.000000
1711.000000 3670.000000
1673.000000 3758.000000
1630.000000 3839.000000
1575.000000 3898.000000
1530.000000 3985.000000
1487.000000 4086.000000
1556.000000 4518.000000
1500.000000 4615.000000
1448.000000 4738.000000
1393.000000 4859.000000
1333.000000 4975.000000
1273.000000 5106.000000
1211.000000 5247.000000
1120.000000 5271.000000
1017.000000 5233.000000
932.000000 5288.000000
849.000000 5360.000000
781.000000 5556.000000
701.000000 5708.000000
607.000000 5776.000000
501.000000 5726.000000
397.000000 5674.000000
295.000000 5623.000000
194.000000 5565.000000
96.000000 5512.000000
-0.000000 5469.000000
-95.000000 5424.000000
-196.000000 5618.000000
-306.000000 5839.000000
-425.000000 6071.000000
-556.000000 6355.000000
-697.000000 6632.000000
-854.000000 6958.000000
-1027.000000 7309.000000
-1224.000000 7727.000000
-1495.000000 8480.000000
-1703.000000 8761.000000
-1892.000000 8899.000000
-2038.000000 8829.000000
-2184.000000 8759.000000
-2329.000000 8693.000000
-2471.000000 8619.000000
-2616.000000 8556.000000
-2756.000000 8482.000000
-2905.000000 8438.000000
-3049.000000 8377.000000
-3187.000000 8301.000000
-3327.000000 8233.000000
-3469.000000 8171.000000
-3609.000000 8105.000000
-3747.000000 8034.000000
-3875.000000 7945.000000
-2238.000000 4392.000000
-2314.000000 4352.000000
-2389.000000 4310.000000
-2469.000000 4277.000000
-2548.000000 4241.000000
-2628.000000 4205.000000
-2706.000000 4167.000000
-2642.000000 3917.000000
-2470.000000 3527.000000
-2543.000000 3501.000000
-2608.000000 3461.000000
-1913.000000 2448.000000
-1808.000000 2233.000000
-1752.000000 2087.000000
-1680.000000 1932.000000
-1609.000000 1787.000000
-1547.000000 1659.000000
-1500.000000 1553.000000
-1452.000000 1452.000000
-1365.000000 1318.000000
-1329.000000 1239.000000
-1292.000000 1164.000000
-1284.000000 1116.000000
-1308.000000 1097.000000
-1335.000000 1081.000000
-1366.000000 1068.000000
-1401.000000 1056.000000
-1427.000000 1037.000000
-1461.000000 1023.000000
-1498.000000 1010.000000
-1485.000000 965.000000
-1454.000000 909.000000
-1427.000000 858.000000
-1406.000000 812.000000
-1399.000000 776.000000
-1366.000000 726.000000
-1337.000000 681.000000
-1327.000000 647.000000
-1311.000000 612.000000
-1289.000000 574.000000
-1274.000000 541.000000
-1254.000000 507.000000
-1253.000000 481.000000
-1234.000000 449.000000
-1214.000000 418.000000
-1205.000000 392.000000
-1189.000000 363.000000
-1176.000000 337.000000
-1171.000000 314.000000
-1156.000000 288.000000
-1149.000000 265.000000
-1134.000000 241.000000
-1126.000000 219.000000
-1114.000000 196.000000
-1106.000000 175.000000
-1091.000000 153.000000
-1089.000000 134.000000
-1068.000000 112.000000
-1063.000000 93.000000
-1060.000000 74.000000
-1045.000000 55.000000
-882.000000 31.000000
-730.000000 13.000000
-720.000000 0.000000
