181 2
1949.000000 0.000000
1940.000000 34.000000
1932.000000 67.000000
1925.000000 101.000000
1914.000000 134.000000
1901.000000 166.000000
1897.000000 199.000000
1887.000000 232.000000
1878.000000 264.000000
1872.000000 296.000000
1862.000000 328.000000
1854.000000 360.000000
1853.000000 394.000000
1859.000000 429.000000
1847.000000 461.000000
1836.000000 492.000000
1657.000000 475.000000
1575.000000 482.000000
1573.000000 511.000000
1556.000000 536.000000
1551.000000 565.000000
1547.000000 594.000000
1543.000000 623.000000
1534.000000 651.000000
1525.000000 679.000000
1520.000000 709.000000
1519.000000 741.000000
1514.000000 771.000000
1500.000000 798.000000
1495.000000 829.000000
1488.000000 859.000000
1479.000000 888.000000
1463.000000 914.000000
1463.000000 950.000000
1454.000000 981.000000
1444.000000 1011.000000
1433.000000 1041.000000
1423.000000 1072.000000
1419.000000 1109.000000
1407.000000 1140.000000
1403.000000 1178.000000
1389.000000 1208.000000
1376.000000 1239.000000
1367.000000 1275.000000
1358.000000 1312.000000
1347.000000 1347.000000
1337.000000 1384.000000
1324.000000 1420.000000
1318.000000 1463.000000
1304.000000 1500.000000
1289.000000 1537.000000
1281.000000 1581.000000
1272.000000 1628.000000
1260.000000 1672.000000
1248.000000 1718.000000
1234.000000 1763.000000
1220.000000 1809.000000
1209.000000 1862.000000
1192.000000 1907.000000
1182.000000 1967.000000
1166.000000 2020.000000
1152.000000 2078.000000
1137.000000 2138.000000
1119.000000 2195.000000
1104.000000 2263.000000
1087.000000 2331.000000
1070.000000 2403.000000
1048.000000 2470.000000
1029.000000 2546.000000
1007.000000 2622.000000
986.000000 2710.000000
964.000000 2799.000000
938.000000 2886.000000
911.000000 2981.000000
885.000000 3086.000000
858.000000 3203.000000
828.000000 3321.000000
795.000000 3441.000000
761.000000 3581.000000
723.000000 3719.000000
683.000000 3873.000000
640.000000 4043.000000
593.000000 4217.000000
533.000000 4337.000000
454.000000 4318.000000
376.000000 4299.000000
299.000000 4277.000000
223.000000 4252.000000
148.000000 4238.000000
74.000000 4214.000000
-0.000000 4196.000000
-73.000000 4210.000000
-146.000000 4194.000000
-219.000000 4176.000000
-290.000000 4154.000000
-362.000000 4142.000000
-433.000000 4118.000000
-504.000000 4102.000000
-574.000000 4085.000000
-645.000000 4073.000000
-715.000000 4056.000000
-784.000000 4034.000000
-855.000000 4023.000000
-1393.000000 6032.000000
-1498.000000 6007.000000
-1605.000000 5990.000000
-1157.000000 4033.000000
-1226.000000 4009.000000
-1252.000000 3855.000000
-1324.000000 3844.000000
-2135.000000 5866.000000
-1198.000000 3120.000000
-1386.000000 3432.000000
-1606.000000 3783.000000
-1679.000000 3772.000000
-1753.000000 3759.000000
-1822.000000 3735.000000
-1891.000000 3711.000000
-1968.000000 3700.000000
-2036.000000 3673.000000
-1920.000000 3326.000000
-2187.000000 3640.000000
-2258.000000 3614.000000
-2231.000000 3435.000000
-2158.000000 3200.000000
-2137.000000 3051.000000
-2188.000000 3012.000000
-2181.000000 2894.000000
-1172.000000 1500.000000
-1171.000000 1445.000000
-1165.000000 1388.000000
-1157.000000 1331.000000
-1149.000000 1276.000000
-1120.000000 1201.000000
-1120.000000 1160.000000
-1080.000000 1080.000000
-1025.000000 990.000000
-1025.000000 955.000000
-1019.000000 917.000000
-1002.000000 871.000000
-994.000000 834.000000
-985.000000 797.000000
-975.000000 762.000000
-941.000000 709.000000
-941.000000 684.000000
-947.000000 663.000000
-963.000000 650.000000
-985.000000 640.000000
-1032.000000 645.000000
-1059.000000 636.000000
-1079.000000 623.000000
-1111.000000 616.000000
-1121.000000 596.000000
-1294.000000 659.000000
-1282.000000 625.000000
-1276.000000 595.000000
-1270.000000 565.000000
-1263.000000 536.000000
-1255.000000 507.000000
-1247.000000 479.000000
-1239.000000 451.000000
-1228.000000 423.000000
-1238.000000 402.000000
-1288.000000 394.000000
-1331.000000 382.000000
-1380.000000 370.000000
-1441.000000 359.000000
-1494.000000 345.000000
-1546.000000 329.000000
-1608.000000 313.000000
-1675.000000 295.000000
-1744.000000 276.000000
-1822.000000 256.000000
-1910.000000 234.000000
-1999.000000 210.000000
-2100.000000 184.000000
-2209.000000 154.000000
-2257.000000 118.000000
-2250.000000 79.000000
-2232.000000 39.000000
-2220.000000 0.000000
