181 2
488.000000 0.000000
488.000000 9.000000
496.000000 17.000000
495.000000 26.000000
505.000000 35.000000
532.000000 47.000000
939.000000 99.000000
956.000000 117.000000
970.000000 136.000000
980.000000 155.000000
993.000000 175.000000
998.000000 194.000000
1024.000000 218.000000
1042.000000 240.000000
1054.000000 263.000000
1059.000000 284.000000
1074.000000 308.000000
1087.000000 332.000000
1098.000000 357.000000
1126.000000 388.000000
1135.000000 413.000000
1154.000000 443.000000
1179.000000 476.000000
1194.000000 507.000000
1219.000000 543.000000
1233.000000 575.000000
1264.000000 616.000000
1285.000000 655.000000
1312.000000 698.000000
1341.000000 743.000000
1368.000000 790.000000
1396.000000 839.000000
1434.000000 896.000000
1467.000000 953.000000
1508.000000 1017.000000
1479.000000 1036.000000
1459.000000 1060.000000
1426.000000 1075.000000
1401.000000 1095.000000
1378.000000 1116.000000
1351.000000 1133.000000
1327.000000 1153.000000
1299.000000 1170.000000
1273.000000 1187.000000
1249.000000 1207.000000
1228.000000 1228.000000
1202.000000 1244.000000
1178.000000 1263.000000
1151.000000 1278.000000
1126.000000 1296.000000
1103.000000 1315.000000
1079.000000 1333.000000
1057.000000 1353.000000
1033.000000 1370.000000
1009.000000 1389.000000
984.000000 1406.000000
961.000000 1425.000000
937.000000 1443.000000
911.000000 1458.000000
885.000000 1473.000000
861.000000 1492.000000
842.000000 1518.000000
815.000000 1534.000000
790.000000 1550.000000
765.000000 1568.000000
742.000000 1591.000000
717.000000 1611.000000
692.000000 1631.000000
666.000000 1649.000000
640.000000 1668.000000
613.000000 1683.000000
587.000000 1705.000000
561.000000 1725.000000
-0.000000 0.000000
1501.000000 5234.000000
2533.000000 9454.000000
2239.000000 8982.000000
1978.000000 8566.000000
1738.000000 8177.000000
1523.000000 7834.000000
1323.000000 7500.000000
1143.000000 7218.000000
976.000000 6945.000000
823.000000 6707.000000
680.000000 6471.000000
548.000000 6262.000000
424.000000 6059.000000
308.000000 5877.000000
199.000000 5701.000000
97.000000 5529.000000
-0.000000 5376.000000
-91.000000 5231.000000
-178.000000 5087.000000
-261.000000 4985.000000
-342.000000 4885.000000
-418.000000 4775.000000
-490.000000 4666.000000
-560.000000 4563.000000
-626.000000 4455.000000
-691.000000 4360.000000
-742.000000 4210.000000
-801.000000 4120.000000
-858.000000 4036.000000
-912.000000 3951.000000
-963.000000 3862.000000
-1013.000000 3782.000000
-1063.000000 3707.000000
-1110.000000 3631.000000
-1156.000000 3559.000000
-1200.000000 3486.000000
-1250.000000 3434.000000
-1311.000000 3415.000000
-204.000000 505.000000
-206.000000 486.000000
-211.000000 474.000000
-220.000000 471.000000
-224.000000 460.000000
-229.000000 449.000000
-236.000000 443.000000
-240.000000 433.000000
-243.000000 422.000000
-259.000000 431.000000
-261.000000 418.000000
-270.000000 415.000000
-273.000000 405.000000
-275.000000 392.000000
-282.000000 388.000000
-287.000000 381.000000
-294.000000 376.000000
-295.000000 364.000000
-302.000000 360.000000
-307.000000 353.000000
-313.000000 348.000000
-312.000000 334.000000
-319.000000 330.000000
-325.000000 325.000000
-324.000000 313.000000
-331.000000 308.000000
-334.000000 301.000000
-340.000000 295.000000
-346.000000 291.000000
-350.000000 283.000000
-355.000000 277.000000
-359.000000 271.000000
-364.000000 265.000000
-369.000000 258.000000
-367.000000 248.000000
-377.000000 245.000000
-374.000000 234.000000
-378.000000 227.000000
-388.000000 224.000000
-394.000000 218.000000
-389.000000 207.000000
-399.000000 203.000000
-403.000000 196.000000
-408.000000 190.000000
-411.000000 183.000000
-414.000000 176.000000
-415.000000 168.000000
-420.000000 161.000000
-425.000000 155.000000
-425.000000 147.000000
-435.000000 141.000000
-439.000000 134.000000
-444.000000 127.000000
-451.000000 121.000000
-448.000000 112.000000
-451.000000 104.000000
-461.000000 98.000000
-464.000000 90.000000
-469.000000 83.000000
-467.000000 74.000000
-469.000000 66.000000
-472.000000 58.000000
-482.000000 51.000000
-481.000000 42.000000
-491.000000 34.000000
-492.000000 26.000000
-490.000000 17.000000
-502.000000 9.000000
-505.000000 0.000000
