181 2
1170.000000 0.000000
1202.000000 21.000000
1189.000000 42.000000
1194.000000 63.000000
1168.000000 82.000000
1131.000000 99.000000
1119.000000 118.000000
1233.000000 151.000000
1226.000000 172.000000
1227.000000 194.000000
1225.000000 216.000000
1239.000000 241.000000
1929.000000 410.000000
836.000000 193.000000
800.000000 199.000000
817.000000 219.000000
1094.000000 314.000000
1258.000000 384.000000
1666.000000 541.000000
1624.000000 559.000000
1591.000000 579.000000
1554.000000 597.000000
1511.000000 611.000000
1481.000000 629.000000
1445.000000 643.000000
1092.000000 509.000000
848.000000 414.000000
1326.000000 676.000000
1492.000000 793.000000
1189.000000 659.000000
1068.000000 617.000000
759.000000 456.000000
1281.000000 800.000000
1307.000000 849.000000
1254.000000 845.000000
1255.000000 879.000000
1262.000000 917.000000
1290.000000 972.000000
1400.000000 1094.000000
1369.000000 1108.000000
1336.000000 1121.000000
1310.000000 1139.000000
1283.000000 1155.000000
1249.000000 1165.000000
1223.000000 1181.000000
1194.000000 1194.000000
1161.000000 1203.000000
1136.000000 1218.000000
1119.000000 1243.000000
1103.000000 1269.000000
1076.000000 1282.000000
1047.000000 1292.000000
1026.000000 1313.000000
997.000000 1323.000000
967.000000 1332.000000
944.000000 1348.000000
917.000000 1359.000000
894.000000 1376.000000
865.000000 1385.000000
837.000000 1394.000000
814.000000 1410.000000
786.000000 1419.000000
759.000000 1427.000000
737.000000 1447.000000
708.000000 1452.000000
683.000000 1465.000000
657.000000 1476.000000
476.000000 1120.000000
602.000000 1491.000000
445.000000 1160.000000
425.000000 1168.000000
526.000000 1528.000000
502.000000 1545.000000
475.000000 1552.000000
452.000000 1576.000000
424.000000 1583.000000
397.000000 1593.000000
366.000000 1585.000000
337.000000 1585.000000
311.000000 1600.000000
283.000000 1606.000000
198.000000 1249.000000
229.000000 1633.000000
202.000000 1646.000000
143.000000 1362.000000
116.000000 1330.000000
118.000000 1686.000000
89.000000 1696.000000
60.000000 1715.000000
30.000000 1722.000000
-0.000000 1729.000000
-30.000000 1738.000000
-61.000000 1756.000000
-93.000000 1767.000000
-125.000000 1792.000000
-158.000000 1806.000000
-191.000000 1822.000000
-226.000000 1839.000000
-261.000000 1854.000000
-295.000000 1864.000000
-332.000000 1882.000000
-370.000000 1903.000000
-409.000000 1925.000000
-444.000000 1922.000000
-459.000000 1841.000000
-480.000000 1793.000000
-467.000000 1627.000000
-493.000000 1611.000000
-541.000000 1666.000000
-561.000000 1629.000000
-580.000000 1593.000000
-598.000000 1559.000000
-612.000000 1514.000000
-629.000000 1483.000000
-644.000000 1446.000000
-671.000000 1439.000000
-710.000000 1455.000000
-753.000000 1478.000000
-798.000000 1501.000000
-843.000000 1521.000000
-891.000000 1544.000000
-944.000000 1570.000000
-996.000000 1594.000000
-1054.000000 1623.000000
-1110.000000 1646.000000
-1173.000000 1675.000000
-3697.000000 5089.000000
-3948.000000 5239.000000
-3997.000000 5116.000000
-4053.000000 5006.000000
-3883.000000 4628.000000
-3611.000000 4154.000000
-3544.000000 3936.000000
-2463.000000 2641.000000
-2669.000000 2764.000000
-2672.000000 2672.000000
-2687.000000 2595.000000
-2749.000000 2564.000000
-2879.000000 2592.000000
-2999.000000 2607.000000
-0.000000 0.000000
-690.000000 559.000000
-703.000000 549.000000
-778.000000 586.000000
-866.000000 629.000000
-958.000000 671.000000
-839.000000 566.000000
-849.000000 551.000000
-846.000000 529.000000
-851.000000 511.000000
-864.000000 499.000000
-875.000000 485.000000
-889.000000 473.000000
-903.000000 460.000000
-914.000000 446.000000
-909.000000 424.000000
-1035.000000 461.000000
-817.000000 347.000000
-4986.000000 2015.000000
-5123.000000 1966.000000
-5890.000000 2144.000000
-5934.000000 2043.000000
-5709.000000 1855.000000
-6024.000000 1842.000000
-2311.000000 663.000000
-2112.000000 566.000000
-1963.000000 489.000000
-0.000000 0.000000
-1841.000000 391.000000
-2000.000000 389.000000
-1013.000000 179.000000
-1005.000000 159.000000
-1020.000000 143.000000
-1965.000000 241.000000
-1908.000000 201.000000
-1910.000000 167.000000
-1778.000000 124.000000
-1697.000000 89.000000
-1636.000000 57.000000
-1575.000000 27.000000
-1519.000000 0.000000
