181 2
7149.000000 0.000000
6194.000000 108.000000
5912.000000 206.000000
5925.000000 311.000000
4933.000000 345.000000
4570.000000 400.000000
4518.000000 475.000000
4535.000000 557.000000
4551.000000 640.000000
4568.000000 724.000000
4582.000000 808.000000
4595.000000 893.000000
4616.000000 981.000000
4495.000000 1038.000000
4298.000000 1072.000000
4217.000000 1130.000000
3962.000000 1136.000000
3955.000000 1209.000000
3969.000000 1290.000000
3976.000000 1369.000000
3829.000000 1394.000000
3688.000000 1416.000000
3541.000000 1431.000000
3413.000000 1449.000000
3299.000000 1469.000000
3025.000000 1411.000000
2687.000000 1311.000000
2601.000000 1325.000000
2509.000000 1334.000000
2456.000000 1361.000000
2376.000000 1372.000000
2305.000000 1385.000000
2237.000000 1398.000000
2172.000000 1411.000000
2101.000000 1417.000000
2038.000000 1427.000000
1979.000000 1438.000000
1926.000000 1451.000000
1872.000000 1463.000000
1813.000000 1468.000000
1766.000000 1482.000000
1712.000000 1489.000000
1660.000000 1495.000000
1613.000000 1504.000000
1564.000000 1510.000000
1501.000000 1501.000000
1456.000000 1508.000000
1419.000000 1521.000000
1374.000000 1526.000000
1323.000000 1522.000000
1286.000000 1532.000000
1317.000000 1627.000000
1327.000000 1698.000000
1328.000000 1762.000000
1303.000000 1794.000000
1260.000000 1800.000000
1215.000000 1801.000000
1176.000000 1811.000000
1134.000000 1815.000000
1099.000000 1829.000000
1054.000000 1826.000000
1020.000000 1839.000000
981.000000 1845.000000
945.000000 1854.000000
902.000000 1850.000000
867.000000 1859.000000
830.000000 1864.000000
793.000000 1868.000000
758.000000 1876.000000
726.000000 1892.000000
688.000000 1890.000000
653.000000 1897.000000
617.000000 1898.000000
582.000000 1902.000000
549.000000 1913.000000
513.000000 1916.000000
480.000000 1927.000000
447.000000 1934.000000
411.000000 1935.000000
378.000000 1943.000000
343.000000 1945.000000
309.000000 1950.000000
275.000000 1956.000000
241.000000 1960.000000
207.000000 1967.000000
173.000000 1972.000000
138.000000 1972.000000
102.000000 1950.000000
60.000000 1726.000000
30.000000 1730.000000
-0.000000 1735.000000
-30.000000 1744.000000
-61.000000 1745.000000
-92.000000 1755.000000
-123.000000 1766.000000
-154.000000 1759.000000
-186.000000 1767.000000
-219.000000 1782.000000
-250.000000 1779.000000
-283.000000 1784.000000
-317.000000 1796.000000
-350.000000 1800.000000
-383.000000 1803.000000
-417.000000 1806.000000
-453.000000 1815.000000
-487.000000 1817.000000
-524.000000 1826.000000
-558.000000 1826.000000
-597.000000 1836.000000
-631.000000 1831.000000
-669.000000 1839.000000
-708.000000 1845.000000
-748.000000 1851.000000
-787.000000 1854.000000
-827.000000 1858.000000
-868.000000 1862.000000
-914.000000 1873.000000
-955.000000 1874.000000
-1000.000000 1881.000000
-1047.000000 1889.000000
-1093.000000 1894.000000
-1146.000000 1907.000000
-1194.000000 1911.000000
-1247.000000 1921.000000
-1300.000000 1928.000000
-1349.000000 1927.000000
-1408.000000 1938.000000
-1468.000000 1949.000000
-1529.000000 1957.000000
-1592.000000 1966.000000
-1663.000000 1982.000000
-1733.000000 1994.000000
-1798.000000 1997.000000
-1876.000000 2012.000000
-1955.000000 2025.000000
-2036.000000 2036.000000
-2119.000000 2046.000000
-2217.000000 2068.000000
-2302.000000 2072.000000
-2408.000000 2093.000000
-2513.000000 2108.000000
-2624.000000 2125.000000
-2746.000000 2146.000000
-2866.000000 2160.000000
-3005.000000 2183.000000
-3149.000000 2205.000000
-3304.000000 2228.000000
-3475.000000 2257.000000
-3653.000000 2283.000000
-3851.000000 2314.000000
-3911.000000 2258.000000
-3917.000000 2171.000000
-3929.000000 2089.000000
-3940.000000 2008.000000
-3958.000000 1931.000000
-3975.000000 1854.000000
-3981.000000 1773.000000
-4010.000000 1702.000000
-4030.000000 1628.000000
-4042.000000 1552.000000
-4059.000000 1478.000000
-4062.000000 1399.000000
-4079.000000 1325.000000
-4086.000000 1249.000000
-4102.000000 1176.000000
-4115.000000 1103.000000
-4125.000000 1028.000000
-4140.000000 956.000000
-4165.000000 885.000000
-4155.000000 808.000000
-4172.000000 736.000000
-4187.000000 663.000000
-4196.000000 590.000000
-4207.000000 517.000000
-4213.000000 443.000000
-4227.000000 370.000000
-4241.000000 297.000000
-4249.000000 223.000000
-4255.000000 149.000000
-4250.000000 74.000000
-4243.000000 0.000000
