181 2
1319.000000 0.000000
1339.000000 23.000000
1338.000000 47.000000
1332.000000 70.000000
1349.000000 94.000000
1363.000000 119.000000
1385.000000 146.000000
1400.000000 172.000000
1422.000000 200.000000
1443.000000 229.000000
1465.000000 258.000000
1489.000000 289.000000
1512.000000 321.000000
1534.000000 354.000000
1552.000000 387.000000
1586.000000 425.000000
1606.000000 461.000000
1634.000000 500.000000
1660.000000 539.000000
1686.000000 580.000000
1723.000000 627.000000
1754.000000 673.000000
1785.000000 721.000000
4254.000000 1806.000000
3586.000000 1596.000000
3261.000000 1521.000000
3194.000000 1558.000000
3126.000000 1593.000000
3066.000000 1630.000000
3005.000000 1666.000000
2954.000000 1706.000000
2909.000000 1748.000000
2420.000000 1512.000000
2373.000000 1541.000000
2388.000000 1611.000000
2480.000000 1736.000000
2570.000000 1867.000000
2672.000000 2014.000000
2787.000000 2178.000000
2907.000000 2354.000000
3046.000000 2556.000000
3212.000000 2792.000000
3405.000000 3066.000000
3438.000000 3206.000000
3382.000000 3266.000000
3313.000000 3313.000000
3248.000000 3364.000000
3183.000000 3413.000000
3117.000000 3462.000000
3057.000000 3516.000000
2992.000000 3566.000000
2926.000000 3614.000000
2867.000000 3670.000000
2798.000000 3714.000000
2694.000000 3709.000000
2629.000000 3754.000000
2564.000000 3801.000000
1548.000000 2384.000000
1010.000000 1616.000000
698.000000 1161.000000
643.000000 1114.000000
614.000000 1108.000000
586.000000 1102.000000
558.000000 1095.000000
531.000000 1089.000000
505.000000 1082.000000
481.000000 1081.000000
459.000000 1082.000000
432.000000 1070.000000
416.000000 1085.000000
398.000000 1094.000000
393.000000 1140.000000
373.000000 1147.000000
350.000000 1146.000000
1158.000000 4039.000000
1078.000000 4024.000000
984.000000 3946.000000
1026.000000 4444.000000
842.000000 3960.000000
882.000000 4535.000000
809.000000 4586.000000
-0.000000 0.000000
387.000000 2754.000000
340.000000 2767.000000
293.000000 2790.000000
311.000000 3551.000000
247.000000 3527.000000
169.000000 3219.000000
117.000000 3353.000000
61.000000 3487.000000
-0.000000 2301.000000
-40.000000 2302.000000
-120.000000 3447.000000
-180.000000 3437.000000
-397.000000 5682.000000
-486.000000 5554.000000
-572.000000 5438.000000
-653.000000 5316.000000
-731.000000 5205.000000
-805.000000 5084.000000
-880.000000 4991.000000
-821.000000 4223.000000
-909.000000 4278.000000
-1005.000000 4352.000000
-1100.000000 4413.000000
-1201.000000 4481.000000
-1304.000000 4549.000000
-1415.000000 4629.000000
-1470.000000 4523.000000
-1659.000000 4817.000000
-1724.000000 4736.000000
-877.000000 2284.000000
-920.000000 2276.000000
-408.000000 961.000000
-422.000000 948.000000
-429.000000 920.000000
-448.000000 918.000000
-469.000000 920.000000
-484.000000 910.000000
-505.000000 910.000000
-520.000000 902.000000
-545.000000 908.000000
-562.000000 900.000000
-578.000000 890.000000
-599.000000 888.000000
-617.000000 881.000000
-631.000000 868.000000
-646.000000 857.000000
-654.000000 838.000000
-662.000000 818.000000
-676.000000 806.000000
-683.000000 786.000000
-699.000000 776.000000
-705.000000 755.000000
-718.000000 744.000000
-730.000000 730.000000
-737.000000 711.000000
-749.000000 698.000000
-755.000000 680.000000
-767.000000 667.000000
-778.000000 653.000000
-790.000000 639.000000
-801.000000 626.000000
-811.000000 611.000000
-815.000000 592.000000
-826.000000 578.000000
-842.000000 568.000000
-845.000000 549.000000
-864.000000 540.000000
-866.000000 520.000000
-882.000000 510.000000
-891.000000 494.000000
-897.000000 477.000000
-905.000000 461.000000
-920.000000 449.000000
-928.000000 433.000000
-944.000000 420.000000
-951.000000 404.000000
-958.000000 387.000000
-975.000000 374.000000
-982.000000 357.000000
-988.000000 340.000000
-1003.000000 326.000000
-1011.000000 309.000000
-1031.000000 296.000000
-1036.000000 278.000000
-1047.000000 261.000000
-1051.000000 243.000000
-1065.000000 226.000000
-1078.000000 210.000000
-1089.000000 192.000000
-1101.000000 174.000000
-1124.000000 158.000000
-1131.000000 139.000000
-1138.000000 120.000000
-1186.000000 104.000000
-1199.000000 84.000000
-1208.000000 63.000000
-1228.000000 43.000000
-1238.000000 22.000000
-1247.000000 0.000000
