181 2
956.000000 0.000000
948.000000 17.000000
937.000000 33.000000
930.000000 49.000000
855.000000 60.000000
836.000000 73.000000
829.000000 87.000000
822.000000 101.000000
808.000000 114.000000
804.000000 127.000000
792.000000 140.000000
781.000000 152.000000
783.000000 166.000000
778.000000 180.000000
776.000000 194.000000
765.000000 205.000000
763.000000 219.000000
751.000000 230.000000
736.000000 239.000000
734.000000 253.000000
728.000000 265.000000
715.000000 275.000000
711.000000 287.000000
706.000000 300.000000
693.000000 309.000000
689.000000 321.000000
676.000000 330.000000
670.000000 341.000000
664.000000 353.000000
658.000000 365.000000
611.000000 353.000000
587.000000 353.000000
550.000000 344.000000
544.000000 353.000000
604.000000 407.000000
616.000000 431.000000
607.000000 441.000000
494.000000 372.000000
480.000000 375.000000
476.000000 386.000000
468.000000 393.000000
463.000000 403.000000
3763.000000 3388.000000
3687.000000 3438.000000
3632.000000 3507.000000
3579.000000 3579.000000
3529.000000 3654.000000
3477.000000 3728.000000
1176.000000 1306.000000
1147.000000 1320.000000
2394.000000 2854.000000
2113.000000 2609.000000
2001.000000 2561.000000
1907.000000 2530.000000
909.000000 1252.000000
917.000000 1309.000000
898.000000 1331.000000
894.000000 1376.000000
1645.000000 2632.000000
1630.000000 2712.000000
1623.000000 2811.000000
1575.000000 2842.000000
1469.000000 2762.000000
1371.000000 2690.000000
1280.000000 2624.000000
1194.000000 2561.000000
1117.000000 2509.000000
1044.000000 2459.000000
974.000000 2411.000000
906.000000 2359.000000
843.000000 2317.000000
786.000000 2282.000000
729.000000 2243.000000
671.000000 2195.000000
618.000000 2156.000000
569.000000 2124.000000
521.000000 2088.000000
474.000000 2054.000000
431.000000 2027.000000
387.000000 1989.000000
345.000000 1959.000000
305.000000 1927.000000
269.000000 1914.000000
231.000000 1880.000000
149.000000 1421.000000
116.000000 1331.000000
91.000000 1304.000000
67.000000 1282.000000
44.000000 1263.000000
22.000000 1245.000000
-0.000000 1244.000000
-22.000000 1237.000000
-43.000000 1228.000000
-66.000000 1250.000000
-89.000000 1268.000000
-114.000000 1301.000000
-140.000000 1335.000000
-169.000000 1374.000000
-194.000000 1378.000000
-215.000000 1357.000000
-237.000000 1345.000000
-259.000000 1332.000000
-279.000000 1311.000000
-341.000000 1476.000000
-364.000000 1461.000000
-388.000000 1448.000000
-411.000000 1432.000000
-432.000000 1412.000000
-454.000000 1396.000000
-474.000000 1378.000000
-496.000000 1362.000000
-519.000000 1353.000000
-539.000000 1334.000000
-559.000000 1316.000000
-571.000000 1283.000000
-527.000000 1130.000000
-544.000000 1116.000000
-562.000000 1103.000000
-581.000000 1092.000000
-599.000000 1080.000000
-618.000000 1071.000000
-632.000000 1053.000000
-651.000000 1042.000000
-664.000000 1023.000000
-682.000000 1011.000000
-700.000000 999.000000
-717.000000 987.000000
-719.000000 954.000000
-674.000000 862.000000
-649.000000 801.000000
-627.000000 748.000000
-613.000000 705.000000
-590.000000 655.000000
-575.000000 617.000000
-568.000000 588.000000
-552.000000 552.000000
-540.000000 522.000000
-532.000000 496.000000
-520.000000 468.000000
-509.000000 442.000000
-503.000000 422.000000
-493.000000 400.000000
-488.000000 381.000000
-478.000000 360.000000
-472.000000 343.000000
-465.000000 326.000000
-464.000000 313.000000
-455.000000 295.000000
-452.000000 282.000000
-450.000000 270.000000
-443.000000 256.000000
-436.000000 241.000000
-434.000000 231.000000
-427.000000 217.000000
-436.000000 213.000000
-433.000000 202.000000
-459.000000 204.000000
-690.000000 293.000000
-998.000000 403.000000
-1020.000000 392.000000
-1036.000000 377.000000
-1060.000000 365.000000
-1077.000000 350.000000
-1091.000000 334.000000
-1110.000000 318.000000
-1134.000000 304.000000
-1149.000000 286.000000
-1171.000000 270.000000
-1192.000000 253.000000
-1213.000000 236.000000
-1243.000000 219.000000
-1261.000000 200.000000
-1297.000000 182.000000
-1326.000000 163.000000
-1348.000000 142.000000
-1385.000000 121.000000
-1414.000000 99.000000
-1433.000000 75.000000
-1472.000000 51.000000
-1370.000000 24.000000
-1339.000000 0.000000
