181 2
4940.000000 0.000000
4949.000000 86.000000
4966.000000 173.000000
4982.000000 261.000000
5003.000000 350.000000
5026.000000 440.000000
5043.000000 530.000000
5061.000000 621.000000
5075.000000 713.000000
5058.000000 801.000000
4820.000000 850.000000
4785.000000 930.000000
4458.000000 948.000000
4479.000000 1034.000000
4491.000000 1120.000000
4438.000000 1189.000000
4259.000000 1221.000000
4085.000000 1249.000000
3903.000000 1268.000000
3723.000000 1282.000000
3182.000000 1158.000000
3069.000000 1178.000000
2995.000000 1210.000000
2898.000000 1230.000000
2800.000000 1247.000000
2716.000000 1267.000000
2633.000000 1284.000000
2552.000000 1300.000000
2472.000000 1315.000000
2402.000000 1331.000000
2331.000000 1346.000000
2262.000000 1359.000000
2199.000000 1374.000000
2135.000000 1387.000000
2070.000000 1396.000000
1994.000000 1396.000000
1936.000000 1407.000000
1879.000000 1416.000000
1816.000000 1419.000000
1808.000000 1464.000000
1829.000000 1535.000000
1845.000000 1603.000000
1849.000000 1665.000000
1801.000000 1680.000000
1755.000000 1695.000000
1701.000000 1701.000000
1653.000000 1712.000000
1604.000000 1720.000000
1560.000000 1733.000000
1509.000000 1736.000000
1471.000000 1753.000000
1427.000000 1762.000000
1382.000000 1769.000000
1341.000000 1780.000000
1298.000000 1787.000000
1259.000000 1798.000000
1215.000000 1801.000000
1175.000000 1810.000000
1140.000000 1825.000000
1104.000000 1837.000000
1062.000000 1839.000000
1025.000000 1849.000000
985.000000 1853.000000
949.000000 1862.000000
911.000000 1869.000000
875.000000 1877.000000
840.000000 1886.000000
805.000000 1895.000000
766.000000 1896.000000
731.000000 1905.000000
611.000000 1678.000000
579.000000 1681.000000
549.000000 1688.000000
516.000000 1689.000000
488.000000 1701.000000
455.000000 1697.000000
424.000000 1701.000000
395.000000 1712.000000
366.000000 1722.000000
338.000000 1741.000000
308.000000 1747.000000
279.000000 1761.000000
248.000000 1766.000000
217.000000 1770.000000
186.000000 1773.000000
155.000000 1774.000000
124.000000 1777.000000
94.000000 1787.000000
63.000000 1796.000000
31.000000 1793.000000
-0.000000 1799.000000
-32.000000 1805.000000
-61.000000 1754.000000
-86.000000 1637.000000
-107.000000 1529.000000
-125.000000 1429.000000
-140.000000 1336.000000
-156.000000 1269.000000
-169.000000 1203.000000
-181.000000 1140.000000
-193.000000 1092.000000
-201.000000 1032.000000
-211.000000 991.000000
-227.000000 985.000000
-247.000000 991.000000
-267.000000 996.000000
-284.000000 991.000000
-307.000000 1005.000000
-325.000000 1000.000000
-348.000000 1012.000000
-369.000000 1013.000000
-389.000000 1014.000000
-411.000000 1016.000000
-436.000000 1028.000000
-462.000000 1037.000000
-483.000000 1036.000000
-505.000000 1035.000000
-531.000000 1042.000000
-558.000000 1049.000000
-580.000000 1046.000000
-607.000000 1052.000000
-635.000000 1057.000000
-668.000000 1069.000000
-697.000000 1073.000000
-725.000000 1075.000000
-759.000000 1085.000000
-790.000000 1087.000000
-824.000000 1094.000000
-860.000000 1101.000000
-896.000000 1106.000000
-932.000000 1111.000000
-974.000000 1120.000000
-1018.000000 1131.000000
-1064.000000 1141.000000
-1110.000000 1150.000000
-1157.000000 1157.000000
-1211.000000 1170.000000
-1265.000000 1179.000000
-1319.000000 1188.000000
-1376.000000 1196.000000
-1440.000000 1208.000000
-1505.000000 1218.000000
-1580.000000 1234.000000
-1656.000000 1248.000000
-1730.000000 1257.000000
-1819.000000 1273.000000
-1916.000000 1292.000000
-2021.000000 1313.000000
-2142.000000 1339.000000
-2269.000000 1363.000000
-2413.000000 1393.000000
-2570.000000 1424.000000
-2744.000000 1459.000000
-3200.000000 1630.000000
-3428.000000 1672.000000
-3672.000000 1712.000000
-3833.000000 1707.000000
-4014.000000 1704.000000
-4076.000000 1647.000000
-4096.000000 1572.000000
-4106.000000 1495.000000
-4123.000000 1420.000000
-4140.000000 1345.000000
-4155.000000 1270.000000
-4169.000000 1195.000000
-4179.000000 1120.000000
-4199.000000 1047.000000
-4208.000000 972.000000
-4223.000000 898.000000
-4242.000000 824.000000
-4251.000000 750.000000
-4262.000000 675.000000
-4281.000000 602.000000
-4320.000000 530.000000
-4334.000000 456.000000
-4348.000000 380.000000
-4372.000000 306.000000
-4384.000000 230.000000
-4395.000000 153.000000
-4404.000000 77.000000
-4421.000000 0.000000
