181 2
4250.000000 0.000000
4213.000000 74.000000
4176.000000 146.000000
3600.000000 189.000000
959.000000 67.000000
938.000000 82.000000
961.000000 101.000000
1890.000000 232.000000
1894.000000 266.000000
3529.000000 559.000000
3497.000000 617.000000
1605.000000 312.000000
1530.000000 325.000000
1511.000000 349.000000
1492.000000 372.000000
1482.000000 397.000000
1477.000000 424.000000
1455.000000 445.000000
1448.000000 471.000000
1440.000000 496.000000
1430.000000 521.000000
1423.000000 546.000000
1420.000000 574.000000
1410.000000 599.000000
1408.000000 627.000000
1400.000000 653.000000
1394.000000 680.000000
1443.000000 735.000000
1742.000000 926.000000
1574.000000 873.000000
1839.000000 1062.000000
601.000000 361.000000
583.000000 364.000000
578.000000 375.000000
572.000000 386.000000
1018.000000 713.000000
2779.000000 2019.000000
2749.000000 2071.000000
2734.000000 2136.000000
2701.000000 2188.000000
2680.000000 2248.000000
2611.000000 2269.000000
2564.000000 2309.000000
2368.000000 2208.000000
2348.000000 2267.000000
2326.000000 2326.000000
2298.000000 2380.000000
2261.000000 2424.000000
2222.000000 2468.000000
2210.000000 2543.000000
2396.000000 2856.000000
3749.000000 4629.000000
3730.000000 4775.000000
4053.000000 5379.000000
3872.000000 5329.000000
3822.000000 5458.000000
3762.000000 5578.000000
3708.000000 5711.000000
3540.000000 5666.000000
3352.000000 5579.000000
3175.000000 5500.000000
3005.000000 5421.000000
2589.000000 4869.000000
2689.000000 5277.000000
2542.000000 5211.000000
2086.000000 4474.000000
1992.000000 4475.000000
2135.000000 5030.000000
2010.000000 4975.000000
1874.000000 4883.000000
1528.000000 4199.000000
1662.000000 4826.000000
1553.000000 4778.000000
1443.000000 4719.000000
1318.000000 4596.000000
1242.000000 4634.000000
1145.000000 4593.000000
1050.000000 4549.000000
966.000000 4545.000000
991.000000 5098.000000
923.000000 5232.000000
224.000000 1413.000000
199.000000 1416.000000
179.000000 1460.000000
362.000000 3446.000000
298.000000 3409.000000
238.000000 3409.000000
178.000000 3393.000000
117.000000 3355.000000
58.000000 3323.000000
-0.000000 3297.000000
-57.000000 3263.000000
-81.000000 2333.000000
-101.000000 1923.000000
-118.000000 1683.000000
-166.000000 1898.000000
-202.000000 1918.000000
-259.000000 2110.000000
-328.000000 2331.000000
-489.000000 3086.000000
-407.000000 2308.000000
-591.000000 3042.000000
-642.000000 3022.000000
-691.000000 2992.000000
-741.000000 2973.000000
-791.000000 2951.000000
-840.000000 2929.000000
-888.000000 2905.000000
-936.000000 2881.000000
-987.000000 2868.000000
-1036.000000 2845.000000
-1070.000000 2788.000000
-1122.000000 2776.000000
-1166.000000 2747.000000
-1214.000000 2727.000000
-1262.000000 2707.000000
-1305.000000 2677.000000
-1356.000000 2661.000000
-1405.000000 2643.000000
-758.000000 1367.000000
-607.000000 1051.000000
-687.000000 1143.000000
-603.000000 964.000000
-529.000000 815.000000
-545.000000 808.000000
-577.000000 824.000000
-586.000000 807.000000
-589.000000 782.000000
-603.000000 771.000000
-621.000000 767.000000
-640.000000 763.000000
-653.000000 752.000000
-673.000000 748.000000
-686.000000 736.000000
-706.000000 731.000000
-723.000000 723.000000
-743.000000 718.000000
-757.000000 706.000000
-774.000000 697.000000
-724.000000 629.000000
-724.000000 607.000000
-734.000000 594.000000
-764.000000 597.000000
-760.000000 573.000000
-888.000000 645.000000
-915.000000 641.000000
-926.000000 625.000000
-966.000000 627.000000
-977.000000 610.000000
-956.000000 574.000000
-938.000000 542.000000
-910.000000 504.000000
-900.000000 478.000000
-906.000000 462.000000
-888.000000 433.000000
-836.000000 390.000000
-844.000000 376.000000
-847.000000 359.000000
-834.000000 337.000000
-841.000000 323.000000
-831.000000 302.000000
-826.000000 285.000000
-813.000000 264.000000
-809.000000 247.000000
-804.000000 230.000000
-789.000000 211.000000
-783.000000 195.000000
-779.000000 180.000000
-773.000000 164.000000
-763.000000 148.000000
-756.000000 133.000000
-751.000000 119.000000
-743.000000 104.000000
-737.000000 91.000000
-730.000000 77.000000
-722.000000 63.000000
-714.000000 50.000000
-706.000000 37.000000
-698.000000 24.000000
-697.000000 12.000000
-690.000000 0.000000
