22 4
-723.0000000000 0.0000000000 -1098.0000000000 115.0000000000
-1098.0000000000 115.0000000000 -791.0000000000 125.0000000000
-791.0000000000 125.0000000000 -750.0000000000 1071.0000000000
-648.0000000000 1078.0000000000 -622.0000000000 1397.0000000000
-939.0000000000 2211.0000000000 -1042.0000000000 2715.0000000000
-753.0000000000 3021.0000000000 -368.0000000000 2995.0000000000
-324.0000000000 3706.0000000000 -215.0000000000 4106.0000000000
-215.0000000000 4106.0000000000 -136.0000000000 3883.0000000000
-136.0000000000 3883.0000000000 -0.0000000000 4003.0000000000
100.0000000000 2875.0000000000 340.0000000000 3886.0000000000
396.0000000000 3764.0000000000 609.0000000000 3845.0000000000
609.0000000000 3845.0000000000 715.0000000000 4056.0000000000
650.0000000000 3341.0000000000 885.0000000000 3832.0000000000
1421.0000000000 4375.0000000000 1515.0000000000 3947.0000000000
1515.0000000000 3947.0000000000 1241.0000000000 2661.0000000000
1241.0000000000 2661.0000000000 1744.0000000000 2685.0000000000
844.0000000000 1252.0000000000 823.0000000000 981.0000000000
823.0000000000 981.0000000000 1237.0000000000 899.0000000000
1237.0000000000 899.0000000000 850.0000000000 491.0000000000
1609.0000000000 892.0000000000 2112.0000000000 896.0000000000
3193.0000000000 1290.0000000000 2987.0000000000 1147.0000000000
714.0000000000 62.0000000000 1092.0000000000 0.0000000000
