33 4
-4251.0000000000 74.0000000000 -4735.0000000000 165.0000000000
-4735.0000000000 165.0000000000 -4577.0000000000 481.0000000000
-4577.0000000000 481.0000000000 -4148.0000000000 509.0000000000
-4148.0000000000 509.0000000000 -4505.0000000000 633.0000000000
-4505.0000000000 633.0000000000 -4365.0000000000 928.0000000000
-1855.0000000000 865.0000000000 -2143.0000000000 1139.0000000000
-2143.0000000000 1139.0000000000 -2020.0000000000 1414.0000000000
-2020.0000000000 1414.0000000000 -1431.0000000000 1078.0000000000
-1431.0000000000 1078.0000000000 -1241.0000000000 1041.0000000000
-1241.0000000000 1041.0000000000 -1293.0000000000 1248.0000000000
-1293.0000000000 1248.0000000000 -1120.0000000000 1160.0000000000
-1120.0000000000 1160.0000000000 -1730.0000000000 2061.0000000000
-1730.0000000000 2061.0000000000 -1639.0000000000 2256.0000000000
-1431.0000000000 2582.0000000000 -1150.0000000000 2257.0000000000
-1150.0000000000 2257.0000000000 -1313.0000000000 2692.0000000000
-911.0000000000 2504.0000000000 -689.0000000000 2403.0000000000
-689.0000000000 2403.0000000000 -750.0000000000 2800.0000000000
-750.0000000000 2800.0000000000 -582.0000000000 2335.0000000000
-402.0000000000 1741.0000000000 -0.0000000000 1481.0000000000
-0.0000000000 1481.0000000000 150.0000000000 1719.0000000000
230.0000000000 1636.0000000000 303.0000000000 1914.0000000000
303.0000000000 1914.0000000000 545.0000000000 1783.0000000000
545.0000000000 1783.0000000000 509.0000000000 1565.0000000000
509.0000000000 1565.0000000000 635.0000000000 1746.0000000000
635.0000000000 1746.0000000000 964.0000000000 1671.0000000000
264.0000000000 293.0000000000 1010.0000000000 789.0000000000
1010.0000000000 789.0000000000 725.0000000000 546.0000000000
1992.0000000000 1447.0000000000 1700.0000000000 1190.0000000000
1784.0000000000 989.0000000000 1990.0000000000 1058.0000000000
1990.0000000000 1058.0000000000 2286.0000000000 924.0000000000
2286.0000000000 924.0000000000 2117.0000000000 567.0000000000
2117.0000000000 567.0000000000 2659.0000000000 565.0000000000
1801.0000000000 350.0000000000 1953.0000000000 0.0000000000
