12 4
-1423.0000000000 0.0000000000 -1249.0000000000 44.0000000000
-1249.0000000000 44.0000000000 -1166.0000000000 248.0000000000
-1166.0000000000 248.0000000000 -1887.0000000000 650.0000000000
-4113.0000000000 1497.0000000000 -2635.0000000000 3907.0000000000
-2635.0000000000 3907.0000000000 755.0000000000 1868.0000000000
755.0000000000 1868.0000000000 918.0000000000 2061.0000000000
918.0000000000 2061.0000000000 1464.0000000000 1745.0000000000
1464.0000000000 1745.0000000000 1963.0000000000 1426.0000000000
1963.0000000000 1426.0000000000 1846.0000000000 1199.0000000000
1846.0000000000 1199.0000000000 3085.0000000000 434.0000000000
3085.0000000000 434.0000000000 3558.0000000000 437.0000000000
3558.0000000000 437.0000000000 4255.0000000000 0.0000000000
