13 4
-1902.0000000000 0.0000000000 -891.0000000000 125.0000000000
-891.0000000000 125.0000000000 -1028.0000000000 524.0000000000
-3210.0000000000 2006.0000000000 -3538.0000000000 2297.0000000000
-3538.0000000000 2297.0000000000 -2949.0000000000 2065.0000000000
-3757.0000000000 2831.0000000000 -3978.0000000000 3108.0000000000
-2213.0000000000 1857.0000000000 -1993.0000000000 1733.0000000000
-1993.0000000000 1733.0000000000 -1709.0000000000 1770.0000000000
-1709.0000000000 1770.0000000000 -1061.0000000000 2082.0000000000
-1061.0000000000 2082.0000000000 -682.0000000000 1463.0000000000
-682.0000000000 1463.0000000000 -0.0000000000 1345.0000000000
10.0000000000 557.0000000000 85.0000000000 398.0000000000
85.0000000000 398.0000000000 402.0000000000 573.0000000000
402.0000000000 573.0000000000 485.0000000000 0.0000000000
