19 4
-720.0000000000 0.0000000000 -1235.0000000000 152.0000000000
-1235.0000000000 152.0000000000 -839.0000000000 163.0000000000
-839.0000000000 163.0000000000 -833.0000000000 424.0000000000
-3226.0000000000 1788.0000000000 -3178.0000000000 1986.0000000000
-2367.0000000000 1537.0000000000 -2210.0000000000 1790.0000000000
-2066.0000000000 1734.0000000000 -2111.0000000000 1968.0000000000
-2578.0000000000 2578.0000000000 -1781.0000000000 2122.0000000000
-3086.0000000000 3950.0000000000 -3112.0000000000 4283.0000000000
-2877.0000000000 4265.0000000000 -1592.0000000000 4148.0000000000
-1022.0000000000 2808.0000000000 -901.0000000000 2948.0000000000
-1036.0000000000 3612.0000000000 -502.0000000000 3573.0000000000
-346.0000000000 2817.0000000000 -272.0000000000 2587.0000000000
-187.0000000000 3567.0000000000 -0.0000000000 3525.0000000000
-0.0000000000 3525.0000000000 140.0000000000 4013.0000000000
140.0000000000 4013.0000000000 975.0000000000 3910.0000000000
975.0000000000 3910.0000000000 689.0000000000 1353.0000000000
689.0000000000 1353.0000000000 3389.0000000000 1167.0000000000
1405.0000000000 350.0000000000 816.0000000000 173.0000000000
816.0000000000 173.0000000000 1391.0000000000 245.0000000000
