14 4
-4421.0000000000 0.0000000000 -4014.0000000000 1704.0000000000
-4014.0000000000 1704.0000000000 -3200.0000000000 1630.0000000000
-3200.0000000000 1630.0000000000 -227.0000000000 985.0000000000
-227.0000000000 985.0000000000 -32.0000000000 1805.0000000000
-32.0000000000 1805.0000000000 611.0000000000 1678.0000000000
611.0000000000 1678.0000000000 731.0000000000 1905.0000000000
731.0000000000 1905.0000000000 1849.0000000000 1665.0000000000
1849.0000000000 1665.0000000000 1816.0000000000 1419.0000000000
1816.0000000000 1419.0000000000 3182.0000000000 1158.0000000000
3182.0000000000 1158.0000000000 3723.0000000000 1282.0000000000
3723.0000000000 1282.0000000000 4438.0000000000 1189.0000000000
4438.0000000000 1189.0000000000 4458.0000000000 948.0000000000
4458.0000000000 948.0000000000 5058.0000000000 801.0000000000
5058.0000000000 801.0000000000 4949.0000000000 86.0000000000
