15 4
-1677.0000000000 0.0000000000 -1904.0000000000 475.0000000000
-1904.0000000000 475.0000000000 -1154.0000000000 838.0000000000
-1154.0000000000 838.0000000000 -848.0000000000 687.0000000000
-848.0000000000 687.0000000000 -956.0000000000 923.0000000000
-956.0000000000 923.0000000000 -772.0000000000 920.0000000000
-772.0000000000 920.0000000000 -885.0000000000 1132.0000000000
-885.0000000000 1132.0000000000 -715.0000000000 1239.0000000000
-715.0000000000 1239.0000000000 -893.0000000000 1611.0000000000
-2168.0000000000 4078.0000000000 -758.0000000000 4784.0000000000
-758.0000000000 4784.0000000000 88.0000000000 5064.0000000000
88.0000000000 5064.0000000000 1777.0000000000 1545.0000000000
1777.0000000000 1545.0000000000 2042.0000000000 1595.0000000000
2042.0000000000 1595.0000000000 2536.0000000000 586.0000000000
2536.0000000000 586.0000000000 2328.0000000000 411.0000000000
2328.0000000000 411.0000000000 2528.0000000000 0.0000000000
