18 4
-4942.0000000000 86.0000000000 -4620.0000000000 242.0000000000
-4620.0000000000 242.0000000000 -3655.0000000000 384.0000000000
-3655.0000000000 384.0000000000 -2406.0000000000 972.0000000000
-2406.0000000000 972.0000000000 -2501.0000000000 1220.0000000000
-2501.0000000000 1220.0000000000 -1516.0000000000 1683.0000000000
-1516.0000000000 1683.0000000000 -1308.0000000000 1505.0000000000
-1308.0000000000 1505.0000000000 -731.0000000000 1809.0000000000
-731.0000000000 1809.0000000000 -460.0000000000 1264.0000000000
-460.0000000000 1264.0000000000 134.0000000000 1536.0000000000
134.0000000000 1536.0000000000 181.0000000000 1725.0000000000
181.0000000000 1725.0000000000 766.0000000000 1995.0000000000
876.0000000000 1879.0000000000 3011.0000000000 2908.0000000000
3011.0000000000 2908.0000000000 3198.0000000000 2780.0000000000
3198.0000000000 2780.0000000000 3393.0000000000 1804.0000000000
3393.0000000000 1804.0000000000 3020.0000000000 1473.0000000000
3690.0000000000 1721.0000000000 4086.0000000000 868.0000000000
4086.0000000000 868.0000000000 3403.0000000000 418.0000000000
3403.0000000000 418.0000000000 2329.0000000000 0.0000000000
