19 4
-834.0000000000 0.0000000000 -764.0000000000 248.0000000000
-764.0000000000 248.0000000000 -268.0000000000 268.0000000000
-268.0000000000 268.0000000000 -214.0000000000 440.0000000000
-214.0000000000 440.0000000000 -374.0000000000 801.0000000000
-374.0000000000 801.0000000000 613.0000000000 2286.0000000000
613.0000000000 2286.0000000000 731.0000000000 2124.0000000000
731.0000000000 2124.0000000000 978.0000000000 2098.0000000000
2095.0000000000 3780.0000000000 2744.0000000000 3388.0000000000
2079.0000000000 2478.0000000000 2316.0000000000 2664.0000000000
2316.0000000000 2664.0000000000 2172.0000000000 2412.0000000000
2172.0000000000 2412.0000000000 2246.0000000000 2246.0000000000
2142.0000000000 1998.0000000000 1939.0000000000 1746.0000000000
3400.0000000000 2956.0000000000 3728.0000000000 2709.0000000000
5875.0000000000 3671.0000000000 5575.0000000000 3219.0000000000
4998.0000000000 2771.0000000000 5448.0000000000 2426.0000000000
5448.0000000000 2426.0000000000 4984.0000000000 2115.0000000000
1216.0000000000 443.0000000000 679.0000000000 144.0000000000
1896.0000000000 334.0000000000 1732.0000000000 60.0000000000
1732.0000000000 60.0000000000 2052.0000000000 0.0000000000
