14 4
-1889.0000000000 0.0000000000 -1318.0000000000 428.0000000000
-1318.0000000000 428.0000000000 -942.0000000000 362.0000000000
-942.0000000000 362.0000000000 -1125.0000000000 573.0000000000
-1125.0000000000 573.0000000000 -927.0000000000 602.0000000000
-927.0000000000 602.0000000000 -1086.0000000000 789.0000000000
-1086.0000000000 789.0000000000 -922.0000000000 922.0000000000
-922.0000000000 922.0000000000 -1443.0000000000 1602.0000000000
-2952.0000000000 3395.0000000000 -951.0000000000 4893.0000000000
-951.0000000000 4893.0000000000 1477.0000000000 1700.0000000000
1477.0000000000 1700.0000000000 1653.0000000000 1836.0000000000
1653.0000000000 1836.0000000000 1788.0000000000 1726.0000000000
1788.0000000000 1726.0000000000 2411.0000000000 878.0000000000
2411.0000000000 878.0000000000 2220.0000000000 721.0000000000
2220.0000000000 721.0000000000 2746.0000000000 0.0000000000
