26 4
-4468.0000000000 0.0000000000 -5212.0000000000 273.0000000000
-1337.0000000000 93.0000000000 -1180.0000000000 430.0000000000
-1180.0000000000 430.0000000000 -680.0000000000 275.0000000000
-680.0000000000 275.0000000000 -1180.0000000000 526.0000000000
-1180.0000000000 526.0000000000 -1083.0000000000 877.0000000000
-1012.0000000000 849.0000000000 -987.0000000000 1219.0000000000
-839.0000000000 1343.0000000000 -906.0000000000 1509.0000000000
-906.0000000000 1509.0000000000 -731.0000000000 2123.0000000000
-672.0000000000 2345.0000000000 -467.0000000000 2949.0000000000
-467.0000000000 2949.0000000000 -49.0000000000 2830.0000000000
-49.0000000000 2830.0000000000 115.0000000000 3306.0000000000
115.0000000000 3306.0000000000 341.0000000000 3244.0000000000
341.0000000000 3244.0000000000 429.0000000000 3498.0000000000
278.0000000000 1975.0000000000 612.0000000000 1882.0000000000
670.0000000000 1745.0000000000 1136.0000000000 1623.0000000000
2322.0000000000 3196.0000000000 2536.0000000000 3132.0000000000
1950.0000000000 2323.0000000000 1425.0000000000 1528.0000000000
1425.0000000000 1528.0000000000 1877.0000000000 1813.0000000000
1877.0000000000 1813.0000000000 2034.0000000000 1768.0000000000
2955.0000000000 2479.0000000000 3252.0000000000 2451.0000000000
3252.0000000000 2451.0000000000 3671.0000000000 2667.0000000000
4357.0000000000 2939.0000000000 4200.0000000000 2728.0000000000
4200.0000000000 2728.0000000000 4387.0000000000 2533.0000000000
4387.0000000000 2533.0000000000 4720.0000000000 2510.0000000000
984.0000000000 501.0000000000 869.0000000000 122.0000000000
869.0000000000 122.0000000000 1196.0000000000 0.0000000000
