21 4
-1584.0000000000 0.0000000000 -1186.0000000000 146.0000000000
-1186.0000000000 146.0000000000 -2706.0000000000 2706.0000000000
-3200.0000000000 3314.0000000000 -3091.0000000000 3433.0000000000
-3091.0000000000 3433.0000000000 -3350.0000000000 3993.0000000000
-3983.0000000000 5098.0000000000 -4239.0000000000 5835.0000000000
-865.0000000000 1235.0000000000 -554.0000000000 1371.0000000000
-483.0000000000 1404.0000000000 -271.0000000000 886.0000000000
-271.0000000000 886.0000000000 -415.0000000000 1448.0000000000
-415.0000000000 1448.0000000000 -27.0000000000 1569.0000000000
-27.0000000000 1569.0000000000 154.0000000000 1756.0000000000
154.0000000000 1756.0000000000 135.0000000000 1097.0000000000
382.0000000000 1798.0000000000 917.0000000000 2160.0000000000
1099.0000000000 2254.0000000000 1764.0000000000 2616.0000000000
1764.0000000000 2616.0000000000 2001.0000000000 2223.0000000000
2001.0000000000 2223.0000000000 2432.0000000000 2432.0000000000
2432.0000000000 2432.0000000000 2551.0000000000 2217.0000000000
2551.0000000000 2217.0000000000 2872.0000000000 2244.0000000000
2872.0000000000 2244.0000000000 3004.0000000000 2027.0000000000
2289.0000000000 1430.0000000000 1708.0000000000 947.0000000000
1708.0000000000 947.0000000000 1963.0000000000 526.0000000000
3804.0000000000 948.0000000000 3956.0000000000 627.0000000000
