28 4
-925.0000000000 0.0000000000 -1249.0000000000 1249.0000000000
-1249.0000000000 1249.0000000000 -1458.0000000000 1564.0000000000
-4172.0000000000 4634.0000000000 -4231.0000000000 4867.0000000000
-2490.0000000000 2967.0000000000 -2800.0000000000 3458.0000000000
-2800.0000000000 3458.0000000000 -2323.0000000000 3578.0000000000
-2323.0000000000 3578.0000000000 -2011.0000000000 3217.0000000000
-2011.0000000000 3217.0000000000 -2169.0000000000 3610.0000000000
-2169.0000000000 3610.0000000000 -1808.0000000000 3707.0000000000
-1808.0000000000 3707.0000000000 -1495.0000000000 3207.0000000000
-1495.0000000000 3207.0000000000 -1667.0000000000 3744.0000000000
-1667.0000000000 3744.0000000000 -977.0000000000 3920.0000000000
-392.0000000000 1696.0000000000 -372.0000000000 2110.0000000000
-372.0000000000 2110.0000000000 -114.0000000000 2181.0000000000
-55.0000000000 1572.0000000000 117.0000000000 1334.0000000000
117.0000000000 1334.0000000000 308.0000000000 1332.0000000000
649.0000000000 2262.0000000000 930.0000000000 2302.0000000000
684.0000000000 1612.0000000000 659.0000000000 1413.0000000000
659.0000000000 1413.0000000000 850.0000000000 1415.0000000000
850.0000000000 1415.0000000000 1103.0000000000 1636.0000000000
1103.0000000000 1636.0000000000 973.0000000000 1389.0000000000
1497.0000000000 1848.0000000000 1585.0000000000 1531.0000000000
1585.0000000000 1531.0000000000 1185.0000000000 1105.0000000000
1185.0000000000 1105.0000000000 1273.0000000000 677.0000000000
1273.0000000000 677.0000000000 1788.0000000000 686.0000000000
1788.0000000000 686.0000000000 1867.0000000000 431.0000000000
1867.0000000000 431.0000000000 1667.0000000000 324.0000000000
1667.0000000000 324.0000000000 1874.0000000000 330.0000000000
1874.0000000000 330.0000000000 1999.0000000000 0.0000000000
