24 4
-3876.0000000000 0.0000000000 -4747.0000000000 249.0000000000
-4747.0000000000 249.0000000000 -4484.0000000000 314.0000000000
-4484.0000000000 314.0000000000 -4542.0000000000 477.0000000000
-2438.0000000000 299.0000000000 -1696.0000000000 518.0000000000
-1696.0000000000 518.0000000000 -1650.0000000000 700.0000000000
-1650.0000000000 700.0000000000 -104.0000000000 1189.0000000000
-104.0000000000 1189.0000000000 -98.0000000000 1406.0000000000
-98.0000000000 1406.0000000000 20.0000000000 1171.0000000000
142.0000000000 4061.0000000000 583.0000000000 2742.0000000000
583.0000000000 2742.0000000000 505.0000000000 2189.0000000000
505.0000000000 2189.0000000000 1289.0000000000 2424.0000000000
1494.0000000000 2486.0000000000 1816.0000000000 2593.0000000000
1824.0000000000 2511.0000000000 1992.0000000000 2643.0000000000
2307.0000000000 2749.0000000000 2682.0000000000 2876.0000000000
2966.0000000000 2966.0000000000 3300.0000000000 3077.0000000000
3300.0000000000 3077.0000000000 3520.0000000000 2652.0000000000
3520.0000000000 2652.0000000000 3968.0000000000 2778.0000000000
3968.0000000000 2778.0000000000 4126.0000000000 2479.0000000000
4126.0000000000 2479.0000000000 4358.0000000000 2516.0000000000
4358.0000000000 2516.0000000000 4422.0000000000 2351.0000000000
2973.0000000000 1450.0000000000 3141.0000000000 1021.0000000000
4906.0000000000 1500.0000000000 4946.0000000000 1325.0000000000
4946.0000000000 1325.0000000000 4656.0000000000 1161.0000000000
1791.0000000000 284.0000000000 1474.0000000000 155.0000000000
