15 4
-1330.0000000000 0.0000000000 -1539.0000000000 441.0000000000
-1539.0000000000 441.0000000000 -1351.0000000000 574.0000000000
-1351.0000000000 574.0000000000 -1619.0000000000 1133.0000000000
-1619.0000000000 1133.0000000000 -1086.0000000000 1442.0000000000
-1086.0000000000 1442.0000000000 -1751.0000000000 2803.0000000000
-2584.0000000000 4476.0000000000 -2752.0000000000 4965.0000000000
-2752.0000000000 4965.0000000000 -729.0000000000 5937.0000000000
-729.0000000000 5937.0000000000 -501.0000000000 5731.0000000000
-501.0000000000 5731.0000000000 1040.0000000000 2450.0000000000
1040.0000000000 2450.0000000000 1749.0000000000 2799.0000000000
1749.0000000000 2799.0000000000 2066.0000000000 2216.0000000000
2066.0000000000 2216.0000000000 2313.0000000000 2313.0000000000
2313.0000000000 2313.0000000000 2823.0000000000 1257.0000000000
2823.0000000000 1257.0000000000 2614.0000000000 1110.0000000000
2614.0000000000 1110.0000000000 3141.0000000000 0.0000000000
