28 4
-661.0000000000 0.0000000000 -483.0000000000 166.0000000000
-483.0000000000 166.0000000000 -775.0000000000 543.0000000000
-1603.0000000000 1164.0000000000 -2087.0000000000 1751.0000000000
-2087.0000000000 1751.0000000000 -2313.0000000000 2234.0000000000
-3351.0000000000 3594.0000000000 -3130.0000000000 3730.0000000000
-3519.0000000000 4345.0000000000 -3551.0000000000 4544.0000000000
-3551.0000000000 4544.0000000000 -3390.0000000000 4666.0000000000
-2936.0000000000 4193.0000000000 -2659.0000000000 3942.0000000000
-3008.0000000000 4814.0000000000 -2885.0000000000 4997.0000000000
-2885.0000000000 4997.0000000000 -2692.0000000000 4857.0000000000
-2692.0000000000 4857.0000000000 -2630.0000000000 5162.0000000000
-2630.0000000000 5162.0000000000 -2463.0000000000 5282.0000000000
-2689.0000000000 6039.0000000000 -2269.0000000000 5617.0000000000
-1225.0000000000 3367.0000000000 -936.0000000000 2882.0000000000
-710.0000000000 2322.0000000000 -589.0000000000 2054.0000000000
-589.0000000000 2054.0000000000 -596.0000000000 2225.0000000000
-596.0000000000 2225.0000000000 -297.0000000000 2111.0000000000
-297.0000000000 2111.0000000000 -238.0000000000 1938.0000000000
-238.0000000000 1938.0000000000 -83.0000000000 2385.0000000000
153.0000000000 2182.0000000000 209.0000000000 1984.0000000000
613.0000000000 3478.0000000000 684.0000000000 3218.0000000000
1136.0000000000 4240.0000000000 2044.0000000000 2919.0000000000
1848.0000000000 2365.0000000000 1668.0000000000 1988.0000000000
1668.0000000000 1988.0000000000 1939.0000000000 2231.0000000000
1939.0000000000 2231.0000000000 2267.0000000000 1771.0000000000
2439.0000000000 1524.0000000000 2919.0000000000 1686.0000000000
2919.0000000000 1686.0000000000 3362.0000000000 1028.0000000000
3362.0000000000 1028.0000000000 1982.0000000000 0.0000000000
