15 4
-1287.0000000000 0.0000000000 -609.0000000000 284.0000000000
-609.0000000000 284.0000000000 -911.0000000000 1085.0000000000
-911.0000000000 1085.0000000000 -304.0000000000 1316.0000000000
-304.0000000000 1316.0000000000 -337.0000000000 1585.0000000000
-337.0000000000 1585.0000000000 732.0000000000 2012.0000000000
732.0000000000 2012.0000000000 829.0000000000 1778.0000000000
829.0000000000 1778.0000000000 2160.0000000000 2316.0000000000
2740.0000000000 2838.0000000000 3243.0000000000 3024.0000000000
3243.0000000000 3024.0000000000 3330.0000000000 2794.0000000000
3330.0000000000 2794.0000000000 3888.0000000000 3038.0000000000
3888.0000000000 3038.0000000000 4321.0000000000 2107.0000000000
4938.0000000000 2303.0000000000 4527.0000000000 2015.0000000000
4527.0000000000 2015.0000000000 4595.0000000000 1857.0000000000
7630.0000000000 2929.0000000000 8435.0000000000 887.0000000000
8435.0000000000 887.0000000000 6421.0000000000 0.0000000000
