18 4
-3768.0000000000 0.0000000000 -3794.0000000000 399.0000000000
-3794.0000000000 399.0000000000 -3530.0000000000 496.0000000000
-3530.0000000000 496.0000000000 -3562.0000000000 1089.0000000000
-3562.0000000000 1089.0000000000 -2505.0000000000 1115.0000000000
-2505.0000000000 1115.0000000000 -2515.0000000000 1337.0000000000
-2515.0000000000 1337.0000000000 -2172.0000000000 1305.0000000000
-2172.0000000000 1305.0000000000 -2183.0000000000 1645.0000000000
-2183.0000000000 1645.0000000000 -2309.0000000000 1804.0000000000
-2309.0000000000 1804.0000000000 -2216.0000000000 2140.0000000000
-2216.0000000000 2140.0000000000 -2404.0000000000 2490.0000000000
-2893.0000000000 3839.0000000000 -2768.0000000000 3952.0000000000
-2768.0000000000 3952.0000000000 -2816.0000000000 4337.0000000000
-2816.0000000000 4337.0000000000 -2516.0000000000 4026.0000000000
-2516.0000000000 4026.0000000000 -2584.0000000000 4476.0000000000
-2584.0000000000 4476.0000000000 79.0000000000 4548.0000000000
149.0000000000 2846.0000000000 231.0000000000 543.0000000000
231.0000000000 543.0000000000 498.0000000000 553.0000000000
498.0000000000 553.0000000000 496.0000000000 0.0000000000
