26 4
-4236.0000000000 0.0000000000 -4106.0000000000 432.0000000000
-4106.0000000000 432.0000000000 -3705.0000000000 455.0000000000
-3705.0000000000 455.0000000000 -4043.0000000000 640.0000000000
-4043.0000000000 640.0000000000 -3859.0000000000 1180.0000000000
-1685.0000000000 548.0000000000 -1995.0000000000 766.0000000000
-1995.0000000000 766.0000000000 -1904.0000000000 1099.0000000000
-1904.0000000000 1099.0000000000 -1116.0000000000 811.0000000000
-1116.0000000000 811.0000000000 -997.0000000000 930.0000000000
-997.0000000000 930.0000000000 -1046.0000000000 1083.0000000000
-1693.0000000000 1815.0000000000 -1600.0000000000 2123.0000000000
-1507.0000000000 2321.0000000000 -921.0000000000 1731.0000000000
-1210.0000000000 2375.0000000000 -975.0000000000 2298.0000000000
-773.0000000000 2246.0000000000 -796.0000000000 2602.0000000000
-796.0000000000 2602.0000000000 -305.0000000000 1572.0000000000
-305.0000000000 1572.0000000000 99.0000000000 1418.0000000000
99.0000000000 1418.0000000000 362.0000000000 1862.0000000000
362.0000000000 1862.0000000000 496.0000000000 1728.0000000000
586.0000000000 1803.0000000000 577.0000000000 1585.0000000000
577.0000000000 1585.0000000000 716.0000000000 1772.0000000000
716.0000000000 1772.0000000000 1064.0000000000 1702.0000000000
1142.0000000000 1694.0000000000 1264.0000000000 1561.0000000000
1264.0000000000 1561.0000000000 502.0000000000 278.0000000000
2436.0000000000 1188.0000000000 2315.0000000000 843.0000000000
2315.0000000000 843.0000000000 2877.0000000000 825.0000000000
2022.0000000000 542.0000000000 2245.0000000000 196.0000000000
1630.0000000000 114.0000000000 1229.0000000000 0.0000000000
