16 4
-911.0000000000 0.0000000000 -1202.0000000000 1383.0000000000
-1572.0000000000 1873.0000000000 -1705.0000000000 2528.0000000000
-1705.0000000000 2528.0000000000 -1483.0000000000 2569.0000000000
-1483.0000000000 2569.0000000000 -1583.0000000000 3246.0000000000
-1583.0000000000 3246.0000000000 -1027.0000000000 3360.0000000000
-1798.0000000000 7210.0000000000 402.0000000000 7672.0000000000
402.0000000000 7672.0000000000 625.0000000000 7144.0000000000
625.0000000000 7144.0000000000 1257.0000000000 3870.0000000000
1257.0000000000 3870.0000000000 2053.0000000000 4030.0000000000
2053.0000000000 4030.0000000000 2238.0000000000 3447.0000000000
2238.0000000000 3447.0000000000 2478.0000000000 3410.0000000000
2478.0000000000 3410.0000000000 2679.0000000000 2412.0000000000
2679.0000000000 2412.0000000000 2485.0000000000 2160.0000000000
2485.0000000000 2160.0000000000 2773.0000000000 795.0000000000
2773.0000000000 795.0000000000 3056.0000000000 762.0000000000
3056.0000000000 762.0000000000 3212.0000000000 0.0000000000
