16 4
-524.0000000000 0.0000000000 -697.0000000000 282.0000000000
-4583.0000000000 1945.0000000000 -4470.0000000000 2084.0000000000
-4470.0000000000 2084.0000000000 -4039.0000000000 1970.0000000000
-3880.0000000000 2063.0000000000 -3518.0000000000 2556.0000000000
-3328.0000000000 2793.0000000000 -3626.0000000000 3152.0000000000
-3626.0000000000 3152.0000000000 -3103.0000000000 3831.0000000000
-3103.0000000000 3831.0000000000 -1084.0000000000 2223.0000000000
-1084.0000000000 2223.0000000000 -183.0000000000 3499.0000000000
40.0000000000 2307.0000000000 426.0000000000 2004.0000000000
323.0000000000 1398.0000000000 518.0000000000 1934.0000000000
382.0000000000 1332.0000000000 577.0000000000 1887.0000000000
665.0000000000 1828.0000000000 1038.0000000000 1539.0000000000
1038.0000000000 1539.0000000000 758.0000000000 1043.0000000000
758.0000000000 1043.0000000000 1113.0000000000 1477.0000000000
1113.0000000000 1477.0000000000 2347.0000000000 499.0000000000
2347.0000000000 499.0000000000 2217.0000000000 312.0000000000
