20 4
-1725.0000000000 0.0000000000 -1531.0000000000 298.0000000000
-1531.0000000000 298.0000000000 -1773.0000000000 475.0000000000
-1649.0000000000 504.0000000000 -1915.0000000000 622.0000000000
-1915.0000000000 622.0000000000 -1730.0000000000 664.0000000000
-1730.0000000000 664.0000000000 -1784.0000000000 832.0000000000
-1784.0000000000 832.0000000000 -1553.0000000000 826.0000000000
-1553.0000000000 826.0000000000 -1720.0000000000 953.0000000000
-1720.0000000000 953.0000000000 -1552.0000000000 1257.0000000000
-1552.0000000000 1257.0000000000 -1685.0000000000 1465.0000000000
-500.0000000000 466.0000000000 -331.0000000000 424.0000000000
-331.0000000000 424.0000000000 -671.0000000000 1263.0000000000
-1220.0000000000 2394.0000000000 -967.0000000000 1984.0000000000
-879.0000000000 1973.0000000000 -899.0000000000 2224.0000000000
-899.0000000000 2224.0000000000 -753.0000000000 2462.0000000000
-753.0000000000 2462.0000000000 -400.0000000000 2268.0000000000
-400.0000000000 2268.0000000000 -452.0000000000 2854.0000000000
-203.0000000000 1932.0000000000 107.0000000000 2051.0000000000
44.0000000000 635.0000000000 491.0000000000 527.0000000000
2167.0000000000 2092.0000000000 2381.0000000000 2221.0000000000
2381.0000000000 2221.0000000000 997.0000000000 0.0000000000
