18 4
-1165.0000000000 0.0000000000 -1045.0000000000 604.0000000000
-1045.0000000000 604.0000000000 -781.0000000000 589.0000000000
-781.0000000000 589.0000000000 -538.0000000000 2006.0000000000
-676.0000000000 2710.0000000000 -575.0000000000 3261.0000000000
-575.0000000000 3261.0000000000 -337.0000000000 3209.0000000000
-337.0000000000 3209.0000000000 -203.0000000000 3876.0000000000
-203.0000000000 3876.0000000000 331.0000000000 3789.0000000000
331.0000000000 3789.0000000000 425.0000000000 4042.0000000000
1073.0000000000 7638.0000000000 3230.0000000000 7255.0000000000
3230.0000000000 7255.0000000000 3372.0000000000 6913.0000000000
3372.0000000000 6913.0000000000 3312.0000000000 6500.0000000000
3096.0000000000 5823.0000000000 2692.0000000000 3446.0000000000
2692.0000000000 3446.0000000000 3475.0000000000 3241.0000000000
3475.0000000000 3241.0000000000 3416.0000000000 2574.0000000000
3416.0000000000 2574.0000000000 3629.0000000000 2448.0000000000
3629.0000000000 2448.0000000000 3455.0000000000 1538.0000000000
3455.0000000000 1538.0000000000 3166.0000000000 1344.0000000000
3166.0000000000 1344.0000000000 2937.0000000000 0.0000000000
