21 4
-533.0000000000 0.0000000000 -719.0000000000 4077.0000000000
-719.0000000000 4077.0000000000 87.0000000000 4994.0000000000
863.0000000000 12344.0000000000 2192.0000000000 12430.0000000000
1712.0000000000 8052.0000000000 1798.0000000000 7213.0000000000
1668.0000000000 6223.0000000000 1740.0000000000 6069.0000000000
1740.0000000000 6069.0000000000 2138.0000000000 6208.0000000000
1907.0000000000 5240.0000000000 1950.0000000000 5080.0000000000
1950.0000000000 5080.0000000000 2183.0000000000 5403.0000000000
2183.0000000000 5403.0000000000 2344.0000000000 2428.0000000000
2344.0000000000 2428.0000000000 2448.0000000000 2283.0000000000
1182.0000000000 1064.0000000000 1559.0000000000 1051.0000000000
1559.0000000000 1051.0000000000 1167.0000000000 729.0000000000
1760.0000000000 1057.0000000000 1990.0000000000 1058.0000000000
1990.0000000000 1058.0000000000 1537.0000000000 783.0000000000
2186.0000000000 1066.0000000000 2413.0000000000 1074.0000000000
2413.0000000000 1074.0000000000 2444.0000000000 747.0000000000
2444.0000000000 747.0000000000 2059.0000000000 590.0000000000
1224.0000000000 328.0000000000 1582.0000000000 394.0000000000
2454.0000000000 567.0000000000 2457.0000000000 389.0000000000
2457.0000000000 389.0000000000 2295.0000000000 323.0000000000
2295.0000000000 323.0000000000 2463.0000000000 215.0000000000
