23 4
-8207.0000000000 143.0000000000 -8426.0000000000 294.0000000000
-8428.0000000000 442.0000000000 -8177.0000000000 2345.0000000000
-8111.0000000000 2480.0000000000 -7754.0000000000 2519.0000000000
-6698.0000000000 2306.0000000000 -4358.0000000000 2032.0000000000
-4358.0000000000 2032.0000000000 -4182.0000000000 2821.0000000000
-4182.0000000000 2821.0000000000 -3498.0000000000 2833.0000000000
-3498.0000000000 2833.0000000000 -3481.0000000000 3026.0000000000
-3481.0000000000 3026.0000000000 -2638.0000000000 2929.0000000000
-2638.0000000000 2929.0000000000 -2284.0000000000 2627.0000000000
-2284.0000000000 2627.0000000000 -845.0000000000 2455.0000000000
-845.0000000000 2455.0000000000 -777.0000000000 2710.0000000000
-777.0000000000 2710.0000000000 363.0000000000 2581.0000000000
363.0000000000 2581.0000000000 369.0000000000 2331.0000000000
369.0000000000 2331.0000000000 1011.0000000000 2271.0000000000
1011.0000000000 2271.0000000000 900.0000000000 1239.0000000000
900.0000000000 1239.0000000000 1137.0000000000 1178.0000000000
1137.0000000000 1178.0000000000 1036.0000000000 839.0000000000
1036.0000000000 839.0000000000 1888.0000000000 763.0000000000
1888.0000000000 763.0000000000 2335.0000000000 896.0000000000
2335.0000000000 896.0000000000 2279.0000000000 740.0000000000
2279.0000000000 740.0000000000 2520.0000000000 770.0000000000
3818.0000000000 1095.0000000000 4258.0000000000 983.0000000000
4258.0000000000 983.0000000000 4172.0000000000 0.0000000000
