22 4
-720.0000000000 0.0000000000 -1060.0000000000 74.0000000000
-1060.0000000000 74.0000000000 -1498.0000000000 1010.0000000000
-1498.0000000000 1010.0000000000 -1292.0000000000 1164.0000000000
-1292.0000000000 1164.0000000000 -1913.0000000000 2448.0000000000
-2470.0000000000 3527.0000000000 -2706.0000000000 4167.0000000000
-2706.0000000000 4167.0000000000 -2238.0000000000 4392.0000000000
-3875.0000000000 7945.0000000000 -1892.0000000000 8899.0000000000
-1892.0000000000 8899.0000000000 -1495.0000000000 8480.0000000000
-1224.0000000000 7727.0000000000 -95.0000000000 5424.0000000000
-95.0000000000 5424.0000000000 607.0000000000 5776.0000000000
607.0000000000 5776.0000000000 849.0000000000 5360.0000000000
849.0000000000 5360.0000000000 1211.0000000000 5247.0000000000
1211.0000000000 5247.0000000000 1556.0000000000 4518.0000000000
1556.0000000000 4518.0000000000 1487.0000000000 4086.0000000000
1487.0000000000 4086.0000000000 2103.0000000000 2790.0000000000
2103.0000000000 2790.0000000000 2371.0000000000 2826.0000000000
2371.0000000000 2826.0000000000 2857.0000000000 1855.0000000000
2857.0000000000 1855.0000000000 2665.0000000000 1665.0000000000
2665.0000000000 1665.0000000000 2956.0000000000 1135.0000000000
2956.0000000000 1135.0000000000 2005.0000000000 613.0000000000
2081.0000000000 480.0000000000 1783.0000000000 314.0000000000
1783.0000000000 314.0000000000 1925.0000000000 0.0000000000
