22 4
-641.0000000000 0.0000000000 -926.0000000000 2182.0000000000
-926.0000000000 2182.0000000000 -688.0000000000 2250.0000000000
-1320.0000000000 4603.0000000000 -1321.0000000000 4929.0000000000
-2042.0000000000 8843.0000000000 -1991.0000000000 9369.0000000000
-1991.0000000000 9369.0000000000 -1809.0000000000 9309.0000000000
-1809.0000000000 9309.0000000000 -1547.0000000000 8775.0000000000
-1547.0000000000 8775.0000000000 -1466.0000000000 9254.0000000000
-1466.0000000000 9254.0000000000 -1329.0000000000 9456.0000000000
-1329.0000000000 9456.0000000000 -1163.0000000000 9474.0000000000
-1163.0000000000 9474.0000000000 -1040.0000000000 9891.0000000000
-1040.0000000000 9891.0000000000 -868.0000000000 9917.0000000000
-348.0000000000 6636.0000000000 -214.0000000000 6119.0000000000
-0.0000000000 2979.0000000000 84.0000000000 2412.0000000000
84.0000000000 2412.0000000000 200.0000000000 2291.0000000000
200.0000000000 2291.0000000000 458.0000000000 412.0000000000
458.0000000000 412.0000000000 696.0000000000 525.0000000000
1858.0000000000 1350.0000000000 2380.0000000000 1487.0000000000
2380.0000000000 1487.0000000000 2598.0000000000 1440.0000000000
3586.0000000000 1749.0000000000 3669.0000000000 1192.0000000000
2968.0000000000 908.0000000000 3021.0000000000 425.0000000000
3021.0000000000 425.0000000000 3781.0000000000 397.0000000000
3781.0000000000 397.0000000000 3398.0000000000 297.0000000000
