29 4
-4525.0000000000 158.0000000000 -4154.0000000000 218.0000000000
-4154.0000000000 218.0000000000 -4438.0000000000 310.0000000000
-4438.0000000000 310.0000000000 -4280.0000000000 602.0000000000
-4280.0000000000 602.0000000000 -3773.0000000000 598.0000000000
-3773.0000000000 598.0000000000 -4203.0000000000 741.0000000000
-4203.0000000000 741.0000000000 -3789.0000000000 1305.0000000000
-3841.0000000000 1398.0000000000 -3564.0000000000 1895.0000000000
-1539.0000000000 853.0000000000 -1820.0000000000 1137.0000000000
-1820.0000000000 1137.0000000000 -1675.0000000000 1405.0000000000
-1675.0000000000 1405.0000000000 -1103.0000000000 1065.0000000000
-867.0000000000 1071.0000000000 -964.0000000000 1234.0000000000
-1315.0000000000 2105.0000000000 -1105.0000000000 2265.0000000000
-601.0000000000 1417.0000000000 -696.0000000000 1813.0000000000
-696.0000000000 1813.0000000000 -481.0000000000 1572.0000000000
-481.0000000000 1572.0000000000 -437.0000000000 1892.0000000000
-437.0000000000 1892.0000000000 -295.0000000000 1516.0000000000
-330.0000000000 2351.0000000000 -284.0000000000 2704.0000000000
-284.0000000000 2704.0000000000 -0.0000000000 1590.0000000000
-0.0000000000 1590.0000000000 347.0000000000 1390.0000000000
347.0000000000 1390.0000000000 710.0000000000 1756.0000000000
710.0000000000 1756.0000000000 816.0000000000 1602.0000000000
923.0000000000 1664.0000000000 898.0000000000 1437.0000000000
898.0000000000 1437.0000000000 1044.0000000000 1607.0000000000
1044.0000000000 1607.0000000000 1378.0000000000 1477.0000000000
1442.0000000000 1442.0000000000 1547.0000000000 1252.0000000000
1091.0000000000 853.0000000000 549.0000000000 178.0000000000
2618.0000000000 701.0000000000 2435.0000000000 386.0000000000
2435.0000000000 386.0000000000 2997.0000000000 262.0000000000
2076.0000000000 145.0000000000 2174.0000000000 0.0000000000
