11 4
-1802.0000000000 0.0000000000 -1384.0000000000 371.0000000000
-1384.0000000000 371.0000000000 -888.0000000000 289.0000000000
-888.0000000000 289.0000000000 -1266.0000000000 461.0000000000
-1266.0000000000 461.0000000000 -932.0000000000 396.0000000000
-932.0000000000 396.0000000000 -1184.0000000000 527.0000000000
-1184.0000000000 527.0000000000 -1503.0000000000 976.0000000000
-2566.0000000000 1731.0000000000 -2208.0000000000 2286.0000000000
-1675.0000000000 1796.0000000000 -1061.0000000000 2083.0000000000
-598.0000000000 1408.0000000000 -375.0000000000 1398.0000000000
-375.0000000000 1398.0000000000 -329.0000000000 1692.0000000000
-329.0000000000 1692.0000000000 1143.0000000000 0.0000000000
