17 4
-1145.0000000000 0.0000000000 -1224.0000000000 421.0000000000
-1224.0000000000 421.0000000000 -975.0000000000 497.0000000000
-975.0000000000 497.0000000000 -1200.0000000000 1920.0000000000
-1600.0000000000 2663.0000000000 -1652.0000000000 3106.0000000000
-1652.0000000000 3106.0000000000 -1399.0000000000 3142.0000000000
-1399.0000000000 3142.0000000000 -1519.0000000000 3760.0000000000
-1519.0000000000 3760.0000000000 -485.0000000000 3953.0000000000
-484.0000000000 4604.0000000000 -360.0000000000 4117.0000000000
-360.0000000000 4117.0000000000 -146.0000000000 4183.0000000000
-130.0000000000 7437.0000000000 1637.0000000000 7700.0000000000
1637.0000000000 7700.0000000000 2305.0000000000 3836.0000000000
2305.0000000000 3836.0000000000 2600.0000000000 3713.0000000000
2600.0000000000 3713.0000000000 2733.0000000000 2831.0000000000
2733.0000000000 2831.0000000000 2521.0000000000 2521.0000000000
2521.0000000000 2521.0000000000 2753.0000000000 1112.0000000000
2753.0000000000 1112.0000000000 3009.0000000000 1095.0000000000
3009.0000000000 1095.0000000000 3180.0000000000 0.0000000000
