27 4
-2436.0000000000 213.0000000000 -2590.0000000000 551.0000000000
-2651.0000000000 661.0000000000 -2846.0000000000 870.0000000000
-2846.0000000000 870.0000000000 -2264.0000000000 735.0000000000
-2264.0000000000 735.0000000000 -2623.0000000000 955.0000000000
-2623.0000000000 955.0000000000 -2151.0000000000 1144.0000000000
-2074.0000000000 1198.0000000000 -1755.0000000000 1323.0000000000
-1755.0000000000 1323.0000000000 -1269.0000000000 991.0000000000
-1269.0000000000 991.0000000000 -859.0000000000 1140.0000000000
-859.0000000000 1140.0000000000 -950.0000000000 1645.0000000000
-744.0000000000 1595.0000000000 -712.0000000000 1762.0000000000
-712.0000000000 1762.0000000000 -578.0000000000 1588.0000000000
-578.0000000000 1588.0000000000 -619.0000000000 1797.0000000000
-619.0000000000 1797.0000000000 -456.0000000000 1829.0000000000
-456.0000000000 1829.0000000000 -358.0000000000 2032.0000000000
-310.0000000000 1955.0000000000 -310.0000000000 2202.0000000000
-205.0000000000 1947.0000000000 -34.0000000000 1975.0000000000
-0.0000000000 1321.0000000000 187.0000000000 513.0000000000
922.0000000000 2403.0000000000 1087.0000000000 2442.0000000000
1087.0000000000 2442.0000000000 1217.0000000000 2108.0000000000
1578.0000000000 2626.0000000000 1749.0000000000 2694.0000000000
1307.0000000000 1937.0000000000 1194.0000000000 1705.0000000000
1194.0000000000 1705.0000000000 1555.0000000000 1611.0000000000
1555.0000000000 1611.0000000000 1158.0000000000 1118.0000000000
1202.0000000000 1045.0000000000 640.0000000000 519.0000000000
640.0000000000 519.0000000000 934.0000000000 165.0000000000
3170.0000000000 502.0000000000 3361.0000000000 413.0000000000
3361.0000000000 413.0000000000 2412.0000000000 0.0000000000
