14 4
-744.0000000000 0.0000000000 -675.0000000000 490.0000000000
-675.0000000000 490.0000000000 -409.0000000000 438.0000000000
-409.0000000000 438.0000000000 -197.0000000000 1878.0000000000
-270.0000000000 3091.0000000000 -0.0000000000 3108.0000000000
-0.0000000000 3108.0000000000 131.0000000000 3760.0000000000
131.0000000000 3760.0000000000 1102.0000000000 3604.0000000000
1102.0000000000 3604.0000000000 1226.0000000000 3774.0000000000
1226.0000000000 3774.0000000000 1487.0000000000 3681.0000000000
2863.0000000000 6745.0000000000 4348.0000000000 6446.0000000000
4348.0000000000 6446.0000000000 3717.0000000000 2507.0000000000
3717.0000000000 2507.0000000000 3976.0000000000 2389.0000000000
3976.0000000000 2389.0000000000 3818.0000000000 1466.0000000000
3818.0000000000 1466.0000000000 3521.0000000000 1282.0000000000
3521.0000000000 1282.0000000000 3317.0000000000 0.0000000000
