18 4
-1236.0000000000 0.0000000000 -863.0000000000 539.0000000000
-863.0000000000 539.0000000000 -1057.0000000000 686.0000000000
-1057.0000000000 686.0000000000 -510.0000000000 1482.0000000000
-510.0000000000 1482.0000000000 -357.0000000000 1681.0000000000
-357.0000000000 1681.0000000000 -137.0000000000 1561.0000000000
-137.0000000000 1561.0000000000 681.0000000000 2729.0000000000
969.0000000000 3617.0000000000 1188.0000000000 3886.0000000000
1188.0000000000 3886.0000000000 1369.0000000000 3763.0000000000
1369.0000000000 3763.0000000000 1729.0000000000 4280.0000000000
1729.0000000000 4280.0000000000 2597.0000000000 3708.0000000000
3068.0000000000 4223.0000000000 2811.0000000000 3730.0000000000
2811.0000000000 3730.0000000000 2949.0000000000 3642.0000000000
5109.0000000000 6089.0000000000 6742.0000000000 4898.0000000000
6742.0000000000 4898.0000000000 4506.0000000000 1640.0000000000
4506.0000000000 1640.0000000000 4689.0000000000 1433.0000000000
4614.0000000000 1323.0000000000 4194.0000000000 740.0000000000
4194.0000000000 740.0000000000 3786.0000000000 600.0000000000
3786.0000000000 600.0000000000 3389.0000000000 0.0000000000
