18 4
-1282.0000000000 0.0000000000 -972.0000000000 17.0000000000
-972.0000000000 17.0000000000 -1439.0000000000 75.0000000000
-1439.0000000000 75.0000000000 -1418.0000000000 723.0000000000
-910.0000000000 711.0000000000 -698.0000000000 675.0000000000
-454.0000000000 602.0000000000 -625.0000000000 1083.0000000000
-625.0000000000 1083.0000000000 122.0000000000 1162.0000000000
122.0000000000 1162.0000000000 202.0000000000 705.0000000000
1008.0000000000 3295.0000000000 1107.0000000000 1842.0000000000
1213.0000000000 1868.0000000000 1281.0000000000 1422.0000000000
1281.0000000000 1422.0000000000 1586.0000000000 1378.0000000000
1586.0000000000 1378.0000000000 1985.0000000000 1607.0000000000
5533.0000000000 3875.0000000000 5595.0000000000 2729.0000000000
5150.0000000000 2186.0000000000 5181.0000000000 1784.0000000000
4605.0000000000 1496.0000000000 4251.0000000000 1300.0000000000
5208.0000000000 1396.0000000000 5226.0000000000 1206.0000000000
5226.0000000000 1206.0000000000 5668.0000000000 1205.0000000000
5668.0000000000 1205.0000000000 5734.0000000000 401.0000000000
3139.0000000000 164.0000000000 3146.0000000000 0.0000000000
