22 4
-849.0000000000 0.0000000000 -867.0000000000 333.0000000000
-867.0000000000 333.0000000000 -1033.0000000000 460.0000000000
-1033.0000000000 460.0000000000 -1064.0000000000 718.0000000000
-2529.0000000000 1771.0000000000 -2654.0000000000 2000.0000000000
-2990.0000000000 2422.0000000000 -2411.0000000000 2171.0000000000
-3671.0000000000 4077.0000000000 -2531.0000000000 4213.0000000000
-1936.0000000000 3799.0000000000 -1412.0000000000 3880.0000000000
-1056.0000000000 3067.0000000000 -879.0000000000 3066.0000000000
-909.0000000000 3938.0000000000 -935.0000000000 4400.0000000000
-935.0000000000 4400.0000000000 -79.0000000000 4518.0000000000
-79.0000000000 4518.0000000000 172.0000000000 3288.0000000000
172.0000000000 3288.0000000000 237.0000000000 1932.0000000000
237.0000000000 1932.0000000000 1021.0000000000 2003.0000000000
1021.0000000000 2003.0000000000 1525.0000000000 2177.0000000000
1707.0000000000 2185.0000000000 2006.0000000000 2228.0000000000
1123.0000000000 1204.0000000000 1080.0000000000 875.0000000000
1165.0000000000 911.0000000000 1186.0000000000 685.0000000000
1186.0000000000 685.0000000000 665.0000000000 339.0000000000
665.0000000000 339.0000000000 1211.0000000000 539.0000000000
1211.0000000000 539.0000000000 671.0000000000 271.0000000000
671.0000000000 271.0000000000 1215.0000000000 418.0000000000
1215.0000000000 418.0000000000 1258.0000000000 0.0000000000
