21 4
-1152.0000000000 0.0000000000 -1337.0000000000 188.0000000000
-1337.0000000000 188.0000000000 -1080.0000000000 624.0000000000
-1080.0000000000 624.0000000000 -683.0000000000 1231.0000000000
-683.0000000000 1231.0000000000 -468.0000000000 1102.0000000000
-468.0000000000 1102.0000000000 282.0000000000 2301.0000000000
424.0000000000 3014.0000000000 746.0000000000 3510.0000000000
746.0000000000 3510.0000000000 910.0000000000 3397.0000000000
910.0000000000 3397.0000000000 1273.0000000000 3916.0000000000
1273.0000000000 3916.0000000000 1786.0000000000 3662.0000000000
1786.0000000000 3662.0000000000 1995.0000000000 3916.0000000000
3764.0000000000 6790.0000000000 3988.0000000000 6907.0000000000
4117.0000000000 6852.0000000000 5778.0000000000 5778.0000000000
5778.0000000000 5778.0000000000 5699.0000000000 5315.0000000000
5699.0000000000 5315.0000000000 5436.0000000000 4895.0000000000
5005.0000000000 4351.0000000000 3825.0000000000 2390.0000000000
3825.0000000000 2390.0000000000 4476.0000000000 1993.0000000000
4476.0000000000 1993.0000000000 4212.0000000000 1369.0000000000
4212.0000000000 1369.0000000000 4371.0000000000 1253.0000000000
4371.0000000000 1253.0000000000 3881.0000000000 477.0000000000
3881.0000000000 477.0000000000 3487.0000000000 305.0000000000
3487.0000000000 305.0000000000 3309.0000000000 0.0000000000
