23 4
-390.0000000000 0.0000000000 -505.0000000000 316.0000000000
-3273.0000000000 2208.0000000000 -3076.0000000000 2318.0000000000
-3076.0000000000 2318.0000000000 -3024.0000000000 2629.0000000000
-3024.0000000000 2629.0000000000 -2754.0000000000 2568.0000000000
-2754.0000000000 2568.0000000000 -2857.0000000000 3064.0000000000
-1131.0000000000 1810.0000000000 -1008.0000000000 1678.0000000000
-1390.0000000000 2408.0000000000 -1211.0000000000 2482.0000000000
-1211.0000000000 2482.0000000000 -1239.0000000000 2783.0000000000
-1132.0000000000 2802.0000000000 -1199.0000000000 3294.0000000000
-893.0000000000 2750.0000000000 -550.0000000000 2832.0000000000
-550.0000000000 2832.0000000000 -427.0000000000 3038.0000000000
-224.0000000000 1820.0000000000 27.0000000000 1521.0000000000
27.0000000000 1521.0000000000 272.0000000000 1720.0000000000
272.0000000000 1720.0000000000 276.0000000000 1418.0000000000
998.0000000000 4324.0000000000 1221.0000000000 3994.0000000000
1221.0000000000 3994.0000000000 1463.0000000000 4502.0000000000
1751.0000000000 4562.0000000000 2209.0000000000 4736.0000000000
2209.0000000000 4736.0000000000 2050.0000000000 4203.0000000000
2050.0000000000 4203.0000000000 2078.0000000000 3749.0000000000
2078.0000000000 3749.0000000000 2799.0000000000 3997.0000000000
2488.0000000000 3184.0000000000 2411.0000000000 2873.0000000000
2411.0000000000 2873.0000000000 2826.0000000000 3031.0000000000
727.0000000000 752.0000000000 979.0000000000 68.0000000000
