15 4
-4421.0000000000 0.0000000000 -4431.0000000000 1526.0000000000
-4431.0000000000 1526.0000000000 -485.0000000000 1808.0000000000
-485.0000000000 1808.0000000000 -510.0000000000 2044.0000000000
-510.0000000000 2044.0000000000 147.0000000000 2101.0000000000
147.0000000000 2101.0000000000 727.0000000000 2111.0000000000
727.0000000000 2111.0000000000 756.0000000000 1871.0000000000
756.0000000000 1871.0000000000 2172.0000000000 1956.0000000000
2172.0000000000 1956.0000000000 2574.0000000000 2237.0000000000
2574.0000000000 2237.0000000000 3394.0000000000 2289.0000000000
3394.0000000000 2289.0000000000 3429.0000000000 2060.0000000000
3429.0000000000 2060.0000000000 4093.0000000000 2086.0000000000
4093.0000000000 2086.0000000000 4123.0000000000 1501.0000000000
4123.0000000000 1501.0000000000 4652.0000000000 1511.0000000000
5549.0000000000 1591.0000000000 5932.0000000000 1589.0000000000
8051.0000000000 1711.0000000000 8135.0000000000 0.0000000000
