37 4
-1170.0000000000 0.0000000000 -1641.0000000000 565.0000000000
-1641.0000000000 565.0000000000 -2017.0000000000 815.0000000000
-4140.0000000000 1843.0000000000 -3700.0000000000 1726.0000000000
-3700.0000000000 1726.0000000000 -4001.0000000000 1951.0000000000
-4001.0000000000 1951.0000000000 -3749.0000000000 2165.0000000000
-3749.0000000000 2165.0000000000 -3403.0000000000 2045.0000000000
-3403.0000000000 2045.0000000000 -3625.0000000000 2265.0000000000
-3625.0000000000 2265.0000000000 -3214.0000000000 2603.0000000000
-3214.0000000000 2603.0000000000 -2782.0000000000 2335.0000000000
-2782.0000000000 2335.0000000000 -3041.0000000000 2738.0000000000
-3041.0000000000 2738.0000000000 -2541.0000000000 3137.0000000000
-1074.0000000000 1375.0000000000 -1252.0000000000 1723.0000000000
-1252.0000000000 1723.0000000000 -1010.0000000000 1900.0000000000
-699.0000000000 1372.0000000000 -535.0000000000 1260.0000000000
-535.0000000000 1260.0000000000 -286.0000000000 1345.0000000000
-286.0000000000 1345.0000000000 -364.0000000000 2300.0000000000
-364.0000000000 2300.0000000000 -171.0000000000 2442.0000000000
-62.0000000000 1785.0000000000 -27.0000000000 1538.0000000000
-27.0000000000 1538.0000000000 285.0000000000 1618.0000000000
295.0000000000 1519.0000000000 382.0000000000 1798.0000000000
576.0000000000 2309.0000000000 705.0000000000 2457.0000000000
705.0000000000 2457.0000000000 673.0000000000 2202.0000000000
673.0000000000 2202.0000000000 788.0000000000 2053.0000000000
788.0000000000 2053.0000000000 602.0000000000 1491.0000000000
602.0000000000 1491.0000000000 864.0000000000 1146.0000000000
864.0000000000 1146.0000000000 1330.0000000000 1378.0000000000
1330.0000000000 1378.0000000000 1499.0000000000 1171.0000000000
1499.0000000000 1171.0000000000 1350.0000000000 1017.0000000000
1350.0000000000 1017.0000000000 1575.0000000000 1103.0000000000
1575.0000000000 1103.0000000000 1652.0000000000 954.0000000000
1652.0000000000 954.0000000000 1819.0000000000 927.0000000000
1739.0000000000 848.0000000000 2034.0000000000 905.0000000000
2034.0000000000 905.0000000000 1828.0000000000 739.0000000000
1936.0000000000 743.0000000000 1936.0000000000 519.0000000000
1936.0000000000 519.0000000000 2432.0000000000 561.0000000000
2432.0000000000 561.0000000000 2153.0000000000 458.0000000000
1022.0000000000 199.0000000000 574.0000000000 0.0000000000
