22 4
-1284.0000000000 0.0000000000 -956.0000000000 292.0000000000
-956.0000000000 292.0000000000 -439.0000000000 151.0000000000
-439.0000000000 151.0000000000 -758.0000000000 531.0000000000
-3418.0000000000 3077.0000000000 -2704.0000000000 2704.0000000000
-2704.0000000000 2704.0000000000 -2449.0000000000 3025.0000000000
-3896.0000000000 4987.0000000000 -3461.0000000000 5330.0000000000
-2581.0000000000 4296.0000000000 -370.0000000000 1601.0000000000
-370.0000000000 1601.0000000000 -168.0000000000 1597.0000000000
-168.0000000000 1597.0000000000 47.0000000000 1358.0000000000
47.0000000000 1358.0000000000 299.0000000000 1540.0000000000
299.0000000000 1540.0000000000 453.0000000000 1961.0000000000
2010.0000000000 5837.0000000000 2743.0000000000 4949.0000000000
2194.0000000000 3800.0000000000 2186.0000000000 3639.0000000000
2671.0000000000 4274.0000000000 2958.0000000000 3925.0000000000
2509.0000000000 3211.0000000000 2508.0000000000 2989.0000000000
3192.0000000000 3672.0000000000 3304.0000000000 3543.0000000000
3304.0000000000 3543.0000000000 3670.0000000000 3800.0000000000
3670.0000000000 3800.0000000000 4278.0000000000 3108.0000000000
2253.0000000000 1463.0000000000 2585.0000000000 1044.0000000000
2650.0000000000 964.0000000000 2945.0000000000 789.0000000000
2441.0000000000 430.0000000000 1899.0000000000 233.0000000000
1899.0000000000 233.0000000000 1674.0000000000 0.0000000000
