11 4
-1197.0000000000 105.0000000000 -1406.0000000000 148.0000000000
-1406.0000000000 148.0000000000 -1289.0000000000 1334.0000000000
-1289.0000000000 1334.0000000000 -1025.0000000000 1312.0000000000
-1025.0000000000 1312.0000000000 -960.0000000000 1967.0000000000
-960.0000000000 1967.0000000000 97.0000000000 1856.0000000000
176.0000000000 2520.0000000000 243.0000000000 1980.0000000000
243.0000000000 1980.0000000000 457.0000000000 1978.0000000000
1277.0000000000 5121.0000000000 3161.0000000000 4867.0000000000
3161.0000000000 4867.0000000000 2728.0000000000 939.0000000000
2728.0000000000 939.0000000000 2992.0000000000 858.0000000000
2992.0000000000 858.0000000000 2867.0000000000 0.0000000000
