26 4
-2450.0000000000 0.0000000000 -2481.0000000000 217.0000000000
-2481.0000000000 217.0000000000 -1643.0000000000 290.0000000000
-1581.0000000000 394.0000000000 -2556.0000000000 831.0000000000
-2556.0000000000 831.0000000000 -2576.0000000000 1041.0000000000
-2582.0000000000 1149.0000000000 -2628.0000000000 1457.0000000000
-2628.0000000000 1457.0000000000 -2193.0000000000 1318.0000000000
-2193.0000000000 1318.0000000000 -2461.0000000000 1538.0000000000
-2461.0000000000 1538.0000000000 -2317.0000000000 1623.0000000000
-2120.0000000000 1656.0000000000 -1727.0000000000 1727.0000000000
-1199.0000000000 1242.0000000000 -768.0000000000 1279.0000000000
-768.0000000000 1279.0000000000 -778.0000000000 1526.0000000000
-672.0000000000 1509.0000000000 -769.0000000000 1812.0000000000
-769.0000000000 1812.0000000000 -488.0000000000 1820.0000000000
-488.0000000000 1820.0000000000 -399.0000000000 1602.0000000000
-399.0000000000 1602.0000000000 -357.0000000000 1836.0000000000
-100.0000000000 947.0000000000 53.0000000000 374.0000000000
53.0000000000 374.0000000000 469.0000000000 1054.0000000000
1068.0000000000 2291.0000000000 946.0000000000 1780.0000000000
946.0000000000 1780.0000000000 1127.0000000000 1953.0000000000
1127.0000000000 1953.0000000000 1439.0000000000 1980.0000000000
1439.0000000000 1980.0000000000 1489.0000000000 1597.0000000000
1489.0000000000 1597.0000000000 1913.0000000000 1981.0000000000
1473.0000000000 1374.0000000000 1349.0000000000 1214.0000000000
1349.0000000000 1214.0000000000 1655.0000000000 1034.0000000000
1655.0000000000 1034.0000000000 1148.0000000000 610.0000000000
471.0000000000 240.0000000000 498.0000000000 0.0000000000
