22 4
-911.0000000000 0.0000000000 -1290.0000000000 346.0000000000
-4430.0000000000 1700.0000000000 -4177.0000000000 1688.0000000000
-5041.0000000000 2351.0000000000 -3969.0000000000 2991.0000000000
-3135.0000000000 2631.0000000000 -3276.0000000000 2848.0000000000
-3276.0000000000 2848.0000000000 -2889.0000000000 3098.0000000000
-2114.0000000000 2520.0000000000 -2565.0000000000 3284.0000000000
-2565.0000000000 3284.0000000000 -2507.0000000000 3450.0000000000
-2507.0000000000 3450.0000000000 -2645.0000000000 3777.0000000000
-2645.0000000000 3777.0000000000 -1968.0000000000 4220.0000000000
-1968.0000000000 4220.0000000000 -1234.0000000000 3213.0000000000
-1234.0000000000 3213.0000000000 -611.0000000000 1998.0000000000
-611.0000000000 1998.0000000000 83.0000000000 2381.0000000000
83.0000000000 2381.0000000000 134.0000000000 2555.0000000000
134.0000000000 2555.0000000000 380.0000000000 2705.0000000000
543.0000000000 2796.0000000000 790.0000000000 2947.0000000000
486.0000000000 1696.0000000000 586.0000000000 1381.0000000000
426.0000000000 738.0000000000 804.0000000000 1191.0000000000
464.0000000000 663.0000000000 863.0000000000 1105.0000000000
948.0000000000 948.0000000000 1227.0000000000 471.0000000000
1227.0000000000 471.0000000000 704.0000000000 256.0000000000
704.0000000000 256.0000000000 1286.0000000000 393.0000000000
1286.0000000000 393.0000000000 1508.0000000000 0.0000000000
