20 4
-1113.0000000000 0.0000000000 -1137.0000000000 242.0000000000
-1137.0000000000 242.0000000000 -875.0000000000 251.0000000000
-875.0000000000 251.0000000000 -895.0000000000 1615.0000000000
-895.0000000000 1615.0000000000 -1169.0000000000 2397.0000000000
-1169.0000000000 2397.0000000000 -1182.0000000000 2926.0000000000
-1182.0000000000 2926.0000000000 -958.0000000000 2947.0000000000
-958.0000000000 2947.0000000000 -905.0000000000 3628.0000000000
-905.0000000000 3628.0000000000 -382.0000000000 3639.0000000000
-382.0000000000 3639.0000000000 -341.0000000000 3900.0000000000
-396.0000000000 7558.0000000000 1893.0000000000 7592.0000000000
1893.0000000000 7592.0000000000 2009.0000000000 7006.0000000000
1930.0000000000 6312.0000000000 1992.0000000000 3746.0000000000
1992.0000000000 3746.0000000000 2789.0000000000 3701.0000000000
2789.0000000000 3701.0000000000 2855.0000000000 3171.0000000000
2855.0000000000 3171.0000000000 3103.0000000000 2996.0000000000
3103.0000000000 2996.0000000000 3115.0000000000 2023.0000000000
3115.0000000000 2023.0000000000 2860.0000000000 1787.0000000000
2860.0000000000 1787.0000000000 2894.0000000000 355.0000000000
2894.0000000000 355.0000000000 3149.0000000000 331.0000000000
3149.0000000000 331.0000000000 3143.0000000000 0.0000000000
