22 4
-1008.0000000000 0.0000000000 -756.0000000000 590.0000000000
-756.0000000000 590.0000000000 -556.0000000000 687.0000000000
-4450.0000000000 6124.0000000000 -4523.0000000000 6460.0000000000
-2598.0000000000 4158.0000000000 -2473.0000000000 4283.0000000000
-2473.0000000000 4283.0000000000 -2233.0000000000 4028.0000000000
-2207.0000000000 4150.0000000000 -1555.0000000000 3848.0000000000
-1753.0000000000 4567.0000000000 -1421.0000000000 5304.0000000000
-520.0000000000 3281.0000000000 -432.0000000000 3077.0000000000
-432.0000000000 3077.0000000000 -409.0000000000 3334.0000000000
-0.0000000000 4485.0000000000 131.0000000000 3759.0000000000
131.0000000000 3759.0000000000 210.0000000000 4002.0000000000
210.0000000000 4002.0000000000 242.0000000000 3462.0000000000
242.0000000000 3462.0000000000 335.0000000000 3831.0000000000
238.0000000000 953.0000000000 467.0000000000 1050.0000000000
1877.0000000000 4025.0000000000 2753.0000000000 3654.0000000000
2753.0000000000 3654.0000000000 2838.0000000000 3504.0000000000
2838.0000000000 3504.0000000000 2055.0000000000 1786.0000000000
2055.0000000000 1786.0000000000 2549.0000000000 2064.0000000000
2549.0000000000 2064.0000000000 2945.0000000000 1913.0000000000
2945.0000000000 1913.0000000000 3918.0000000000 2354.0000000000
4015.0000000000 2318.0000000000 3746.0000000000 2076.0000000000
1648.0000000000 877.0000000000 1290.0000000000 0.0000000000
