24 4
-3671.0000000000 0.0000000000 -3714.0000000000 325.0000000000
-7469.0000000000 1050.0000000000 -7460.0000000000 1315.0000000000
-7599.0000000000 2179.0000000000 -7862.0000000000 2404.0000000000
-4841.0000000000 1667.0000000000 -3907.0000000000 1658.0000000000
-3865.0000000000 1802.0000000000 -3285.0000000000 1897.0000000000
-3776.0000000000 2360.0000000000 -3840.0000000000 2790.0000000000
-1835.0000000000 1486.0000000000 -2189.0000000000 1836.0000000000
-2189.0000000000 1836.0000000000 -2044.0000000000 1974.0000000000
-2044.0000000000 1974.0000000000 -1829.0000000000 1829.0000000000
-1829.0000000000 1829.0000000000 -1981.0000000000 2124.0000000000
-1343.0000000000 1658.0000000000 -1097.0000000000 1404.0000000000
-2540.0000000000 3370.0000000000 -2294.0000000000 3277.0000000000
-312.0000000000 562.0000000000 -171.0000000000 423.0000000000
-171.0000000000 423.0000000000 -21.0000000000 596.0000000000
-21.0000000000 596.0000000000 -0.0000000000 0.0000000000
-0.0000000000 4006.0000000000 640.0000000000 4042.0000000000
640.0000000000 4042.0000000000 938.0000000000 2106.0000000000
938.0000000000 2106.0000000000 1277.0000000000 2617.0000000000
1277.0000000000 2617.0000000000 1620.0000000000 2697.0000000000
2245.0000000000 3592.0000000000 2215.0000000000 3049.0000000000
2215.0000000000 3049.0000000000 2464.0000000000 3043.0000000000
2464.0000000000 3043.0000000000 2678.0000000000 3192.0000000000
3242.0000000000 3730.0000000000 3317.0000000000 3557.0000000000
1066.0000000000 1103.0000000000 1245.0000000000 0.0000000000
