21 4
-462.0000000000 0.0000000000 -654.0000000000 441.0000000000
-4002.0000000000 2802.0000000000 -3823.0000000000 2777.0000000000
-3823.0000000000 2777.0000000000 -4136.0000000000 3117.0000000000
-4136.0000000000 3117.0000000000 -3918.0000000000 3173.0000000000
-2251.0000000000 2251.0000000000 -2148.0000000000 2385.0000000000
-2907.0000000000 3344.0000000000 -2893.0000000000 3573.0000000000
-2893.0000000000 3573.0000000000 -2141.0000000000 2946.0000000000
-2141.0000000000 2946.0000000000 -1854.0000000000 3211.0000000000
-2970.0000000000 5359.0000000000 -2408.0000000000 5674.0000000000
-1678.0000000000 4370.0000000000 -74.0000000000 1419.0000000000
-74.0000000000 1419.0000000000 122.0000000000 1390.0000000000
122.0000000000 1390.0000000000 296.0000000000 1105.0000000000
296.0000000000 1105.0000000000 571.0000000000 1225.0000000000
571.0000000000 1225.0000000000 862.0000000000 1556.0000000000
3075.0000000000 5118.0000000000 3602.0000000000 4143.0000000000
2787.0000000000 3095.0000000000 2751.0000000000 2849.0000000000
3445.0000000000 3445.0000000000 3695.0000000000 2992.0000000000
3895.0000000000 2627.0000000000 4325.0000000000 2809.0000000000
4325.0000000000 2809.0000000000 4776.0000000000 2027.0000000000
4259.0000000000 1721.0000000000 3139.0000000000 1081.0000000000
2480.0000000000 806.0000000000 2802.0000000000 147.0000000000
