16 4
-1147.0000000000 351.0000000000 -1445.0000000000 526.0000000000
-1445.0000000000 526.0000000000 -1497.0000000000 730.0000000000
-1497.0000000000 730.0000000000 -1044.0000000000 704.0000000000
-1044.0000000000 704.0000000000 -1180.0000000000 956.0000000000
-2898.0000000000 2432.0000000000 -2641.0000000000 2463.0000000000
-3487.0000000000 3487.0000000000 -1769.0000000000 3794.0000000000
-1769.0000000000 3794.0000000000 -1834.0000000000 4320.0000000000
-2706.0000000000 7434.0000000000 -2666.0000000000 7743.0000000000
-3092.0000000000 10114.0000000000 -3047.0000000000 10628.0000000000
-3047.0000000000 10628.0000000000 -2671.0000000000 10711.0000000000
-1095.0000000000 4741.0000000000 -845.0000000000 4791.0000000000
-845.0000000000 4791.0000000000 -675.0000000000 4264.0000000000
-301.0000000000 2141.0000000000 -79.0000000000 2252.0000000000
-79.0000000000 2252.0000000000 37.0000000000 2113.0000000000
37.0000000000 2113.0000000000 407.0000000000 914.0000000000
407.0000000000 914.0000000000 479.0000000000 0.0000000000
