16 4
-3523.0000000000 0.0000000000 -1083.0000000000 1203.0000000000
-1083.0000000000 1203.0000000000 -1169.0000000000 1443.0000000000
-1169.0000000000 1443.0000000000 -684.0000000000 1693.0000000000
-684.0000000000 1693.0000000000 -102.0000000000 1939.0000000000
-102.0000000000 1939.0000000000 60.0000000000 1729.0000000000
60.0000000000 1729.0000000000 1362.0000000000 2359.0000000000
1362.0000000000 2359.0000000000 1679.0000000000 2794.0000000000
1679.0000000000 2794.0000000000 2347.0000000000 3115.0000000000
2347.0000000000 3115.0000000000 2455.0000000000 2926.0000000000
2455.0000000000 2926.0000000000 3075.0000000000 3185.0000000000
3075.0000000000 3185.0000000000 3312.0000000000 2682.0000000000
3312.0000000000 2682.0000000000 3788.0000000000 2854.0000000000
6874.0000000000 4296.0000000000 7846.0000000000 2250.0000000000
7846.0000000000 2250.0000000000 7694.0000000000 2061.0000000000
6708.0000000000 1672.0000000000 4336.0000000000 532.0000000000
4336.0000000000 532.0000000000 4586.0000000000 0.0000000000
