12 4
-752.0000000000 0.0000000000 -757.0000000000 386.0000000000
-757.0000000000 386.0000000000 -1338.0000000000 937.0000000000
-1338.0000000000 937.0000000000 -1229.0000000000 2311.0000000000
-857.0000000000 1682.0000000000 -512.0000000000 2410.0000000000
-887.0000000000 4563.0000000000 713.0000000000 4504.0000000000
713.0000000000 4504.0000000000 1551.0000000000 3653.0000000000
1056.0000000000 2372.0000000000 1399.0000000000 1998.0000000000
1399.0000000000 1998.0000000000 1329.0000000000 1829.0000000000
1329.0000000000 1829.0000000000 1485.0000000000 1901.0000000000
1485.0000000000 1901.0000000000 1624.0000000000 1804.0000000000
1557.0000000000 1670.0000000000 1711.0000000000 1772.0000000000
1711.0000000000 1772.0000000000 1686.0000000000 0.0000000000
