20 4
-1226.0000000000 0.0000000000 -1256.0000000000 2266.0000000000
-2193.0000000000 4125.0000000000 -2167.0000000000 5365.0000000000
-2479.0000000000 6459.0000000000 -2477.0000000000 6804.0000000000
-2477.0000000000 6804.0000000000 -2216.0000000000 6820.0000000000
-2216.0000000000 6820.0000000000 -2146.0000000000 7482.0000000000
-2146.0000000000 7482.0000000000 -1187.0000000000 7496.0000000000
-1187.0000000000 7496.0000000000 -936.0000000000 7626.0000000000
-913.0000000000 10431.0000000000 -757.0000000000 10825.0000000000
-682.0000000000 13013.0000000000 227.0000000000 13010.0000000000
227.0000000000 13010.0000000000 880.0000000000 12580.0000000000
940.0000000000 10749.0000000000 1264.0000000000 10293.0000000000
1264.0000000000 10293.0000000000 1475.0000000000 10496.0000000000
1533.0000000000 7887.0000000000 1605.0000000000 6954.0000000000
1605.0000000000 6954.0000000000 1848.0000000000 6899.0000000000
1619.0000000000 5294.0000000000 1625.0000000000 4233.0000000000
1625.0000000000 4233.0000000000 1879.0000000000 4221.0000000000
1083.0000000000 2322.0000000000 1087.0000000000 1673.0000000000
1238.0000000000 1643.0000000000 1258.0000000000 1303.0000000000
1258.0000000000 1303.0000000000 1076.0000000000 572.0000000000
1076.0000000000 572.0000000000 1154.0000000000 0.0000000000
