27 4
-3119.3444166059 438.3952675265 -3545.3079109686 625.1334388939
-3545.3079109686 625.1334388939 -3239.3697055154 629.6696840320
-2758.3762342096 586.3109674459 -2598.3404729259 696.2232305485
-2598.3404729259 696.2232305485 -2691.4899414292 874.5180931149
-3318.7702007866 1142.7442208871 -2978.8256083238 1084.2038531542
-3388.8969487297 1300.8756554301 -3208.3295668557 1496.0686449625
-3234.3536836912 1647.9855123130 -2985.2727108008 2168.9275788159
-2985.2727108008 2168.9275788159 -2175.5662199142 1825.5168097743
-2175.5662199142 1825.5168097743 -2042.2956110896 2114.8590111220
-1629.9760821878 1747.9353453420 -1468.3556793589 2097.0292317692
-651.8006962134 1043.0991575185 -410.2676862052 966.5300955769
-410.2676862052 966.5300955769 -462.3067812303 1342.6363766964
-462.3067812303 1342.6363766964 -309.9140084819 1013.6830408696
-340.9751754365 1604.1620646730 168.1796912494 1369.7136895904
168.1796912494 1369.7136895904 154.8701184593 977.8114574950
154.8701184593 977.8114574950 324.1753374068 1300.1962738822
324.1753374068 1300.1962738822 528.7576332985 1187.6090961375
528.7576332985 1187.6090961375 413.1349734231 776.9938826881
527.6903195643 753.6198820614 776.3413772568 1030.2398099273
784.2008813946 934.5742226383 1124.5336198348 817.0215039160
1124.5336198348 817.0215039160 956.0844456375 620.8885027200
956.0844456375 620.8885027200 1333.2508630680 708.9020638483
1333.2508630680 708.9020638483 1482.0128120887 629.0771215081
1482.0128120887 629.0771215081 1342.6363758666 462.3067836402
1386.6418947683 423.9389763556 1843.5618784027 459.6516077426
1843.5618784027 459.6516077426 1856.8540793159 294.0968006081
1109.1002364559 155.8738768798 1030.0000000000 0.0000036975
