19 4
-6670.0000000000 0.0000000000 -6429.6580518564 1249.7989183059
-3834.3385950716 815.0138270880 -3730.5797050616 1357.8199675149
-3730.5797050616 1357.8199675149 -1601.8607854604 1040.2605558245
-1601.8607854604 1040.2605558245 -1451.8359956385 1503.4201813759
-1651.9641588576 1968.7342171685 -1434.4912394129 1836.0650544160
-1381.2953449348 1901.1899352936 -935.2204317696 1835.4734386530
-935.2204317696 1835.4734386530 -769.1652385063 1649.4801714096
-761.9257029525 1794.9844632142 -468.4624742506 1748.3257448825
-335.8238345847 1727.6638423388 629.3390734594 1557.6688770779
629.3390734594 1557.6688770779 746.4597815258 1403.8866744023
864.9999964145 1498.2239506172 1151.6563119624 1422.1771124291
803.4845096256 957.5555559819 661.5384073789 709.4130923253
1354.5838186464 1402.7126142804 1530.8783366898 1378.4090533125
1530.8783366898 1378.4090533125 1781.1146050337 1548.2993133551
1781.1146050337 1548.2993133551 1655.3208941340 1340.4524375909
1655.3208941340 1340.4524375909 1834.9005754920 1284.8112227325
1845.0752459672 1198.2058824422 1688.7495344629 975.0000050519
1688.7495344629 975.0000050519 1607.2855108516 522.2387256865
1101.0381723607 254.1946950756 1209.8157110638 21.1174161080
