21 4
-15470.5700022772 540.2442083376 -15468.7714933969 810.6839612777
-17656.8836896974 1234.6895838625 -17632.8732051012 1853.2896516256
-15394.3908122208 1890.1935140647 -15417.8149971284 2441.9419965107
-15417.8149971284 2441.9419965107 -15343.3047924698 2705.4386049908
-9504.7101314463 2546.7794009655 -9208.8870479317 2640.6058657884
-7703.5577828893 2503.0376516717 -7488.5071197236 2578.4997804631
-6441.7049438663 2472.7388491647 -6499.5588216653 2625.9922169938
-5554.3563836507 2472.9587872423 -3968.8650915948 2480.0221540785
-3968.8650915948 2480.0221540785 -3440.4385876953 2409.0210302729
-3985.1911973520 3003.0569625880 -4020.4135088649 3619.9965770339
-2537.7973466480 2366.5343072406 -2236.9546232535 2398.8401392141
-2236.9546232535 2398.8401392141 -1987.3179029987 2207.1401297654
-1987.3179029987 2207.1401297654 -1140.8159002227 2145.5626492366
-1140.8159002227 2145.5626492366 1034.5559015151 2121.1539516594
1034.5559015151 2121.1539516594 1012.1391515712 1500.5580088276
1594.8098059926 2116.3841056647 2771.2652139085 2088.2981382410
3842.8307152629 2791.9799594252 3821.8632019727 2577.8792961283
3821.8632019727 2577.8792961283 3555.9632013186 2309.2695188886
3663.5677686388 2289.2512323009 3699.6413550240 2050.7447047832
3699.6413550240 2050.7447047832 3876.1399264031 2060.9801723801
989.0172403114 503.9294577287 1000.0000000000 0.0000035898
