23 4
-1110.0000000000 0.0000000000 -1179.8970282769 1749.2692767734
-1786.4160379764 2750.8394608303 -1298.4128324568 2548.2786575474
-1155.1320697503 2594.4690981845 -1206.2332348480 2985.5320100692
-1206.2332348480 2985.5320100692 -1010.4855760717 3109.9548068342
-1010.4855760717 3109.9548068342 -1021.2777935142 4423.6400925567
-1071.4092658994 6076.2638343759 -983.9727951389 6212.5596607539
-983.9727951389 6212.5596607539 -433.1877125760 6194.8727513705
544.7233803766 6226.2168641054 993.3588406225 6271.8209647404
993.3588406225 6271.8209647404 1318.1601071695 6201.4557913338
1329.4607193433 5758.5270856117 1529.6205446018 5708.6216365715
1369.9176483110 4777.4706317094 1422.7328259957 4131.9161784618
1238.1129113764 3401.6872899611 1269.9163446592 3143.1532698180
1269.9163446592 3143.1532698180 1419.9973524647 3045.1941676999
1419.9973524647 3045.1941676999 1348.3517780517 2646.2893799857
1430.1883736034 2580.1281394554 1449.0423905359 1259.6333396787
1589.2846615787 1197.6119006050 2375.1290209622 1262.8785110940
2375.1290209622 1262.8785110940 2664.1095031813 1357.4316023503
3685.0555843065 1797.3217131530 3960.5650236412 1846.8418160498
3960.5650236412 1846.8418160498 3820.0951367504 1621.5341951916
3820.0951367504 1621.5341951916 4051.7934392985 1637.0308259949
5149.5155559261 1874.2704018564 5801.4447433103 1885.0036844306
5801.4447433103 1885.0036844306 5805.2142108787 1555.5024801690
1536.3000937806 270.8911623690 1540.0000000000 0.0000055283
