29 4
-1250.0000000000 0.0000000000 -1254.3641925915 198.6717703759
-1254.3641925915 198.6717703759 -471.2800493686 219.7614958702
-471.2800493686 219.7614958702 -664.1891811952 1198.2289979730
-664.1891811952 1198.2289979730 -898.9011917009 1764.1929167636
-813.4732885565 1827.0909142145 -871.3304192739 2052.7258220347
-790.0665341126 2170.6899529125 -786.2461654786 3153.4611092053
-786.2461654786 3153.4611092053 -614.4049700924 3160.8395297335
-327.8285381794 2669.9491473725 -262.3664469836 2496.2499569348
-262.3664469836 2496.2499569348 -126.1296587213 2406.6971785397
-126.1296587213 2406.6971785397 -0.0000045411 2530.0000000000
41.8857710945 2399.6344684514 548.8805677153 2377.4629592035
947.2843166898 3098.4274113417 998.6988124915 2743.9024548858
998.6988124915 2743.9024548858 1277.6907833765 3010.0508736689
1277.6907833765 3010.0508736689 1579.8869318585 3100.7027078620
1579.8869318585 3100.7027078620 1724.9999928496 2987.7876471846
1724.9999928496 2987.7876471846 1596.6180258089 2657.2186360294
1865.3158028378 2985.1293030091 2339.5135985935 2994.4408696777
2526.1552982629 3010.5546680070 2722.6449621279 3132.0447650376
5072.0099813711 5633.0377904708 5432.2284419565 5625.2372531653
3167.8383711868 3167.8383882446 3378.8540928718 3150.8324327206
6220.1221738319 5600.6231923425 6256.0249754829 5066.0291655432
4058.2553720955 3170.6566094199 4336.3310808019 3150.5289647409
6323.8537691062 4428.0101069173 6292.3951633346 4244.2741556647
5037.4056818783 3147.7204444137 5211.5771789636 3131.4315109396
5793.7099413113 3345.0000173318 5632.5509045755 3122.1739713485
5632.5509045755 3122.1739713485 5809.7951516474 3089.1229007429
567.3111447324 195.3408944959 1052.3196691589 242.9471421962
1052.3196691589 242.9471421962 1336.8618921566 187.8836908819
1336.8618921566 187.8836908819 1360.0000000000 0.0000048821
