20 4
-950.0000000000 0.0000000000 -459.7293723683 97.7184945743
-459.7293723683 97.7184945743 -635.0000013161 1099.8522620464
-1430.1883828655 2580.1281343213 -1189.4551122507 2334.4370918791
-1189.4551122507 2334.4370918791 -1217.1405971968 2610.1664250878
-1618.8118442275 3635.9109192868 -1715.6982036037 4246.5020515892
-1715.6982036037 4246.5020515892 -1273.4445904286 4441.0290333557
-903.2784724501 3371.0811323978 -729.7700401111 3433.2980774404
-729.7700401111 3433.2980774404 -625.8535099078 3219.7371607223
-625.8535099078 3219.7371607223 -600.8227001640 3407.4348244636
-705.6235078285 5746.8422168352 -403.8899928849 5775.8958503117
-130.1751292425 3727.7277845528 132.2690855529 3787.6912346451
258.7965106526 3700.9626269491 458.2287239839 3731.9735310578
1125.2753550829 2931.4425416922 1164.3787567162 2743.1044659123
405.7135292756 870.0554764857 490.2684424475 411.3840715682
490.2684424475 411.3840715682 441.6729551672 255.0000013213
441.6729551672 255.0000013213 1788.2898918736 546.7350936448
3244.6523132400 749.0870217715 3348.3463582398 590.4038154197
10884.3255074794 1723.9078418622 10947.7840479660 1344.2188955307
13187.3603277735 1386.0474686910 13271.7865144330 695.5449053176
11138.3033233481 194.4198474734 11190.0000000000 0.0000401698
