32 4
-4070.0000000000 0.0000000000 -4109.1410678655 504.5390811237
-4109.1410678655 504.5390811237 -4005.0600303169 1537.3985018720
-6295.5783736245 2543.5787665318 -6285.1927499205 2798.3481013532
-6285.1927499205 2798.3481013532 -5301.4888203753 2701.2434705956
-5301.4888203753 2701.2434705956 -5370.1650035575 2976.7310652066
-4347.4475284996 2509.9999973989 -4062.9730068373 2441.2804725618
-1382.3183972862 863.7683998179 -431.2909758161 846.4561974371
-431.2909758161 846.4561974371 -519.6724025266 1224.2714543974
-872.8333655888 2160.3383799569 -856.2442497434 2486.7138526138
-856.2442497434 2486.7138526138 -672.4549240645 2199.5009377360
-257.5921458462 1325.1966972485 -154.7021281019 1471.8924048859
-284.7076113874 5432.5446685709 -101.9220639579 5839.1105395324
-101.9220639579 5839.1105395324 100.0022784882 5729.1272934276
100.0022784882 5729.1272934276 206.2560146748 5906.3997880613
373.1971245260 5336.9676695897 751.5347347331 5347.4475726733
751.5347347331 5347.4475726733 805.6374849143 5086.5949556556
805.6374849143 5086.5949556556 1262.8322845251 5064.9436937799
1262.8322845251 5064.9436937799 1428.6811178006 5331.9105641074
1428.6811178006 5331.9105641074 2463.8644538301 5283.7744040745
2463.8644538301 5283.7744040745 2441.7272760335 5006.2828435351
2441.7272760335 5006.2828435351 2774.5769237845 5218.2202803257
827.8513300958 1274.7792653078 1028.1546604345 1315.9779611478
1028.1546604345 1315.9779611478 899.9281563422 1111.3187271987
988.8976192778 1060.4628699708 1352.3588210945 1305.9577401309
1352.3588210945 1305.9577401309 1878.6220686211 1219.9914439412
1878.6220686211 1219.9914439412 2871.9751389546 1219.0811298790
2871.9751389546 1219.0811298790 2903.6501948562 1056.8422521417
1834.3060346347 631.6022255366 1814.4530066384 452.3939507783
1814.4530066384 452.3939507783 1636.9417075805 377.9177767496
1636.9417075805 377.9177767496 1874.9079191567 364.4451874884
1874.9079191567 364.4451874884 1919.4272573607 201.7399407672
4024.4770243164 210.9139178653 4060.0000000000 0.0000145746
