29 4
-1030.0000000000 0.0000000000 -1046.9496410606 165.8205327547
-1046.9496410606 165.8205327547 -1222.6845009795 259.8896132296
-5807.3003973000 2113.6844834363 -5480.1171044196 2103.6198615358
-6861.1605250105 2772.0887882674 -6842.4554792012 3046.4574533627
-1305.0832136362 608.5702962559 -1289.0331066718 805.4772808118
-3510.4977705793 3273.5921252895 -3195.4285071470 3308.9630786263
-1541.3162952905 1652.8593642146 -1311.4959898577 1456.5638566802
-1237.4795670472 1583.9016134662 -1319.2150944962 2481.0827343024
-1319.2150944962 2481.0827343024 -1262.0615489932 2973.2306749650
-1393.5365321847 3449.1239370986 -1436.9290301937 4422.4127987092
-1324.4438287009 4332.0605425843 -1120.0983834357 4492.4692109601
-1376.7004617417 5963.1447943715 -1297.3689601975 6103.6410265608
-1396.9597870572 8820.0568792579 -1252.5579232155 8912.4126166258
-1303.8499367684 14903.0726812423 -778.2356950977 14849.6211804502
-778.2356950977 14849.6211804502 780.8524395101 14899.5526599865
1101.6988470250 8972.6172129688 1246.9909672608 8872.8018983616
1246.9909672608 8872.8018983616 1421.9892694895 8978.0870188174
1124.9368051804 4511.8751295166 1339.0623982838 4379.8757851682
1384.3961256227 4260.7331959841 1386.0443879762 3430.5802649931
1356.6046135153 2909.2479994990 1321.5728170060 1632.0065224596
4603.2651331308 4603.2651579180 4517.4539342945 4362.4545787351
4558.4458535608 3962.5965477392 4803.0986471032 4030.2783261451
5913.9142165414 4296.7102112418 6035.3935163473 4070.9243548404
3966.9117788295 2576.1426472507 3968.6845951647 2384.6262986267
1385.6406436619 800.0000041451 1060.3801093044 494.4633695145
1060.3801093044 494.4633695145 1062.5184079811 284.7009531091
1062.5184079811 284.7009531091 1354.6455122703 263.3164181854
1354.6455122703 263.3164181854 1195.1028914746 189.2857067743
1195.1028914746 189.2857067743 1190.0000000000 0.0000042719
