23 4
-1587.8209602648 83.2141703313 -1555.1405804501 416.6986621498
-1105.4509504302 316.9829588368 -1186.7953340559 479.4964390517
-1546.4481541012 656.4282951526 -1534.9670546552 959.1538672825
-1534.9670546552 959.1538672825 -1102.6199720025 743.7265608684
-1102.6199720025 743.7265608684 -1134.6331044418 918.8077700503
-2928.2731733458 2545.5090300888 -3128.6397176194 2817.0398501502
-344.7704266400 441.2860216622 -315.6272265141 647.1317129325
-1100.1896090481 2866.0919078325 -950.8160020923 2612.3454844575
-843.6163983718 2596.3842882744 -798.3422603321 3201.9758955007
-582.6232346260 2523.6184668991 -411.5461847944 2333.9943739823
-329.8402531134 2346.9353223781 -264.4570162823 2516.1403948387
-115.1683449063 3297.9897289609 57.5929352550 3299.4973941206
100.5105452222 2878.2455819994 228.1036630281 3262.0344447772
228.1036630281 3262.0344447772 867.0437943174 3235.8515198840
867.0437943174 3235.8515198840 813.9203810044 2363.7964407676
813.9203810044 2363.7964407676 1144.1486876925 2345.8524634877
971.8061306656 1827.7015195049 1360.1019477521 1804.9162561517
1360.1019477521 1804.9162561517 1344.9210053885 1547.1546429704
811.6510744191 634.1313218840 631.0332542958 458.4724986004
668.5904933539 401.7297004166 1296.0201335943 604.3441182955
1297.6767912515 498.1314539829 1005.4711030732 365.9615565669
1005.4711030732 365.9615565669 1293.4368608036 420.2631165288
1293.4368608036 420.2631165288 1260.0000000000 0.0000045231
