20 4
-710.0000000000 0.0000000000 -817.3904350289 144.1279873005
-817.3904350289 144.1279873005 -1119.0549891781 217.5222544838
-491.4074430075 198.5414942948 -957.5555545397 803.4845113443
-2211.2344860317 3405.0025033448 -1315.6726775174 4303.3713999182
-365.3020645762 1465.1465461231 -94.7280839359 1807.5194577414
-94.7280839359 1807.5194577414 -25.4805159895 1459.7776348831
-25.4805159895 1459.7776348831 115.9171353441 1324.9389486816
115.9171353441 1324.9389486816 388.2285646197 1448.8887402466
738.7081081435 2576.1813466763 1683.3451956856 3451.3691416831
1683.3451956856 3451.3691416831 1915.8399001273 3760.0475365453
1915.8399001273 3760.0475365453 1982.8713383179 3577.1946069060
1982.8713383179 3577.1946069060 1838.6859200445 3060.0872679435
1875.9141880812 3002.0902649580 2134.9850091944 3287.5886315832
2656.1662817477 3937.9284762051 2645.0336261679 3640.5764813339
1352.5235790172 1217.8177072955 1662.3164376737 1394.8491176611
1662.7026864314 1299.0457176458 1889.1785642676 1047.1887854212
2503.7283290767 1275.7133119078 2209.2116453497 937.7547152915
2209.2116453497 937.7547152915 1885.8324592289 723.9032640615
3544.9477793552 949.8659071914 3127.7279055557 722.0928948608
6404.7210038357 673.1633256689 6634.6566872652 580.4572698549
