22 4
-4499.3146282053 78.5358288780 -4637.1734373751 161.9336645146
-3575.4317930560 566.2927628039 -3166.7027107416 731.0909257966
-5164.2368840850 1677.9622776021 -4954.5173367869 1705.9771274781
-3374.9492312214 1363.5679985532 -3416.6600123114 1521.1950434681
-3416.6600123114 1521.1950434681 -3244.5818783455 1512.9733754140
-3244.5818783455 1512.9733754140 -2837.2237663780 1704.7760261982
-2837.2237663780 1704.7760261982 -2424.6900522805 1697.7862499066
-2853.6761319854 2569.4615260277 -2422.2527975943 2690.1842659094
-3275.6421628426 5451.5840286111 -3063.9968066814 5527.5965453935
-3063.9968066814 5527.5965453935 -2812.1346676271 5288.8560777478
-2812.1346676271 5288.8560777478 -2851.0603453947 5595.5209683208
-872.2201868644 3255.1700332895 -536.5702205606 3387.7710073745
-165.6159920696 1178.4190015316 789.9434659293 1550.3513539310
2258.1582070057 4246.9779269656 2590.6415063932 4311.5515287832
2590.6415063932 4311.5515287832 2980.3328249958 3196.0156839810
2980.3328249958 3196.0156839810 2875.8856457417 2978.0667810875
2875.8856457417 2978.0667810875 2920.5195817254 2820.3129919848
2920.5195817254 2820.3129919848 3162.2331335132 2748.8873402363
3162.2331335132 2748.8873402363 3234.4738087405 2437.3508529902
3234.4738087405 2437.3508529902 3399.4809769159 2380.3422206874
978.2643336937 659.8476289439 1096.2545476526 488.0839751016
653.5062977526 250.8575667540 630.0000000000 0.0000022616
