17 4
-1720.0000000000 0.0000000000 -972.8578592325 631.7812799772
-695.6974680414 890.4521508541 -331.4329989864 1329.3051444958
-1158.4979375767 5018.0058318649 -710.2124785263 4484.1050651546
-222.6769641272 1584.4289096224 -56.5371874994 1619.0131396717
-60.5598564955 3469.4715020852 361.9519442107 2947.8620710749
305.2943894388 1570.6034941312 440.9040625910 1909.7653278847
677.3813020441 2716.8280349777 954.8625062889 2938.7646374087
954.8625062889 2938.7646374087 1057.1854450620 2754.0622605070
1010.0576405924 2166.0756133341 1302.9527282856 2557.1887274609
1309.8256543754 2463.4237871588 1494.3723193189 2391.4956347971
1579.4531955775 2432.1446509162 1662.2859779480 2127.6290389815
1662.2859779480 2127.6290389815 2447.0310214717 1141.0693142642
2447.0310214717 1141.0693142642 2758.8210647556 791.0792202181
2758.8210647556 791.0792202181 2998.2137917180 747.5386673288
2998.2137917180 747.5386673288 2679.5176760991 618.6154083698
2679.5176760991 618.6154083698 2686.5122849677 425.5017540713
2686.5122849677 425.5017540713 2180.0000000000 0.0000078257
