29 4
-1020.0000000000 0.0000000000 -817.5325802024 297.5575243672
-817.5325802024 297.5575243672 -463.5919273656 187.3032965046
-375.3586899309 282.8530606045 -804.4890724244 750.1981953788
-804.4890724244 750.1981953788 -553.8916467301 534.8869447674
-553.8916467301 534.8869447674 -701.6049548301 726.5331976984
-701.6049548301 726.5331976984 -567.0136137791 907.4114622315
-2333.1224839115 3882.9678694353 -2097.4361139687 4116.4501391150
-2882.2565530841 6181.0191038536 -2461.6061172313 5799.1805734612
-2461.6061172313 5799.1805734612 -2318.6406418700 6040.2653562462
-1560.5358284900 4802.8354050497 -1361.3881848388 5080.7698442442
-1361.3881848388 5080.7698442442 -1189.9910853943 5154.4176408865
-432.4563200658 2034.5470088536 355.6251835731 1426.3347183633
355.6251835731 1426.3347183633 479.6089955857 1672.5953519466
957.9526762121 2948.2752025783 964.4967983651 2649.9331927321
964.4967983651 2649.9331927321 1093.0222398098 2847.4203032361
1093.0222398098 2847.4203032361 1187.6709917166 2667.5527390166
3240.6022460986 4990.0898872246 3489.3637048643 5173.1944613725
3638.3906991065 5007.8152043237 3851.6161352273 5111.2672740580
3681.5242759453 4546.3038839947 3934.4879538868 4369.6915841647
3934.4879538868 4369.6915841647 3917.8731985466 4057.0764843801
3917.8731985466 4057.0764843801 4064.2698612681 3924.8198041168
4064.2698612681 3924.8198041168 4228.4940464879 3807.3531618195
4228.4940464879 3807.3531618195 4505.6161830725 3916.6724155634
4505.6161830725 3916.6724155634 5098.5810612000 3439.0363711907
1601.8607817261 1040.2605615748 1757.9856084156 974.4673419892
1757.9856084156 974.4673419892 1606.9646164131 854.4382491416
1644.3818214789 732.1259626524 2007.1979145258 770.4910978872
2007.1979145258 770.4910978872 2436.0594479299 342.3658367180
2570.6945316620 315.6416082887 2940.0000000000 0.0000105540
