25 4
-1050.0000000000 0.0000000000 -1143.7502835077 1104.5068080262
-1143.7502835077 1104.5068080262 -512.4881717906 1151.0672759551
-1457.4271138528 3433.4831014302 -1498.4263786932 3708.7354162351
-1498.4263786932 3708.7354162351 -1289.2498969521 3744.2535575478
-1289.2498969521 3744.2535575478 -1303.9778092728 4265.1192096967
-1604.2094191114 5594.5430679935 -1578.7961839385 5892.1475380018
-1688.6148415509 6772.6641668470 -1628.6456442826 7054.4392665441
-1794.2779048885 8441.4137915416 -1517.6850865415 8607.2197589053
-1999.6295341819 19025.2038550452 -1658.5738166245 18957.5851018743
-1658.5738166245 18957.5851018743 -331.9448041916 19017.1031612854
-331.9448041916 19017.1031612854 -0.0000339056 18890.0000000000
463.4652918581 13271.9101836639 684.0309238872 13052.0880205110
901.0353369541 8572.7787397996 1027.3585487191 8367.1640603238
921.3259155431 6555.5746168699 1016.8240100860 6419.9742158760
935.6025997260 4401.6642052053 953.7924619316 4131.3290766486
953.7924619316 4131.3290766486 1165.9460065101 4066.1369762839
1165.9460065101 4066.1369762839 1125.6310553259 3681.7733128597
496.2285305468 1169.0411650029 1266.0380452800 1222.5987354417
1266.0380452800 1222.5987354417 1285.6909673488 712.6701456339
1285.6909673488 712.6701456339 1576.9755471706 735.3557803036
2837.8717114775 1032.9008418990 2849.7881699376 871.2676893377
2849.7881699376 871.2676893377 3284.1478064871 879.9847641555
3317.8998778794 644.9344155554 3633.9406064426 640.7617879113
5268.2261231654 740.4009151789 4992.5071406409 613.0028145530
6935.7723386527 242.2025317367 6940.0000000000 0.0000249132
