15 4
-1120.0000000000 0.0000000000 -1251.6982038870 505.7189005623
-4565.7040740131 1938.0263952125 -3938.2488379931 2006.6380067282
-2893.3411295404 1951.5832311510 -2157.4934215019 2011.8951603342
-1201.2974675835 1160.0794776124 -1191.0524805851 1322.7977882096
-1856.6470541303 2135.8281102161 -1871.6447246282 2483.7564342688
-1871.6447246282 2483.7564342688 -1671.9867841459 2478.8223400723
-1215.0000025182 2104.4417297423 -1352.0781039676 2542.8890657619
-1352.0781039676 2542.8890657619 -1113.5837196999 2623.4388308515
-991.8584194488 2725.1085988945 -843.6163983718 2596.3842882744
-843.6163983718 2596.3842882744 235.3205003227 2689.7256852936
235.3205003227 2689.7256852936 899.2394476701 2767.5744643557
899.2394476701 2767.5744643557 1063.6826393317 2922.4440529776
1063.6826393317 2922.4440529776 1030.1681261985 2549.7556023597
1030.1681261985 2549.7556023597 1192.3695136106 2444.7198086922
1192.3695136106 2444.7198086922 1420.0000000000 0.0000050975
