25 4
-1080.0000000000 0.0000000000 -1140.0129758670 263.1927332868
-1140.0129758670 263.1927332868 -647.1703036656 173.4087600251
-647.1703036656 173.4087600251 -1084.2044287029 352.2793731982
-1084.2044287029 352.2793731982 -826.8905228044 403.3014546172
-826.8905228044 403.3014546172 -1191.9792507135 633.7866090953
-1191.9792507135 633.7866090953 -792.4450597972 688.8619797921
-1138.9372624492 1221.3606806364 -1169.8734510197 1394.2008853100
-1169.8734510197 1394.2008853100 -1019.4990347813 1258.9764565234
-928.7006999987 1278.2468501123 -1118.3858087933 1658.0751438610
-985.0000020415 1706.0700442767 -1248.4738773623 2450.2679399494
-1248.4738773623 2450.2679399494 -1062.7886728364 2503.7731999705
-528.4190627164 1626.3066421059 -182.9248136340 1740.4133165880
-182.9248136340 1740.4133165880 -117.7559054452 2246.9164529935
94.9266260432 2718.3430496661 150.6739792479 2154.7383488437
138.5776279678 1583.9495702284 197.6258006150 1406.1806579993
197.6258006150 1406.1806579993 338.8960527896 1594.3805898855
494.8923151532 2143.6141435441 487.8781161993 1701.4332028422
831.1089432720 2283.4530703330 934.2484058090 1757.0657119878
934.2484058090 1757.0657119878 1384.1745485973 1836.8616766146
1384.1745485973 1836.8616766146 1548.2993037643 1781.1146133708
2382.1049516730 2645.5955849705 2630.4372189319 2630.4372330960
2910.7877250281 2714.3534810017 3139.5918461611 2729.2055693038
7151.8754906298 3802.7196802458 7475.5447263180 3808.9803156251
1684.5238795791 715.0379704098 1671.0516780067 447.7569535262
779.4960512288 179.9608460712 581.0365739299 102.4524267934
