28 4
-2032.2371841249 177.7977150026 -2349.1095955230 763.2719752628
-2512.9782504145 1066.6959796230 -2247.3218262797 1000.5721408908
-2247.3218262797 1000.5721408908 -2637.3793123212 1343.8118778089
-3994.3065344896 2495.9197319893 -3735.3333237835 2615.5085471535
-3174.0750675655 2959.8728799493 -3026.4170261945 3026.4170207624
-2333.3190259350 2780.7413261952 -2401.2419457448 3186.5556825506
-2401.2419457448 3186.5556825506 -2196.7977546658 3137.3523272172
-2196.7977546658 3137.3523272172 -2222.1272667511 3421.7759146913
-1890.1897386214 3145.8039913527 -1735.0000035959 3005.1081490559
-1735.0000035959 3005.1081490559 -1415.4435220883 3179.1381907332
-1415.4435220883 3179.1381907332 -1209.9793007948 2994.8038486098
-1209.9793007948 2994.8038486098 -848.9264726751 3168.2367089584
-848.9264726751 3168.2367089584 -805.3247799077 3488.2448306945
-805.3247799077 3488.2448306945 209.8671771069 4004.5044347551
209.8671771069 4004.5044347551 332.0633726776 3795.5018003587
332.0633726776 3795.5018003587 430.6572608180 4097.4302097418
430.6572608180 4097.4302097418 750.1601190365 4254.3694945088
238.5112417491 1227.0339797900 324.5325899771 1061.4982798115
324.5325899771 1061.4982798115 587.4393809303 1259.7678253282
587.4393809303 1259.7678253282 672.9974629557 1077.0210837561
797.2712436895 1138.6213435492 883.2523978113 980.9511719553
883.2523978113 980.9511719553 1250.6148265824 1166.2171991238
2675.4289529088 2016.0803351894 2998.0964760270 2099.2897657147
2450.8518884770 1415.0000073317 2702.5748905494 1498.0617346998
3222.7587087406 1713.5712139379 3288.7636429579 1464.2519253047
1188.8206441210 386.2712468095 1368.1169729199 341.1098773248
1368.1169729199 341.1098773248 1412.2210909079 148.4304227407
1412.2210909079 148.4304227407 1100.0000000000 0.0000039488
