25 4
-3775.5779058007 330.3202646371 -3860.4463919436 680.7008556845
-3860.4463919436 680.7008556845 -4425.1712223082 1698.6640789914
-2454.5943088766 1305.1309431741 -2297.2083667350 1380.3020393387
-1280.5526257069 800.1780881749 -1115.4318558441 724.3699158359
-1040.1741953768 812.6731466416 -847.1851016832 762.8088905395
-876.8124094582 876.8124078844 -686.0691273557 910.4444807287
-686.0691273557 910.4444807287 -795.1729925139 1224.4590282964
-1405.0000029120 2433.5313829531 -1563.3403077125 2940.2154822872
-1502.7085578434 2949.2315931755 -1288.8111749326 2642.4544944745
-2273.6862544857 4875.9358913098 -2022.8756112359 5006.7928119173
-791.0792152663 2758.8210661755 -633.8353703243 2542.1748018824
-736.2257126456 5238.5180824389 -470.6410199565 5379.4513688976
-276.2356428021 3950.3536385551 -63.7012899737 3649.4440872078
64.9229451965 3719.4334260996 135.4100400911 3877.6364090825
246.5023451805 4703.5451091512 371.2834560647 4243.7894145743
681.1881064354 3504.4090462803 866.0803790421 3473.6587018644
722.1051301927 2694.9330568586 742.6241248124 2429.0140817308
742.6241248124 2429.0140817308 1118.5257627468 2512.2500110602
1212.9144052302 2601.1033515770 1474.0914361741 2105.2207574975
1557.6309131878 2143.8950390077 1769.5759041982 1708.8595961287
1807.8648815253 1516.9787639079 1717.0663429116 1293.9023046738
1852.6489132531 1346.0282330703 2135.5712571713 906.4962247818
1616.1550359713 494.1081862352 1750.8842040666 372.1619324301
1750.8842040666 372.1619324301 2002.5194529213 389.2503573175
1274.1179586795 201.8004642470 930.0000000000 0.0000033385
