24 4
-1390.0000000000 0.0000000000 -1310.1609201890 160.8675331119
-1310.1609201890 160.8675331119 -1128.8712610130 219.4303444354
-1128.8712610130 219.4303444354 -1144.0774766244 393.9374664596
-1144.0774766244 393.9374664596 -1409.3194591913 569.4020213738
-1409.3194591913 569.4020213738 -1434.8504933958 1771.8927906625
-1328.3946721500 1828.3784058568 -1415.9388078342 2903.1047677390
-1415.9388078342 2903.1047677390 -1259.4024234884 2700.7972037366
-1411.3761556456 3170.0027361621 -1211.2836738054 3155.5018398937
-1489.4619194696 4584.0924064039 -1315.6726775174 4303.3713999182
-1315.6726775174 4303.3713999182 -1151.7447571355 4298.3699252636
-1151.7447571355 4298.3699252636 -1117.6791644650 4482.7662537010
-1488.6477171497 7003.5368189383 -675.4570193820 7720.5089090660
272.5650549256 7805.2423595192 687.6587953874 7859.9761692467
976.9420462043 5025.9311812199 1002.1343401509 4714.6714375755
1002.1343401509 4714.6714375755 1231.9786450600 4597.8069357158
1231.9786450600 4597.8069357158 1210.0479831157 4219.9388477272
1585.2571706349 4878.9199320086 1621.3293989608 4708.6825100091
1203.9108972500 3307.7180278075 1282.4448013756 2134.3465818430
1282.4448013756 2134.3465818430 1225.4378241549 1887.0087808832
1351.9060755969 1860.7390904595 1407.7903060289 717.3049938841
1407.7903060289 717.3049938841 1082.9532934186 415.7068249066
1082.9532934186 415.7068249066 1101.0381723607 254.1946950756
1101.0381723607 254.1946950756 1299.9462331990 229.2155989276
1270.4590735627 155.9927639419 1380.0000000000 0.0000049539
