24 4
-3465.2444856092 181.6057679557 -3641.1087834687 254.6111288756
-3709.5666697703 389.8911675445 -3334.9550695720 409.4809933757
-2683.6264663498 377.1591031736 -2553.3336986860 780.6324507440
-2553.3336986860 780.6324507440 -2941.2379034869 1070.5230474362
-2046.3418255555 911.0900795103 -2136.7331753530 1136.1211807487
-710.1408313485 409.9999995751 -843.7266060300 590.7837288526
-2427.0509843909 1763.3557551349 -2521.6344130346 1970.1167191311
-2521.6344130346 1970.1167191311 -1962.2449099740 1705.7534737708
-1813.3439451604 2013.9224753079 -1656.1293708243 2119.7489254846
-1822.9688683330 2702.6624844935 -1694.4752697723 2820.0804173161
-1935.0000040104 3351.5183103304 -1766.6357261832 3622.1400043308
-539.4334963296 1335.1447498446 -346.0990352295 1065.1832977536
-346.0990352295 1065.1832977536 -411.2672250196 1649.5027340458
-411.2672250196 1649.5027340458 -219.8935020756 1564.6235482521
15.7071641604 899.8629256693 75.3637743227 1438.0265301864
75.3637743227 1438.0265301864 259.5002310230 1335.0129700115
605.6418312389 1577.7509221210 561.2965645784 1260.6927328229
561.2965645784 1260.6927328229 749.0843211398 1470.1607666587
749.0843211398 1470.1607666587 680.7987911972 1048.3382116018
1378.1563983860 1828.8753214989 1909.0791948704 2275.1520010129
1411.1066505759 688.2427047927 1381.6990295340 530.3845697084
2154.0565105547 537.0666153625 1985.6396280755 422.0607390129
1452.8082305507 282.3973180539 1404.6345238805 122.8896021765
1404.6345238805 122.8896021765 1700.0000000000 0.0000061026
