17 4
-980.0000000000 0.0000000000 -1210.0000025078 2095.7814757105
-1210.0000025078 2095.7814757105 -611.9149330631 2134.0009640800
-2161.7796466238 9363.6963192664 -2010.5060649214 9458.6872959684
-2801.5545549253 19934.0962191863 -1050.3826765709 20042.4947607018
257.5582721320 7375.5043038735 373.1553548061 7120.2285834922
373.1553548061 7120.2285834922 510.6173741178 7302.1688488592
510.6173741178 7302.1688488592 621.4204323336 7102.8681985715
675.1561518273 5498.7056813990 736.2256938404 5238.5180850818
435.0445049504 2238.1099791370 1175.8353889407 2307.7069003915
1175.8353889407 2307.7069003915 1224.6324541110 1815.5922869240
1224.6324541110 1815.5922869240 1466.3165064876 1810.7500939671
2108.3433532575 2512.6257788964 2275.0440549686 2526.6924126122
2275.0440549686 2526.6924126122 2229.8533630026 2309.0807650461
2229.8533630026 2309.0807650461 2390.0209139758 2390.0209268453
2390.0209139758 2390.0209268453 2120.9257292918 1977.7952499761
2732.0486738228 2374.9336925192 2774.9282849162 2016.1034233323
1365.3574322936 853.1700194455 1460.0000000000 0.0000052411
