32 4
-831.4254606660 176.7249369961 -1409.7064442374 541.1356032230
-4855.8283285259 5207.2383509770 -4623.6924948555 5135.1307396226
-4623.6924948555 5135.1307396226 -4756.4279655282 5471.6444519670
-4756.4279655282 5471.6444519670 -4329.7242958611 5346.7642104202
-2905.9221673943 3719.4107540101 -2747.4311344254 3923.7382891307
-2747.4311344254 3923.7382891307 -2779.1887348513 4120.3167324947
-2779.1887348513 4120.3167324947 -2603.3745919290 4008.8453118197
-2603.3745919290 4008.8453118197 -2492.7842874462 4148.6897324651
-2492.7842874462 4148.6897324651 -2234.9723542407 4031.9968471937
-1345.7994241644 2759.2977204207 -1208.6882319385 2592.0402693580
-1423.5050597586 3523.2986454233 -1245.3384928346 3832.7577588813
-803.1806982735 3221.3818100189 -413.3441146611 2941.0961634865
-413.3441146611 2941.0961634865 -326.6098447289 2660.0236858581
-196.7132607833 2813.1306213953 46.2488722502 2649.5963922484
135.0267623282 2576.4641999172 409.1689111325 2911.3881228999
409.1689111325 2911.3881228999 545.7137211219 2807.4537457595
440.7727803154 2073.6729144523 413.9099363099 1792.8409200551
677.1998797031 1860.5913906417 781.2421255034 2035.2053314933
1030.1681261985 2549.7556023597 1187.9858021635 2435.7318682191
1656.1293632148 2119.7489314298 1834.5755833498 1967.3414622217
3653.9030185027 3783.7273595460 4384.5089407371 3303.9644896089
4384.5089407371 3303.9644896089 4333.3143055145 3034.2193608280
4333.3143055145 3034.2193608280 4078.8648489600 2751.2290969526
2658.6979850263 1535.0000079535 2516.4006355920 1337.9939615680
2516.4006355920 1337.9939615680 2797.7604816017 1425.5301777191
2797.7604816017 1425.5301777191 2991.6407697443 1269.8761769573
2991.6407697443 1269.8761769573 2707.3768518882 1093.8512613055
2707.3768518882 1093.8512613055 3034.1363824227 1164.6958456434
2852.6694328968 711.2503825070 2719.1072963686 528.5409263576
2719.1072963686 528.5409263576 2402.9309159133 423.7015616541
2402.9309159133 423.7015616541 2263.0052247835 277.8621107715
1810.0298489101 190.2418094282 1700.0000000000 0.0000061026
