30 4
-1393.3491927263 321.6800073505 -1630.0968202572 406.4287841523
-1630.0968202572 406.4287841523 -1627.0209025095 1056.5997268584
-3581.4423150758 2415.7133405652 -3718.9502828897 2604.0370184379
-4282.0742503249 3467.5553513541 -4302.8085427593 3874.2662072137
-2524.8827013282 2438.2508780955 -2339.2543773657 2508.5431943611
-1873.5656997967 2080.8055095432 -1645.5362827531 1961.0737727437
-1787.3906212687 2371.9474629512 -1683.1706422339 2495.4030915109
-1683.1706422339 2495.4030915109 -1530.4356910712 2356.6642941869
-1530.4356910712 2356.6642941869 -1570.8661315519 2614.3602652931
-1570.8661315519 2614.3602652931 -1171.4015355214 2631.0109164688
-905.0794731128 2628.5416388845 -709.1641875396 2646.6367629713
-709.1641875396 2646.6367629713 -548.8805762499 2377.4629572331
-548.8805762499 2377.4629572331 -467.1136021506 2649.1328548576
-467.1136021506 2649.1328548576 -313.2042167736 2550.8436091998
-183.8986207608 2101.9708126618 226.8267611590 2158.1125133834
226.8267611590 2158.1125133834 265.8206191371 1891.4120118159
265.8206191371 1891.4120118159 690.8806853537 1898.1790955032
690.8806853537 1898.1790955032 926.0327696031 2181.5965047692
926.0327696031 2181.5965047692 2160.3875261489 2237.1467848266
2160.3875261489 2237.1467848266 1949.4108538118 1882.5241892312
2428.0942831892 2264.2345620416 3292.9912113740 2305.7772836538
3292.9912113740 2305.7772836538 3706.9239032614 2407.3045456339
3706.9239032614 2407.3045456339 3702.9627324215 2224.9644946150
2753.9607792780 1590.0000082385 2931.3860035668 1558.6455973353
3359.0945909677 1711.5441942678 3715.8619214940 1732.7348846234
3855.6871567402 1480.0596438484 3873.8846309983 1110.8185566128
3873.8846309983 1110.8185566128 3784.1533293529 943.4954053665
3784.1533293529 943.4954053665 3851.0790667369 472.8530656989
3885.1593213715 339.9074102754 3651.0844230548 255.3087067189
3674.9566872170 192.5963319465 3307.9836370231 115.5173458283
