20 4
-6380.0000000000 0.0000000000 -6352.2953706133 779.9637969061
-3683.7972158012 517.7239349837 -3670.5181401927 983.5123702915
-3670.5181401927 983.5123702915 -3500.0754071875 1070.0804380986
-1725.6845693308 841.6726009402 -1399.2793592161 874.3667850918
-1399.2793592161 874.3667850918 -1600.0425157630 1079.2423026136
-1581.2983107729 1191.5937446742 -1828.1849494501 1428.3346213700
-1828.1849494501 1428.3346213700 -1221.3606826807 1138.9372602570
-1221.3606826807 1138.9372602570 -860.5954843146 1142.0487784580
-860.5954843146 1142.0487784580 -830.8026165720 1630.5419382209
-691.4522952730 1553.0272770823 -704.5614979533 1935.7667978354
-704.5614979533 1935.7667978354 -203.8305066207 1939.3176956267
602.0581517641 1568.4151178481 587.4173339111 1204.3840233998
587.4173339111 1204.3840233998 768.3829301463 1229.6697412964
1753.7376861239 2700.5192330862 1755.1438889855 2506.6052598997
1049.6944432300 1207.5353310988 1200.3171102958 1287.1825180335
1200.3171102958 1287.1825180335 1397.1122684354 1257.9655437997
1743.3791261135 1515.4963618009 1714.2546231317 950.2268608452
1426.7825209550 605.6332536258 1393.3491915715 321.6800123523
1393.3491915715 321.6800123523 1841.8986069714 258.8619741039
1841.8986069714 258.8619741039 1709.7395586109 29.8436211113
