16 4
-1626.3066430544 528.4190597973 -1224.1509135020 545.0271011356
-1892.2412232324 1324.9615666501 -1268.6973140580 991.2149743128
-1268.6973140580 991.2149743128 -1216.2236647324 1216.2236625494
-1216.2236647324 1216.2236625494 -1561.7762461130 1674.7999752440
-1561.7762461130 1674.7999752440 -1065.1377230804 1704.5766720424
-1065.1377230804 1704.5766720424 -760.0000015752 1316.3586128429
-683.8589907806 1402.1187113538 -380.4639984245 1419.9109640759
-380.4639984245 1419.9109640759 -360.6290041847 1855.2753761479
-360.6290041847 1855.2753761479 -214.4900472847 1746.8812265337
-0.0000017410 970.0000000000 338.5908784978 983.3393193593
338.5908784978 983.3393193593 444.3762548735 1157.6397298402
444.3762548735 1157.6397298402 572.0753494414 1032.0512557822
572.0753494414 1032.0512557822 422.3312197301 702.8771875949
487.5399691626 696.2792388610 530.3300844621 530.3300873177
530.3300844621 530.3300873177 953.4930097545 744.9503878443
953.4930097545 744.9503878443 1000.0000000000 0.0000035898
