16 4
-1210.0000000000 0.0000000000 -1220.7770657390 1309.1231247540
-1220.7770657390 1309.1231247540 -1324.8786019991 1471.4267531770
-1902.5711862113 2188.6577807868 -1245.9607267676 2247.7726458325
-1245.9607267676 2247.7726458325 -1288.8111749326 2642.4544944745
-1093.0222500315 2847.4202993124 -1173.1290961067 3223.1456876579
-1289.2498969521 3744.2535575478 -1234.8553604156 4306.4523959813
-1234.8553604156 4306.4523959813 -530.1316509592 4317.5757587622
-474.3440330945 6783.4355409532 -345.4173226392 6590.9549287809
-0.0000117207 6530.0000000000 458.3000202123 6553.9958110662
532.5690222897 4337.4266837028 1251.3935861835 4364.1281022054
1251.3935861835 4364.1281022054 1330.4583495178 3655.4042977759
1182.6142266795 3080.8154100587 1187.8226243011 2798.3347571723
1357.4315880049 2664.1095104906 1334.9999944662 2312.2878312994
1481.4181696451 2281.1839484455 2088.2981233186 2771.2652251533
3942.9147523828 4535.8045874400 4235.2098039414 4541.7064982888
1333.7440675903 1381.1324202145 1410.0000000000 0.0000050616
