23 4
-1100.0000000000 0.0000000000 -1009.1075553973 251.5987711419
-1009.1075553973 251.5987711419 -634.4327193773 181.9206546368
-608.5887837246 365.6770328099 -939.3110365003 609.9957185986
-939.3110365003 609.9957185986 -898.1044011035 780.7102437643
-542.4957230076 488.4653421876 -341.2566096058 379.0038606668
-276.9882226878 520.9390794443 -509.6100155099 1400.1420042596
-403.4729544387 1319.7005626416 -253.5263416877 1437.8193189933
-253.5263416877 1437.8193189933 -276.9544741332 1970.6334563428
-169.9537016510 1942.5796609908 -161.8350230558 2314.3485963252
-41.3622074624 2369.6390374472 -0.0000049360 2750.0000000000
55.1495986078 3159.5187167943 102.9535098631 2948.2029398952
102.9535098631 2948.2029398952 163.8115372431 3125.7104440856
258.3630039483 2104.1978419794 706.4828907118 2051.7753105863
706.4828907118 2051.7753105863 861.8907559858 2368.0254062713
861.8907559858 2368.0254062713 1039.3447962635 2448.5429125258
998.7790948531 1960.2143555449 899.9999962694 1558.8457289659
899.9999962694 1558.8457289659 1083.8316755859 1668.9544328701
1521.0046918639 2254.9822011111 1287.8841452166 1709.0799947632
1287.8841452166 1709.0799947632 1465.5557455571 1746.5813341109
1863.2076367333 2143.3752127004 1704.0541204310 1589.0561836015
1704.0541204310 1589.0561836015 2113.4122699863 1479.8272118972
2105.0631215353 1367.0439840591 2372.9096022710 1370.0000070985
708.7887362163 300.8629711560 600.7327289783 105.9253904135
