29 4
-1680.0000000000 0.0000000000 -1509.7700196867 26.3531336902
-734.1093076704 342.3207916440 -840.0239550001 504.7373128925
-2849.4416042219 1780.5287260051 -2984.5352625632 2013.0944504710
-2490.2222158556 1743.6723647690 -2289.5180952754 1663.4322623439
-2289.5180952754 1663.4322623439 -2113.8370164943 1711.7514620114
-2113.8370164943 1711.7514620114 -2229.4344781136 2007.3918172092
-2574.3650317582 2400.6342252123 -2251.5335769679 2174.2806975609
-2475.6540495153 2654.8139345571 -2167.9831669076 2407.7892324714
-2167.9831669076 2407.7892324714 -2361.8125070209 2716.9544864940
-2361.8125070209 2716.9544864940 -2101.9154861728 2504.9653269031
-2101.9154861728 2504.9653269031 -2290.7262262986 2828.8112973735
-2290.7262262986 2828.8112973735 -1850.0000038343 3204.2939917887
-1850.0000038343 3204.2939917887 -1302.9527374654 2557.1887227836
-1302.9527374654 2557.1887227836 -1002.1190237879 2753.2993775037
-774.8522107944 2250.3342088292 -490.3791220924 2522.7818606879
-173.9663782244 1237.8350856425 -74.6394287369 1067.3935336500
57.5695498298 1098.4924883368 124.6327094302 1424.5584185073
103.4831767499 984.5766766127 212.9348415077 1515.1101455908
212.9348415077 1515.1101455908 387.0750297395 1552.4731628444
387.0750297395 1552.4731628444 705.6021597930 1174.3192036646
705.6021597930 1174.3192036646 544.6390329577 838.6705692814
544.6390329577 838.6705692814 794.3958278906 1054.1988752745
794.3958278906 1054.1988752745 966.0882707266 869.8697909254
966.0882707266 869.8697909254 674.1191083654 565.6530984063
780.0222422462 468.6846504860 1110.7670262129 615.7082210579
1184.0127008151 430.9453843684 1359.6251640517 288.9972547921
1359.6251640517 288.9972547921 1168.1363475374 227.0627084352
1153.6453982064 121.2530213938 1444.4823117920 126.3758320255
1444.4823117920 126.3758320255 1600.0000000000 0.0000057437
