17 4
-1400.0000000000 0.0000000000 -797.0915046273 1877.8298999779
-795.2510406328 2601.1489350617 -682.2197497383 2736.2339470643
-667.3965324093 3139.8537973173 -437.0035420996 3109.4417351339
-437.0035420996 3109.4417351339 -344.9439342813 3281.9222541374
-419.2191307390 4791.6964971106 -259.0629919794 4943.2161965856
91.7996483155 5259.1988766892 423.4217842753 6055.2137858709
600.5030545272 6863.7814709898 735.8803679996 7001.4341448015
1814.6234360953 10291.2410225965 2110.3036416042 9928.1981517409
3237.0456432065 14021.1852389089 3825.3454567199 14276.3837205629
5120.0415147252 14067.1985443972 5368.3518532298 13985.0348008120
3178.0893126590 6815.4345658045 3192.4066128147 6004.0436389534
2527.1251129239 3891.4314414659 2482.8164823073 3680.9268282843
1739.8443407682 2394.6903077218 1948.4953102458 2241.4874583522
1948.4953102458 2241.4874583522 1725.4558460502 1850.3248696732
1725.4558460502 1850.3248696732 1701.9496517152 1378.2116611850
1701.9496517152 1378.2116611850 1425.9446219941 961.8117981216
1474.5224776978 784.0175143223 1220.0000000000 0.0000043795
