26 4
-1918.8303878793 67.0070335923 -2104.8601460600 147.1861594322
-2709.6495788332 237.0636200034 -2898.2347628423 355.8584823384
-2723.0934980813 937.6362838048 -2365.7817508167 1421.5050852891
-2365.7817508167 1421.5050852891 -2277.3510792718 1779.2616619653
-2277.3510792718 1779.2616619653 -1800.2044425346 1510.5508813273
-2208.6881806562 2059.6350454947 -2066.5859436433 2377.3351756822
-1022.7463405049 1407.6895691110 -872.3585843932 1788.6001510219
-330.6481854424 1017.6304719610 -67.6637811914 967.6371286360
30.0135655872 859.4761112915 301.4782095709 1550.9709504546
1323.6478472029 2202.9199659986 1474.0914361741 2105.2207574975
4321.0318517081 5734.2029730839 4254.2207806002 5445.1543182824
4254.2207806002 5445.1543182824 4562.5728206160 5634.3082323011
4562.5728206160 5634.3082323011 4520.2466961594 5199.9490195444
3158.2964527799 3507.6435845676 3358.7572015932 3358.7572196790
3358.7572015932 3358.7572196790 3546.3452063809 3424.6657759816
3546.3452063809 3424.6657759816 3495.8706848327 3259.9521706503
3495.8706848327 3259.9521706503 3652.7943594758 3175.3257104400
3652.7943594758 3175.3257104400 3582.6428741585 2901.1670128142
2459.4116577683 1786.8671740321 2350.9663623491 1646.1643791260
3222.5827594508 2013.6932135980 3658.0917629579 1784.1705786665
3317.0864957727 1546.7828482248 3023.8354606085 1346.2982979885
3023.8354606085 1346.2982979885 2815.1272852785 914.6903124450
2815.1272852785 914.6903124450 2562.8967434338 783.5561769883
2562.8967434338 783.5561769883 2726.5309885850 679.8005356615
2726.5309885850 679.8005356615 2562.7467120975 544.7286385289
2679.7637370486 234.4489573438 2384.1780795358 166.7179806170
