26 4
-1470.0000000000 0.0000000000 -1531.5637188864 160.9738332489
-1531.5637188864 160.9738332489 -1191.3534054106 410.2158741646
-1191.3534054106 410.2158741646 -1464.9504904752 591.8784169544
-1086.1957272854 461.0627311191 -1341.3355251261 625.4750267075
-1341.3355251261 625.4750267075 -1543.1538456791 1002.1358234121
-1543.1538456791 1002.1358234121 -1793.9429778697 1256.1323943566
-1793.9429778697 1256.1323943566 -1639.3351093719 1375.5654834214
-1639.3351093719 1375.5654834214 -1381.1185327894 1200.5880219233
-1381.1185327894 1200.5880219233 -2171.5553883998 2498.0887084153
-1780.5216809476 2121.9431056641 -1567.0077756823 1935.0934424340
-3774.0048487558 4830.5059156954 -2733.0228151714 5363.8592721801
-1468.5433455865 3010.9600532278 -1100.4203665904 3195.8527839675
-973.5977813629 3184.4948359395 -865.5013017199 3018.3617239690
-846.3382822097 3158.5774506993 -700.6624031836 3296.3574133830
-231.5230106209 1461.7787437068 -20.5938416901 1179.8202802480
-20.5938416901 1179.8202802480 25.6550347954 1469.7761119265
128.9904964732 1474.3681534202 173.5172458636 1650.9063466435
252.2695368741 2054.5705343856 269.9412628108 1169.2440782968
269.9412628108 1169.2440782968 408.3211845660 1010.6304023898
408.3211845660 1010.6304023898 446.0248487170 804.6501316268
446.0248487170 804.6501316268 1076.7204712318 1114.9766934023
1076.7204712318 1114.9766934023 935.1417379909 903.0558841331
935.1417379909 903.0558841331 1199.4200675995 1118.4773137796
1199.4200675995 1118.4773137796 1447.0584123740 705.7775507747
888.1816300156 414.1658992514 931.4838964561 232.2450228594
1071.9498433185 131.6188945760 770.0000000000 0.0000027641
