28 4
-818.0025212176 57.2003084049 -477.3705097828 50.1736623114
-410.7753877248 157.6818976279 -857.1673010205 515.0380743801
-857.1673010205 515.0380743801 -756.6042565486 756.6042551906
-3125.9626700351 3237.0290986562 -2950.3951319674 3516.1439909741
-4493.3475977396 5548.8221602326 -3720.6806525264 5121.0775703865
-3625.0030834172 5177.0409159302 -3657.1215947540 5421.9057204256
-2707.8874452443 4333.5257682271 -2525.0000052332 4373.4282860900
-2525.0000052332 4373.4282860900 -2450.6415634413 4608.9864316934
-2450.6415634413 4608.9864316934 -2305.8322381448 4727.6566805905
-870.5936216061 1866.9940401669 50.2552726111 1439.1227909997
50.2552726111 1439.1227909997 87.9244033765 1677.6976185508
202.9913331534 2902.9113866366 321.9476609998 3063.1274383507
321.9476609998 3063.1274383507 338.7967693285 2759.2783022183
2024.7592362841 5562.9803194944 2186.0444796196 5694.8406064722
2402.9964274512 5661.1048541479 2590.9124031625 5819.2845710739
2582.0060423406 5293.8969386754 2929.9999878548 5074.9088731889
2929.9999878548 5074.9088731889 2889.3635886413 4808.7085639113
2972.8470607728 4757.5498266707 3240.7068538457 4628.2090583116
3240.7068538457 4628.2090583116 3580.7993757191 4751.8812938508
3580.7993757191 4751.8812938508 4272.1489665003 4423.9397834996
1336.4318128444 1336.4318200407 1501.8720610242 1305.5574718545
1501.8720610242 1305.5574718545 1383.3198082434 1120.1902999586
1448.1404169096 1052.1356057623 1786.3683063228 1160.0811498190
1786.3683063228 1160.0811498190 2271.6004407966 917.7861610269
2439.4379223492 839.9658463322 3023.3597999401 533.0999156878
1975.3766801233 312.8689368171 1760.3037541598 185.0153860922
1760.3037541598 185.0153860922 1985.1524595298 138.8153897187
1985.1524595298 138.8153897187 1900.0000000000 0.0000068206
