23 4
-1670.0000000000 0.0000000000 -1533.0672476228 382.2365946194
-5259.6761583419 1608.0443741918 -5055.5463005621 1840.0683690756
-5055.5463005621 1840.0683690756 -4854.6182185659 1863.5133356024
-5495.4139761811 2332.6648345602 -5609.1691111209 2497.3629858006
-4691.7049228682 2288.2973838062 -4443.7720256318 2776.7769417460
-4410.4798880100 2974.9062434738 -4352.5114320076 3162.2846542086
-4352.5114320076 3162.2846542086 -4483.7811906771 3503.1137912050
-1841.8359298131 1491.4893253556 -1279.8632750963 1279.8632727990
-1279.8632750963 1279.8632727990 -552.5172172406 3931.3642320005
-552.5172172406 3931.3642320005 -290.1869378931 4149.8664485832
-259.0629919794 4943.2161965856 -0.0000103027 5740.0000000000
235.9205853133 6755.8819910820 372.1086357183 7100.2559927952
1207.7251741170 9836.1323651018 1409.8234931196 10031.4155391075
1792.7389470132 11318.9083867598 2378.5097201923 11190.0085572331
3115.5720749416 13495.0254036754 3294.9761906573 13215.4277987132
3294.9761906573 13215.4277987132 3754.1807585504 13092.3843066162
3321.3425424681 10863.6220348276 3528.9740523685 10861.0654236916
3528.9740523685 10861.0654236916 3899.0296104120 10712.4958855129
2843.0891205818 6385.6827553856 2907.6136264753 6235.3975814807
1873.1915272251 3522.9608999153 2018.9923888671 3231.0632512684
2018.9923888671 3231.0632512684 1619.1896748160 2072.4682861191
2736.5032358243 2736.5032505595 2684.0680781038 2502.9339887629
1358.4772411274 1180.9062559488 1100.0000000000 0.0000039488
