18 4
-1070.0000000000 0.0000000000 -945.5185757227 325.5681540989
-5340.0800404225 2049.8646691626 -5252.8863825644 2338.7356951716
-5252.8863825644 2338.7356951716 -5347.2159447594 2493.4477416041
-1674.6558973271 1129.5696638754 -834.6550594925 1148.8041311136
-680.0000014093 1177.7945483332 -164.8582676232 3145.6830341909
-144.4839236097 4137.4780236055 70.8567627682 4059.3816424635
70.8567627682 4059.3816424635 155.3027521663 4447.2891805199
237.6052329340 4533.7780882265 397.4301783228 4542.6478240513
1140.4072359272 7200.2480051902 1314.5166900709 7454.9946929240
1314.5166900709 7454.9946929240 1821.6718587114 7306.3268226366
2752.2658366359 7169.8976815912 2835.7718964810 7018.7817854047
2835.7718964810 7018.7817854047 3482.1071170561 6834.0200486498
3159.9999869014 5473.2805594802 3020.5397943681 4833.8741554408
2565.2498452310 3950.1383813156 2695.8092412522 3850.0146148787
2527.4765761160 3478.7730821635 2523.5747600924 3116.3553119348
2523.5747600924 3116.3553119348 2222.0030226711 2000.7005191283
2222.0030226711 2000.7005191283 2974.3705281256 1787.1821287764
1983.1981712411 1145.0000059327 1700.0000000000 0.0000061026
