24 4
-1765.6883689697 123.4689583862 -1816.0102894556 352.9966410482
-4372.3197755025 929.3652569090 -4422.4128012883 1436.9290222560
-4422.4128012883 1436.9290222560 -4228.6167941505 1539.0906432789
-4228.6167941505 1539.0906432789 -3819.9974814923 1543.3791631975
-4494.6436525594 2001.1442817816 -4581.2743876022 2644.9999972590
-2043.7959125520 1277.1054254977 -1761.1768960821 1233.1893369254
-1761.1768960821 1233.1893369254 -2009.4274228869 1569.9367605576
-1954.6978141664 1699.1928834871 -1769.8759593337 1650.4360298335
-1769.8759593337 1650.4360298335 -1913.4438705223 1847.7912637419
-1913.4438705223 1847.7912637419 -1535.5417560903 1896.2361443932
-1158.8356708169 1928.6264252162 -969.6192426207 1749.2394130992
-969.6192426207 1749.2394130992 -989.6992918727 1942.3942214872
-989.6992918727 1942.3942214872 -756.5301583576 1699.1945502194
-756.5301583576 1699.1945502194 -748.9890172347 1951.1830903485
-748.9890172347 1951.1830903485 -608.7634816090 1873.5813362273
-413.4560358534 1441.8925432973 26.1786069341 1499.7715427821
26.1786069341 1499.7715427821 43.2753736374 1239.2446255831
43.2753736374 1239.2446255831 547.0235769808 1288.7067960662
547.0235769808 1288.7067960662 743.8081370053 1595.1017068904
743.8081370053 1595.1017068904 2090.5226315589 1692.8718578026
2284.0975538266 1721.1909727289 3060.0872580428 1838.6859365221
3446.7811011090 1990.0000103110 3489.2849750615 1627.0803184878
3472.9191823423 1333.1287833211 3662.6472116983 1119.7836409945
3605.0624412250 570.9858096912 3621.1575015544 253.2160124015
