21 4
-1070.0000000000 0.0000000000 -1051.7220932360 764.1208272251
-988.1973322850 829.1960157073 -1114.9766914697 1076.7204732330
-1114.9766914697 1076.7204732330 -1100.3115813200 2255.9730548065
-972.1005798250 2183.3736424863 -784.6192554683 2278.6997660834
-784.6192554683 2278.6997660834 -795.2510406328 2601.1489350617
-945.9982001440 4450.5715818672 -936.8721748925 4819.7894692520
-932.4907225089 5288.4176321878 -866.6469451621 5471.7934054971
-946.3770975406 6733.8228658950 -711.8388461986 6772.6941062654
-446.7135802425 12792.2025850604 -221.1220120456 12668.0702972390
-221.1220120456 12668.0702972390 1548.9593302752 12615.2615903577
1585.9049190136 6869.3089599936 1772.9104450968 6616.5919137927
1772.9104450968 6616.5919137927 1929.4614764943 6728.8318756471
1929.4614764943 6728.8318756471 1970.5852760770 6445.4940593960
1705.7737976422 5249.8319736233 1723.1903201866 4265.0457348562
1723.1903201866 4265.0457348562 1656.6999759989 3902.9405823719
1656.6999759989 3902.9405823719 1753.8657775977 3761.1773202246
1483.3096497838 2468.6418296015 1465.0789986563 2256.0238313671
1465.0789986563 2256.0238313671 1711.7514582173 2113.8370195668
1711.7514582173 2113.8370195668 1677.6004237280 891.9959743786
1677.6004237280 891.9959743786 1572.8895786674 767.1495117117
1629.2935884454 691.5941025275 1630.0000000000 0.0000058514
