21 4
-1180.0000000000 0.0000000000 -798.0512402123 55.8051789316
-798.0512402123 55.8051789316 -1083.2885283515 191.0129952176
-1083.2885283515 191.0129952176 -968.3581853075 431.1408411969
-968.3581853075 431.1408411969 -579.1542408813 295.0938245188
-579.1542408813 295.0938245188 -535.8438023390 465.8019101451
-535.8438023390 465.8019101451 -819.1161464685 763.8381625676
-819.1161464685 763.8381625676 -748.8912662899 924.8036933721
-443.2762628229 567.3677421371 -245.0000005078 424.3524475612
-251.9451825410 1091.2944721726 -258.7357870649 1467.3635515754
-173.0544699683 1409.4155350442 -0.0000026026 1450.0000000000
-0.0000026026 1450.0000000000 69.4499947890 1988.7877458954
168.2105798603 1922.6557676358 235.1890380681 2237.6742650289
235.1890380681 2237.6742650289 446.2758115565 2530.9559261314
636.2097678137 2993.1316595396 807.5154144091 3013.6885797129
622.7517267128 2036.9291315302 1047.1887752486 1889.1785699063
1207.1486097145 1388.6656307637 1507.4086597245 1560.9673707633
1838.4776261352 1838.4776360348 1565.0969174774 1459.4764948100
2207.0945255120 1787.2699167879 1945.7157139290 1263.5625669390
1945.7157139290 1263.5625669390 2329.2110093267 1086.1289398737
2364.3188261353 955.2468206606 2546.5669993722 926.8745965385
760.0086499481 175.4618249194 610.0000000000 0.0000021898
