20 4
-1210.0000000000 0.0000000000 -426.9301195912 106.4456339447
-426.9301195912 106.4456339447 -752.2354634153 350.7731568697
-2060.4796170677 1552.6827582119 -1757.2639815835 1372.9250886445
-1757.2639815835 1372.9250886445 -2083.6408866784 1748.3822966852
-2083.6408866784 1748.3822966852 -2245.2558657664 2093.7349634664
-2245.2558657664 2093.7349634664 -2049.2421948008 2122.0524091191
-1916.4153937019 2055.1038997535 -1844.8004419927 2198.5475499119
-3726.5585050581 5129.1677403239 -3478.1798653471 5156.6136974078
-1639.3634982649 2524.3984076522 -1489.0731352518 2383.0151484771
-1415.6440942262 2553.8895431248 -1257.5536873795 2468.0880704218
-1118.5257717652 2512.2500070449 -1050.0018440372 2884.8563443469
-1878.5282589428 5455.6421785481 -1678.2135931000 5489.1892967846
-1601.4530455390 5584.9304510382 -1100.9679122464 5663.9888467584
-1100.9679122464 5663.9888467584 -880.7260471593 5560.6853561279
159.8396864993 4577.2099880407 225.5679634242 4304.0932952106
452.6082377043 4306.2798078112 574.0045983947 4674.8923753410
238.5112417491 1227.0339797900 463.5484440101 256.9491001265
463.5484440101 256.9491001265 865.2745610953 367.2872634892
865.2745610953 367.2872634892 981.6271828046 190.8089986850
2521.1078462041 444.5393433748 2630.0000000000 0.0000094412
