18 4
-730.0000000000 0.0000000000 -455.5233116313 64.0196263690
-455.5233116313 64.0196263690 -782.8828102722 869.4794450591
-2473.2291399323 3054.1836260104 -2152.8926819270 3191.7946519325
-2152.8926819270 3191.7946519325 -2178.5561438736 3354.6822693052
-2930.4535366343 4689.7059683553 -2940.8674134955 4894.4252835487
-2940.8674134955 4894.4252835487 -2666.4529172069 4810.4083860228
-2998.4586518841 6147.7512728592 -2768.1496220969 5936.3160015017
-1323.6179597472 3636.6104405937 -298.5577149477 4269.5741346000
24.6078905180 1409.7852502152 338.8960527896 1594.3805898855
338.8960527896 1594.3805898855 304.8215859198 1222.5726157400
481.7848160148 1033.1908783267 678.2966555774 1085.5015647306
2166.1942379506 2581.5697789271 2442.3267060692 2712.4786194220
2775.7333175590 2976.6095729525 2769.4582240500 2674.4347337787
4459.0343057928 2079.2818615481 4602.5242611451 1953.6556568573
1594.7562278246 644.3233457005 1888.7821655860 687.4604941116
1888.7821655860 687.4604941116 2089.4656240374 293.6552501931
2089.4656240374 293.6552501931 2440.6770095795 213.5315782499
2440.6770095795 213.5315782499 1990.0000000000 0.0000071437
