25 4
-1745.7370879644 122.0738289130 -1855.2753767952 360.6290008547
-1855.2753767952 360.6290008547 -1685.6602121794 389.1653235779
-4661.7230405475 2584.0352732168 -4465.8416383170 2683.3483675204
-4465.8416383170 2683.3483675204 -4206.3185586133 2628.3995479123
-4184.9661358363 2717.7487819707 -3866.3976509338 2707.2807768781
-3170.7555247415 2567.6271930172 -2799.9725446167 2433.9789952653
-2799.9725446167 2433.9789952653 -2834.2061541652 2934.9063827816
-2834.2061541652 2934.9063827816 -2357.9834536272 3018.0811838684
-2280.6067822753 3138.9859357187 -1910.7912616582 3180.0906833565
-1661.9293361269 3125.6344766657 -1424.2235460254 3054.2572404673
-1411.3761556456 3170.0027361621 -874.8083773299 3264.8292915486
-425.1574955379 1841.5594217912 -194.4229447767 1849.8107250593
-51.1355560611 2929.5537467175 47.9941127125 2749.5811617672
97.0205957354 2778.3064992911 143.0007673417 2045.0063033007
385.4341666665 1982.8869113407 526.7110175469 1447.1266371658
526.7110175469 1447.1266371658 421.9896165280 994.1452426796
421.9896165280 994.1452426796 588.2103810085 941.3333881648
1213.4485960826 1799.0115354453 1336.4330919399 1908.6242665250
1264.6568423208 1404.5437234815 1456.3854635629 559.0540059088
817.5325791343 297.5575273020 665.7395607077 216.3118982133
4323.4123921644 918.9696879000 4034.4877213267 784.2249845955
4034.4877213267 784.2249845955 4343.0021881875 765.7884782355
4367.0821810450 613.7533902141 3978.0875800222 418.1138668751
3994.7407381281 349.4945423601 4319.4523365649 302.0455464734
4319.4523365649 302.0455464734 4410.0000000000 0.0000158310
