11 4
-650.0000000000 0.0000000000 -602.2175463632 668.8303423532
-4329.9895962050 4981.0832252389 -3544.6904913376 4703.9631504318
-3144.6511044260 4328.2409165194 -2976.8617093252 4251.3991065946
-2976.8617093252 4251.3991065946 -2826.6765966760 4352.7002444235
-2702.5882525922 4325.0452872717 -2380.0000049327 4122.2809191660
-2380.0000049327 4122.2809191660 -1044.6655839230 3643.1818260645
-1044.6655839230 3643.1818260645 -648.5466580205 4614.6491992751
-726.3412964867 5915.5750625800 -527.2922538401 6026.9779225612
-114.4703549371 3278.0019124217 273.6690263012 3128.0513525266
273.6690263012 3128.0513525266 1792.7450132916 2467.5018373485
222.2906779317 230.1887367024 779.5248449783 27.2216101952
