17 4
-1900.0000000000 0.0000000000 116.1858187475 2216.9575673706
409.1689111325 2911.3881228999 570.5188902638 2935.0652796577
805.5999056453 3231.0847701700 970.6740529044 3174.9317918686
970.6740529044 3174.9317918686 1155.7669410263 3356.5909458900
1713.5209077337 4707.8600338965 1944.2082090801 4812.0842095443
1997.0769073042 4485.5082015656 2924.8078232111 5500.7635103941
3582.7430782811 6463.4396442629 3564.9999852226 6174.7611375148
4037.9847777341 6462.1265025367 3997.6505019099 6155.8419785258
5972.1801871716 8854.1212896569 6056.9671463027 8650.2456027912
9031.7538135174 11560.1177784663 9661.0977437381 11513.6480051259
10489.3413649032 10862.0310131454 10862.0309566635 10489.3414233918
5818.8108494956 5058.2151296472 5476.6747254492 4278.8472690230
2688.3124598576 1679.8440755541 2735.3900250055 1393.7508425470
2735.3900250055 1393.7508425470 2480.6715640698 1209.9043727567
2480.6715640698 1209.9043727567 2056.0552232771 628.5991718376
2056.0552232771 628.5991718376 1746.5323058552 435.4594178614
1728.4545951079 273.7603197150 1490.0000000000 0.0000053488
