30 4
-1240.0000000000 0.0000000000 -1226.7257994854 328.7001869132
-5250.1131107813 1605.1206571478 -5257.0832810181 1810.1589367898
-5517.4603214855 2117.9545795020 -5359.1226803460 2165.2261075926
-5359.1226803460 2165.2261075926 -5344.2409283481 2379.4093594355
-5344.2409283481 2379.4093594355 -5015.2707796177 2446.1109964825
-2245.3364415707 1144.0560581346 -1223.2947325506 1223.2947303549
-1223.2947325506 1223.2947303549 -1268.2626408543 1623.3021511146
-1268.2626408543 1623.3021511146 -1071.2791979108 1782.9079841999
-1071.2791979108 1782.9079841999 -1258.1837911921 2366.2995473062
-1258.1837911921 2366.2995473062 -1250.7041483967 3258.1956867542
-1250.7041483967 3258.1956867542 -519.3624292307 3279.1252899369
-400.4021691121 5726.0176478047 -289.9412071850 5532.4076220373
-289.9412071850 5532.4076220373 -98.0825341513 5619.1440466048
-0.0000098719 5500.0000000000 481.0996895486 5498.9947343779
648.0764604542 6166.0357525241 878.1822548455 6248.5915154757
646.8424876236 3327.7161531905 1268.6225340743 3304.8747126085
1268.6225340743 3304.8747126085 1336.3004523387 3148.1266018188
1336.3004523387 3148.1266018188 1349.9999944041 2338.2685934488
1169.1364253504 1945.7697754151 1185.4889510116 1757.5596567484
1185.4889510116 1757.5596567484 1359.3320403490 1678.6352802442
1359.3320403490 1678.6352802442 1330.7786271409 1285.1179889586
1330.7786271409 1285.1179889586 1501.4471049956 1259.8637191777
4297.6171570709 3480.1417745905 4568.1951076532 3442.3819454577
4980.4444191924 3487.3447474167 5181.4848182927 3494.9556617792
4855.9025791591 3153.4600269729 4672.7450012036 2919.8551597171
4672.7450012036 2919.8551597171 4615.9153941987 2665.0000138085
4615.9153941987 2665.0000138085 4750.2580419245 2525.7570221879
4750.2580419245 2525.7570221879 5636.5754658472 2509.5651053139
6793.9776403916 2472.8056579237 6904.5203311910 2110.9237305431
1332.9776391036 357.1702866278 1380.0000000000 0.0000049539
