25 4
-11950.0000000000 0.0000000000 -11728.2134641886 204.7167272754
-11728.2134641886 204.7167272754 -11663.9929659700 611.2839682197
-1805.5909309804 126.2592173328 -1708.7008292782 270.6316242129
-874.4796109501 371.1945716637 -1105.6955004418 515.5942787724
-1105.6955004418 515.5942787724 -1014.7913876477 659.0132317003
-8019.4985175088 5615.3133062790 -8187.2519873452 5948.3867473217
-1170.1659235264 1091.1973750965 -1301.0764785509 1301.0764762156
-1301.0764785509 1301.0764762156 -995.7176066921 1067.7764034307
-995.7176066921 1067.7764034307 -1054.1716811387 1256.3128856639
-1353.0388424566 1670.8638157563 -1072.9389008577 1652.1810176328
-1005.0000020829 1740.7110604041 -1240.5903486596 2543.5871494432
-1240.5903486596 2543.5871494432 -1033.1110764668 2320.4054610524
-1033.1110764668 2320.4054610524 -1011.4378056179 2503.3964059587
-1011.4378056179 2503.3964059587 -807.1675413445 2217.6745839279
-807.1675413445 2217.6745839279 -801.0984747551 2620.2750301724
-622.9404273525 2172.4514319013 -492.7507108442 2318.2098129726
-734.6146381540 3779.2646551161 -549.7337551890 3911.5588706302
-549.7337551890 3911.5588706302 -508.1951688506 4138.9174515031
197.1821460089 5646.5581730197 286.8010300614 5472.4898509870
286.8010300614 5472.4898509870 393.4265013695 5626.2612442030
393.4265013695 5626.2612442030 589.5405220906 5609.1034910058
673.5977992793 4792.8974540257 824.8288345888 4677.8368284530
824.8288345888 4677.8368284530 1073.0165196730 4647.7452112297
1073.0165196730 4647.7452112297 1093.4869590140 4385.7366850355
275.6373537849 961.2616965210 480.0000000000 0.0000017231
