14 4
-1500.0000000000 0.0000000000 -240.9090786191 1521.0400441273
-240.9090786191 1521.0400441273 -167.3390293179 1912.6938200525
-128.3519148373 1835.5178522579 -115.1391075464 2196.9849762603
-115.1391075464 2196.9849762603 269.6834303181 2565.8664905665
269.6834303181 2565.8664905665 400.8185251910 2851.9720387591
400.8185251910 2851.9720387591 1247.1204572256 3248.8598869710
2303.8305367712 5702.1807107317 2477.0261436828 5563.4918426750
2477.0261436828 5563.4918426750 2624.4593925017 5628.1713635167
2624.4593925017 5628.1713635167 3371.9331955660 4999.0965708456
1921.4810549351 2744.1593531582 2333.4523716331 2333.4523841981
2035.7316296263 1965.8831939205 1023.1780909454 664.4596257179
1023.1780909454 664.4596257179 1403.0928922119 323.9295229282
929.2402200353 197.5161093903 623.8688830064 87.6790557449
1796.5085337097 220.5835177616 1645.9806825247 115.0981874552
