18 4
-976.2708041384 85.4126277954 -1131.5026128905 138.9310513239
-1131.5026128905 138.9310513239 -1168.7702499035 313.1710442244
-1168.7702499035 313.1710442244 -1208.6849473759 4510.8736069621
-1241.7298282376 5378.5227557077 -1226.6789848021 5771.0708424213
-1226.6789848021 5771.0708424213 -1040.1525936366 5898.9984388836
-1173.2584997681 7407.6625525682 -394.0897635565 7519.6803960182
-343.4110648114 9834.0057372652 -168.7647874097 9668.5272118628
-168.7647874097 9668.5272118628 168.5902286555 9658.5287355167
168.5902286555 9658.5287355167 339.9210800225 9734.0666557897
339.9210800225 9734.0666557897 506.0886789586 9656.7476020154
651.9249416347 7451.5363429614 1309.3072447999 7425.4504603232
1309.3072447999 7425.4504603232 1406.2622813527 7234.5923448419
1360.9538666712 5894.9388947463 1449.3866412470 5409.1846302539
1406.3078899006 4599.8258791832 1468.3556718310 2097.0292370403
1468.3556718310 2097.0292370403 1403.9663178202 1615.0785053447
1776.1161284896 1599.2221540859 1524.5133483763 1325.2392427870
1524.5133483763 1325.2392427870 1530.9169270956 242.4734260332
1530.9169270956 242.4734260332 1265.1672661902 110.6877977051
