25 4
-1060.0000000000 0.0000000000 -1645.9806829379 115.0981815465
-1710.5776600549 179.7889566157 -1416.0833383322 199.0175341470
-2143.2836991524 339.4627887526 -2353.6905297819 415.0191441546
-2367.7192575698 546.6310614417 -2047.4874125360 587.1075672369
-2047.4874125360 587.1075672369 -2342.9466523523 716.3106757764
-3394.4116868444 1168.7896732150 -3223.1456897636 1173.1290903214
-5891.2310632427 2500.6792196291 -5494.4423995416 3301.3940567766
-3146.2584379950 1966.0004682973 -3010.2010805600 2351.8268334627
-2769.7841613863 2407.7366341304 -2838.8132354647 2556.0789139130
-1227.7243359603 1463.1448851330 -928.2602212984 1376.2023694047
-928.2602212984 1376.2023694047 -1079.7845969186 2030.7794622404
-1079.7845969186 2030.7794622404 -644.7063640368 1518.8330073351
-644.7063640368 1518.8330073351 -319.4304992930 1383.6054915045
-319.4304992930 1383.6054915045 -124.1665263100 1775.6640092495
-0.0000030693 1710.0000000000 145.0934614980 2074.9332248124
145.0934614980 2074.9332248124 349.0328331628 1979.4635842506
257.5921410890 1325.1966981732 436.2613242184 1266.9948922514
460.0821294939 865.2886420845 662.3990777123 1060.0601218072
925.8863560282 1425.7399677784 1107.2019448127 1641.4943963971
1107.2019448127 1641.4943963971 1357.1767326640 1455.3938698220
1357.1767326640 1455.3938698220 1026.4050266296 892.2402822724
2700.5192236429 1753.7377006654 2614.3602624735 1570.8661362444
1441.0293793111 671.9630406222 1778.4756836050 577.8617852271
2209.0639840791 675.3786450907 2059.7575819895 289.4800570624
2059.7575819895 289.4800570624 1912.6938197521 167.3390327510
