18 4
-3259.3715240566 516.2337340477 -3090.9464184761 657.0009422444
-3090.9464184761 657.0009422444 -3376.2506332416 1097.0103288191
-3350.1845318674 1707.0042772167 -3025.8005726025 1818.0844025618
-2611.9881372034 1632.1513321713 -2159.1494661608 1686.9124407560
-2159.1494661608 1686.9124407560 -2222.0030298532 2000.7005111518
-1527.3506487337 1527.3506459922 -1674.1266743966 1733.6089172803
-1191.5937475125 1581.2983086341 -1420.1836307739 2272.7688960565
-2765.0000057307 4789.1204796194 -2393.5064677320 4907.4154897384
-670.1236548848 2687.7191607688 -392.4681492742 2792.5559532094
-293.7051215659 2392.0362249694 -118.2792650249 2256.9027483401
-0.0000040924 2280.0000000000 127.6997287135 2436.6560650380
209.9669803408 3002.6677916757 669.4756380261 3149.6352757247
669.4756380261 3149.6352757247 663.6056044099 2874.3916924796
859.5728058852 2811.5359843656 1126.4658073101 3271.4942740224
1126.4658073101 3271.4942740224 1517.1276709256 3407.5245604561
2069.9999914196 3585.3451766215 2321.0463683039 3714.4506668124
1174.3050929832 1740.9789052696 1195.7087391959 1476.5773298444
347.1472734233 154.5599254488 460.0000000000 0.0000016513
