22 4
-1010.0000000000 0.0000000000 -1039.4469692771 1039.4469674114
-1039.4469692771 1039.4469674114 -433.7115539884 1021.7603867527
-1256.6930813725 3649.7017000339 -1001.6297101381 3738.1329462405
-1001.6297101381 3738.1329462405 -1023.3296246075 4104.3509205964
-1337.5146897357 8444.7353099278 -1180.1879098742 8397.4732209985
-1129.5384478956 12910.6832853543 -912.4146989523 13048.1377758336
-991.7664036382 18924.0296818784 989.1495379854 18874.0982086960
1099.2614601953 8952.7662899312 1212.1976925046 8625.2348811082
1212.1976925046 8625.2348811082 1472.5365299606 8351.1697484802
1371.9166625408 7057.8994517521 1428.3533022483 6719.8740199468
1129.7752430521 4531.2810440522 1133.6274086896 4230.7551215200
1212.8043566536 4229.5514646925 1279.3303482317 3937.3739802175
1279.3303482317 3937.3739802175 1494.3943409859 3893.0303818015
1382.2983220627 3421.3084264390 1567.9137433464 3362.4018935019
607.7449259531 1011.4574162951 995.7176028590 1067.7764070051
995.7176028590 1067.7764070051 1391.5092274215 1010.9906379392
1391.5092274215 1010.9906379392 1372.3632252804 526.8008901833
1372.3632252804 526.8008901833 1597.0289408711 488.2607520785
2954.6978202417 574.3350860420 3427.2785400139 542.8276053777
3427.2785400139 542.8276053777 3391.3196619689 356.4420715110
5342.6680099486 279.9973847592 5026.9358592829 175.5444862587
6918.9460500511 120.7706772456 6780.0000000000 0.0000243388
