20 4
-960.0000000000 0.0000000000 -525.6585166035 245.1185915475
-4902.6429884695 3561.9786253725 -5111.2672671448 3851.6161444015
-2149.6046167363 2149.6046128779 -2054.2309637057 2281.4546122491
-2054.2309637057 2281.4546122491 -2114.7712383819 2520.2862157527
-3801.0951667153 4693.9616033340 -3591.3678968304 4943.0938317632
-3591.3678968304 4943.0938317632 -3095.3788362710 5151.5754735775
-2695.0000055856 4667.8769231733 -2525.8581270269 4556.7686711234
-1720.3613275267 4726.6538801514 -1517.1476060093 4406.1165601446
-1421.4781804067 4374.8599729166 -1284.4700847180 4479.4795011769
-301.4782151385 1550.9709493723 172.5667017272 811.8625089601
257.1988403974 746.9596752826 559.9999976787 969.9484535788
776.1915011069 862.0479995971 916.9490464684 949.5285388975
1534.4217110436 1534.4217193060 2013.9224720531 1813.3439487752
2013.9224720531 1813.3439487752 2408.7680404735 1174.8346807927
2408.7680404735 1174.8346807927 2628.2925786177 1225.5929671726
4503.7790999395 2005.2116643756 4810.2129177134 1470.6296903922
5613.7682990149 1609.7221763322 5778.0144797337 1333.9597715030
5778.0144797337 1333.9597715030 5801.4166503749 1127.6811822286
5801.4166503749 1127.6811822286 5977.7830572105 1054.0444587051
2953.7300281665 310.4495461548 3180.0000000000 0.0000114155
