24 4
-1660.0000000000 0.0000000000 -2113.4335108974 646.1414667207
-2698.1050172676 1090.1051856565 -2727.9864396146 1272.0809664794
-3145.7791628427 1534.2990121306 -2931.3860091620 1558.6455868122
-2931.3860091620 1558.6455868122 -2845.7954393882 1709.9264069420
-4210.1262528854 2734.0879530046 -4218.6330301502 2953.9186442632
-4282.0742503249 3467.5553513541 -4481.3599952457 3760.3075130913
-5402.2958131135 5402.2958034169 -5133.5253625688 5315.9211197932
-7317.8424108263 7847.4252115144 -6757.4080061987 7773.5086696911
-6757.4080061987 7773.5086696911 -6800.6929185654 8104.7502014174
-9244.7165561337 11416.2741644000 -9063.3342613828 12027.4507717323
-8251.2813949213 12705.8590949934 -8044.1744459508 12873.3700903498
-3629.0151887742 6825.1848883123 -2954.1016577798 6335.0914275567
-1790.6195225384 4431.9388224009 -1597.2340754572 4388.3645368404
-964.1330267106 2967.2963294565 -799.7508538312 2984.7108020370
-799.7508538312 2984.7108020370 -731.0909314805 3166.7027094293
-559.2824523928 2631.2170451039 -296.1425084669 2411.8871479982
-296.1425084669 2411.8871479982 -32.1124311100 1839.7197590308
126.2592140920 1805.5909312070 705.3423003114 970.8203950224
705.3423003114 970.8203950224 668.4991120085 796.6862225769
668.4991120085 796.6862225769 777.1459596873 629.3203932352
777.1459596873 629.3203932352 930.3695415900 675.9530428082
878.7798251824 592.7444802378 1056.9895928605 427.0515198248
1148.3039231938 440.7925815820 1323.5023756826 209.6221876675
5228.6154004348 734.8339910046 4588.7946300689 320.8797953297
