19 4
-390.0000000000 0.0000000000 -569.4840602548 218.6044489841
-569.4840602548 218.6044489841 -1251.5572772371 557.2292004148
-1251.5572772371 557.2292004148 -1014.5588606070 562.3791588990
-1014.5588606070 562.3791588990 -617.1604567348 370.8274135537
-1018.8579340249 885.6796883041 -553.6009753527 820.7471962112
-553.6009753527 820.7471962112 -505.2988106703 1316.3484006657
-372.1104322681 1297.7032889676 -419.2868554066 1564.7998379611
-497.4616039017 3140.8489222889 -421.6679338664 3434.2096839810
-376.8188974246 7190.1326495791 -257.5582986085 7375.5043029489
479.3565747314 5479.0708404128 599.9933682270 5708.5556805626
1312.0338040161 4575.6056754400 1458.5602037810 4488.9867600547
1691.4967120991 4406.4996168113 1867.6947842629 4400.0132037117
597.9028622683 1342.9118240940 610.3130289205 1147.8318721529
714.9999970362 1238.4163291229 1250.6148265824 1166.2171991238
505.3384800724 455.0088137148 1032.1315737142 722.7063127870
1624.9136390166 1096.0180955340 1840.2643652653 1149.9248088178
2679.3758207856 1028.5160236913 2855.4660951530 983.2158356291
3499.8879762921 1137.1825506073 3327.9405474439 1017.4535432534
2955.7330258384 791.9862877400 3042.0390361157 646.6053686355
