19 4
-962.7697671086 118.2132629686 -631.6731021322 568.7610148759
-5828.1837336877 6035.2609194946 -5496.9067876291 5894.7108298981
-4579.2920275016 5267.8728654800 -3712.4387011415 4751.7048403985
-3388.2185850986 4496.3179179849 -2165.0000044871 3749.8899957960
-2165.0000044871 3749.8899957960 -2244.6685466669 4049.4892413247
-2244.6685466669 4049.4892413247 -2104.1815100941 4314.2114195503
-1423.5782549739 3197.4090998753 -1269.9163559425 3143.1532652592
-1269.9163559425 3143.1532652592 -927.8692440186 2694.7279391442
-927.8692440186 2694.7279391442 -804.8610831280 2806.8841509521
-804.8610831280 2806.8841509521 -260.2758776849 2476.3595190310
-134.2198464320 1534.1398348338 -47.1143229162 1349.1776163931
-47.1143229162 1349.1776163931 724.3699138338 1115.4318571443
1500.3963878697 1608.9781475419 1428.3556941512 1428.3557018425
1501.8720610242 1305.5574718545 1678.4629014686 1311.3589471970
1678.4629014686 1311.3589471970 1392.1931401389 904.1008022064
1392.1931401389 904.1008022064 1675.0922628698 853.5021446216
1675.0922628698 853.5021446216 1678.2027746294 678.0379393709
1678.2027746294 678.0379393709 2317.2360153629 243.5513274548
1852.9221378849 162.1096879775 2167.0260900165 113.5690326967
