13 4
-670.0000000000 0.0000000000 -761.6030427075 616.7339826365
-4925.6657725522 4133.1243263551 -4285.7326949156 3996.5103862910
-3655.7420620153 3655.7420554536 -3532.7515086748 3788.4121710759
-3532.7515086748 3788.4121710759 -3175.3257038836 3652.7943651752
-3175.3257038836 3652.7943651752 -2856.6692493029 3656.3698937727
-2856.6692493029 3656.3698937727 -1734.2437132815 3403.6449202206
-1643.9850427415 3525.5372894414 -1504.1248797775 4368.2958171390
-1745.4590855064 5709.1393905582 -1717.2207355780 5988.6603631614
-1717.2207355780 5988.6603631614 -1550.3260888183 5785.8956971526
-795.9230413614 3192.2729382417 -505.2833272335 3190.2333393061
-505.2833272335 3190.2333393061 1142.5501036020 2827.9107589808
164.8352701780 297.3707008186 743.7628855868 199.2906671764
743.7628855868 199.2906671764 561.3404188814 98.9794631733
