19 4
-3170.0000000000 0.0000000000 -1897.6063455201 403.3486797323
-1897.6063455201 403.3486797323 -2018.9354618204 898.8879802312
-1540.7232383205 718.4510441910 -1256.3191994503 640.1266039563
-2286.8342661836 1215.9313463385 -2099.0872978075 1163.5430873772
-2082.9165414799 1251.5425207437 -1639.3351093719 1375.5654834214
-1639.3351093719 1375.5654834214 -1426.8380659927 1284.7307630139
-1474.6465919438 1424.0496581469 -1069.7691607580 1472.4109286103
-1069.7691607580 1472.4109286103 -124.8640910646 1785.6396497509
58.6311513796 1678.9765894997 127.6543435295 1825.5422122148
127.6543435295 1825.5422122148 364.4451773926 1874.9079211191
229.4500733892 993.8574665523 359.7584698810 1342.6368992952
556.7874546455 1941.7486269724 766.9074076043 1997.8621144017
766.9074076043 1997.8621144017 961.1985709805 2264.4419416592
961.1985709805 2264.4419416592 907.0227094274 2037.2063726051
907.0227094274 2037.2063726051 1144.9999952538 1983.1981774066
1144.9999952538 1983.1981774066 1105.6172369042 1702.5012556413
1105.6172369042 1702.5012556413 1207.1370938770 1294.4960550678
862.0479954176 776.1915057488 1058.2898438721 586.6196436850
1459.1555350257 680.4154059131 1590.2360361434 309.1105778698
