14 4
-1280.0000000000 0.0000000000 -1017.1588529309 3796.0884957946
-1175.7404197618 4715.6372279193 -929.2398150156 4780.5243819261
-918.5988681698 5209.6330119690 -743.1843677745 5288.0314858646
-815.3059183718 6640.1337531309 -712.8841308479 6782.6393252174
-712.8841308479 6782.6393252174 -0.0000121873 6790.0000000000
159.8640263441 9158.6048879227 468.9301513412 8947.7206322707
468.9301513412 8947.7206322707 1090.7306062914 8883.2880592998
1059.0613151203 6686.6500679201 1765.1458738044 6587.6141389877
1527.0309399684 5325.3897987264 1555.4174582685 5087.5413050425
1705.9771185853 4954.5173398489 1658.7976851314 4557.5092144507
1658.7976851314 4557.5092144507 1846.8104953304 4571.0164071394
1590.2756845084 3746.4547571353 1440.0502469827 1046.2577532162
1440.0502469827 1046.2577532162 1359.6598815932 785.0000040674
1456.0986048131 501.3749625394 1420.0000000000 0.0000050975
