23 4
-1690.0000000000 0.0000000000 -1834.3060369020 631.6022189518
-4853.4878512430 2367.2041901444 -4996.9665815623 2884.9999970103
-2957.2271885208 1776.8813566114 -2768.9854936003 1867.7042957147
-2146.1783570861 1502.7702617417 -1896.2361471493 1535.5417526867
-2135.5528104358 1991.4352095511 -1899.0570745033 1833.8980963453
-1899.0570745033 1833.8980963453 -2114.2492776452 2114.2492738503
-2114.2492776452 2114.2492738503 -1679.0639169494 2228.1930712572
-1420.1836307739 2272.7688960565 -1220.0000025285 2113.1019837742
-1220.0000025285 2113.1019837742 -1162.2156821991 2280.9767004620
-1162.2156821991 2280.9767004620 -984.7005525933 2111.6971425189
-984.7005525933 2111.6971425189 -1000.2716920813 2356.4924235017
-924.5893131414 2408.6374990905 -618.0339914812 1902.1130317029
-618.0339914812 1902.1130317029 -176.9261612059 2022.2752368263
-176.9261612059 2022.2752368263 -124.1665263100 1775.6640092495
-124.1665263100 1775.6640092495 372.0775371286 1914.1730084724
372.0775371286 1914.1730084724 467.8012998630 2200.8321026027
467.8012998630 2200.8321026027 1737.9365959562 2482.0306985282
1949.8806684588 2587.5790574919 2800.1428459598 2800.1428610377
3136.3215212618 3028.7105037078 3215.0628040015 2794.8114724121
2970.9240909913 2238.7518945984 3227.9778008208 2345.2631659172
3468.5167068826 2167.3698009515 3586.1882393617 1749.1008867026
3586.1882393617 1749.1008867026 3517.1500070521 1565.9360867842
3517.1500070521 1565.9360867842 3735.6385430791 931.3993104259
