29 4
-776.5136391617 345.7261462428 -1274.7792638219 827.8513323839
-733.7265969672 708.5515372243 -655.9783761559 870.5127052582
-3692.8230043367 6145.8895416890 -3465.0000071814 6001.5560440799
-3465.0000071814 6001.5560440799 -3514.8697545000 6340.9928724846
-3514.8697545000 6340.9928724846 -3127.9945509187 6139.0349477278
-2060.3443953005 4224.3320149763 -1863.7874887608 4390.8081484777
-1863.7874887608 4390.8081484777 -1861.7947755263 4608.1037546721
-1861.7947755263 4608.1037546721 -1712.9988049673 4462.5144362994
-1712.9988049673 4462.5144362994 -1575.7498740526 4576.3099036695
-1575.7498740526 4576.3099036695 -1347.8335651901 4408.5649230273
-742.7002240059 2978.8078785416 -647.8590408196 2806.1857855866
-659.8630811050 3742.2694603936 -421.2497136829 4007.9232376284
-421.2497136829 4007.9232376284 -211.9606298013 4044.4496153883
-115.8663348754 3317.9775455001 207.8742861846 2972.7408701640
207.8742861846 2972.7408701640 233.5773855055 2669.8017913284
393.8598702397 2802.4586353084 667.7531311460 2492.0886332241
667.7531311460 2492.0886332241 1008.9594167294 2772.0932335318
1054.5393317180 1687.6157139171 1230.8842144845 1895.3954865760
1537.7804789065 2279.8533283292 1661.4058270933 2051.6653425207
2068.3199915755 1735.5265519285 2219.9020355282 1554.3921489308
4360.7376230751 2941.3546849534 4966.5666658018 2315.9480896917
4966.5666658018 2315.9480896917 4869.4706682915 2066.9676849550
4869.4706682915 2066.9676849550 4561.7445586610 1843.0644539805
2919.7435019611 948.6821821642 2749.2084478052 788.3228466285
2749.2084478052 788.3228466285 3042.6663501278 815.2800020853
3042.6663501278 815.2800020853 3200.1046159429 622.0373357132
3200.1046159429 622.0373357132 2895.3347921250 510.5256521570
2895.3347921250 510.5256521570 3200.1102217997 506.8476776437
2955.9434223267 154.9144409135 2830.0000000000 0.0000101591
