21 4
-1450.0000000000 0.0000000000 -1387.5228886713 345.9483103201
-1387.5228886713 345.9483103201 -817.9086041092 265.7546148688
-817.9086041092 265.7546148688 -1288.3409887733 494.5477698329
-1288.3409887733 494.5477698329 -1236.1266303695 657.2601872100
-1236.1266303695 657.2601872100 -905.7642137682 588.2101572201
-905.7642137682 588.2101572201 -818.8297632700 1048.0543014478
-958.0899626569 1318.6976997994 -765.0000015855 1325.0188668748
-765.0000015855 1325.0188668748 -558.6711610144 1050.7076348113
-558.6711610144 1050.7076348113 -377.8018139078 1943.6218226311
-415.0191483792 2353.6905290370 -402.0365792539 2538.3590346801
-375.2898379483 5366.8945897542 -188.1082966802 5386.7165573028
-188.1082966802 5386.7165573028 1072.8243143525 5047.2416219688
564.6271413793 2445.6688637708 1073.4503795417 2302.0217815350
1073.4503795417 2302.0217815350 1008.2536328325 2067.2263088206
1008.2536328325 2067.2263088206 1192.4577641984 2242.6868886679
1264.9999947564 2191.0442746020 1448.3096146793 2147.2073164992
1061.1164034716 1515.4312845799 1251.9825830528 1723.2062011647
1354.4552412910 1733.6236613924 1189.1570742459 1417.1822228532
493.2074416610 510.7312595585 463.3041015314 159.5283971716
463.3041015314 159.5283971716 720.9462712776 206.7280192207
1642.0739032436 439.9923820778 1525.9102560580 324.3422427882
