29 4
-3930.0000000000 0.0000000000 -3944.9310044777 345.1367408874
-1451.9018607161 229.9586633485 -1396.2049438508 426.8626884218
-6992.5173955882 2684.1759391658 -6995.8368876007 2969.5565733095
-1470.1607653142 749.0843237786 -1235.2659836720 833.1974253338
-1235.2659836720 833.1974253338 -1237.7237124451 1075.9368065324
-2712.4786150382 2442.3267109378 -2837.6523645516 2646.1536346090
-3056.4968329232 3165.0951186861 -2984.3225075333 3314.4259187724
-2119.0706660215 2437.7119420488 -1906.8407872760 2354.7522612752
-1906.8407872760 2354.7522612752 -1737.9366048662 2482.0306922893
-1483.3096586457 2468.6418242767 -1543.3791700540 3819.9974787221
-1812.7067665788 4980.3708876347 -1640.8635052118 4765.4136186971
-1560.5358284900 4802.8354050497 -1521.5182119407 5306.1645593341
-1423.5047560102 5312.5920424607 -1277.3476165314 5123.1614328012
-1721.5088125698 8099.0621313980 -1553.1852349542 7990.4452708169
-1716.0043548052 12210.0052847773 -1120.8228734519 12811.0638155598
-0.0000233337 13000.0000000000 454.7404181409 13022.0624768932
695.4720245840 9945.7135823942 861.0987196993 9842.4036187779
899.9900523405 8562.8335208439 1011.5155343261 8238.1330605797
863.5182362576 5452.0396417901 1041.8171039601 5359.6844237227
1109.0086880478 4803.6444216693 1270.0899413327 5094.0525655833
1099.9809330893 4105.1847640320 1138.8625947967 2557.9272839885
1266.6334884728 2485.9082054411 1284.7454881522 2317.7422269684
1284.7454881522 2317.7422269684 1515.4127628497 2246.6918253717
4038.0846692830 5557.9467615030 4071.7029171566 5028.1343811018
1037.1524368239 1151.8744822203 1018.1084083811 916.7089335136
1018.1084083811 916.7089335136 1213.9259726631 914.7588386531
1299.9393778405 844.1905080843 1431.9663014538 667.7368579768
1437.1349727489 580.6402243231 1202.8065532090 437.7857872949
1202.8065532090 437.7857872949 1330.0000000000 0.0000047744
