25 4
-1890.0000000000 0.0000000000 -2696.7794120953 824.4882064038
-2696.7794120953 824.4882064038 -3005.3385918432 976.4937011460
-3005.3385918432 976.4937011460 -2818.6389183827 1138.8040427477
-1997.4955323807 847.8865479055 -1740.1109515149 811.4270616746
-1740.1109515149 811.4270616746 -1986.6320845224 1056.3110151589
-2492.6661661464 1381.7074162604 -2347.9884008446 1769.3361663344
-2098.9851253256 1957.3352915794 -1924.2036879994 1992.5712451728
-1924.2036879994 1992.5712451728 -1347.3833883288 2534.0595898391
-1183.9153230493 2789.1297043789 -973.4035365828 2995.8280249320
-442.5805695959 1651.7331622923 -70.1479918974 2008.7755621853
-44.5036409405 2549.6116225698 50.0884012672 2869.5628851897
220.3863901577 1036.8364572261 367.6778859060 788.4877755651
367.6778859060 788.4877755651 980.8157026683 1400.7499981793
688.8183417038 738.6672404624 846.5536388308 637.9239269555
2071.0835012785 1504.7302518165 2245.7783238297 1349.3997629378
6271.0232897215 3476.0849960510 6127.6562845643 3258.1326643093
6127.6562845643 3258.1326643093 6459.7972903224 3291.4311428226
6459.7972903224 3291.4311428226 6235.3975658241 2907.6136600509
4275.3927358452 1903.5275028961 4434.5070204639 1702.2477744019
4434.5070204639 1702.2477744019 4642.0815412911 1689.5795228413
4642.0815412911 1689.5795228413 4519.5787863679 1556.2157928170
4519.5787863679 1556.2157928170 4638.0780618111 1418.0027829825
4638.0780618111 1418.0027829825 4443.2587970120 1190.5676220928
2905.0983721105 617.4977314622 2805.0348857751 444.2738902803
3763.0186594039 528.8577965563 4020.1831215604 281.1186032997
