23 4
-4790.0000000000 0.0000000000 -4743.4902900991 248.5957918702
-4743.4902900991 248.5957918702 -4812.7028141919 676.3812698981
-5560.6853577087 880.7260371784 -5565.6598484585 1183.0175194211
-5485.7034650692 1266.4744345337 -5594.5430708729 1604.2094090698
-2586.8737246245 840.5262237712 -2648.6469601534 1591.4676498346
-2648.6469601534 1591.4676498346 -1489.2539974826 1713.1907456504
-1489.2539974826 1713.1907456504 -1304.8588492143 1555.0702182304
-1304.8588492143 1555.0702182304 -1134.4255386060 1561.4027979219
-1134.4255386060 1561.4027979219 -1081.0353010369 1730.0181149087
-1081.0353010369 1730.0181149087 -639.5776704721 1757.2251999768
-2050.7419378331 7151.7870147546 -1819.2526659689 7296.6238588381
-1819.2526659689 7296.6238588381 -1548.9421079281 7287.1996230574
-687.6467897831 3899.8387008312 -577.2431818859 3644.5699758636
290.4645468687 5542.3939184266 403.1924074318 5765.9202112576
287.8394120859 1817.3465472634 2186.7475622698 2039.1751025616
2186.7475622698 2039.1751025616 3153.4013294712 2047.8427809012
3153.4013294712 2047.8427809012 3510.9191116122 2193.8657642883
3510.9191116122 2193.8657642883 4508.4930053837 2297.1919424390
4508.4930053837 2297.1919424390 4659.0818275236 2074.3568941817
7148.1204236279 2461.2952706478 7456.2830799267 2422.6932599894
10615.0352366975 2646.6255730024 10893.4573159228 2514.9528238454
13752.5968310919 2673.2340715774 13798.0061106612 2185.3895236674
13916.0184977089 973.1028575761 13901.5264021123 485.4520484809
