18 4
-1210.0000000000 0.0000000000 -1243.5563594013 838.7893543629
-1173.9942004223 884.6680831672 -1291.0468006635 2428.1058787657
-1629.8258980839 3198.7134197885 -1311.1230813566 3245.1434892057
-1311.1230813566 3245.1434892057 -1333.8785640863 3664.8012192029
-1154.8682391542 3777.4037843727 -1160.4332739620 4046.9117381878
-1358.7999943733 5071.1105859852 -1325.7319959454 5317.2205779831
-1325.7319959454 5317.2205779831 -568.6348492394 5410.1991098508
-680.6863640482 7780.2805909426 -264.5381982998 7575.3824683405
-264.5381982998 7575.3824683405 264.8871660545 7585.3763775609
264.8871660545 7585.3763775609 402.4634892649 7679.4611230091
471.5125580540 5389.4133175697 1149.7516392188 5409.1562343968
1232.7317668361 5339.5479575553 1265.2515034609 5074.6466510477
1121.8440299046 3912.3351048405 1302.2726096071 3782.0743052282
1302.2726096071 3782.0743052282 1286.5409314483 3351.5537339730
1286.5409314483 3351.5537339730 1500.8582052857 3370.9827421135
1500.8582052857 3370.9827421135 1897.6802802209 3724.4072755354
1354.9999943833 2346.9288474986 1359.1485477140 987.4792277546
1417.3532571293 920.4399733306 1460.0000000000 0.0000052411
