20 4
-1210.0000000000 0.0000000000 -1848.8678859846 862.1412530292
-4440.0425898408 2165.5534628358 -4062.9730068373 2441.2804725618
-4062.9730068373 2441.2804725618 -3833.1773961556 2395.2350718878
-3833.1773961556 2395.2350718878 -3689.2171995573 2488.4084179433
-3689.2171995573 2488.4084179433 -3641.7779278407 2744.2765028861
-3641.7779278407 2744.2765028861 -3350.9105385709 2912.9020859779
-7057.5632262689 6581.2841685508 -6774.0829698465 6774.0829576877
-4255.6697710677 4563.6470941146 -4088.3880091993 4540.6148797532
-4088.3880091993 4540.6148797532 -4225.0201514485 4860.3296925059
-1009.6848208743 1292.3376348679 -855.0000017720 1480.9034394483
-855.0000017720 1480.9034394483 -586.8394548471 1103.6844903480
-586.8394548471 1103.6844903480 -386.4827634404 1061.8526609485
-386.4827634404 1061.8526609485 -229.2155965944 1299.9462336104
-295.6611419416 1866.7309632472 74.6849190193 2138.6963699579
147.8837203729 2114.8357868281 1458.0329958343 3126.7618686204
2398.1638210589 3300.7893430760 2268.8426296573 3010.8558786248
966.0882707266 869.8697909254 1141.4684370901 556.7313599279
1141.4684370901 556.7313599279 1437.1882333220 494.8635993895
1437.1882333220 494.8635993895 1692.8805972283 550.0502554568
1692.8805972283 550.0502554568 1085.7438360413 230.7819804455
