18 4
-2060.0000000000 0.0000000000 -2233.2288412313 274.2060223498
-2233.2288412313 274.2060223498 -2599.8924680437 458.4311885222
-3003.7791814779 583.8755251933 -3201.0014477675 917.8723938492
-3201.0014477675 917.8723938492 -3561.4350332956 1296.2563417837
-3561.4350332956 1296.2563417837 -3276.8672975320 1257.8715015316
-3263.6871686536 1318.6152073921 -3352.7118302628 1492.7234784834
-3352.7118302628 1492.7234784834 -3409.1533479083 2130.2754400418
-5862.3072724440 3807.0268508969 -5635.7660674628 3946.2058781613
-5635.7660674628 3946.2058781613 -5294.9534345578 3990.0335995909
-5294.9534345578 3990.0335995909 -5230.1923238996 4235.3262276974
-5230.1923238996 4235.3262276974 -4711.6756962108 4550.0123223719
-911.0671424038 1253.9763403000 -567.7534400983 1559.8897497120
-567.7534400983 1559.8897497120 -258.1168699490 1629.6857615650
-258.1168699490 1629.6857615650 -71.1769028469 1358.1361671427
-71.1769028469 1358.1361671427 -17.4524082120 999.8476951254
-17.4524082120 999.8476951254 60.7097070933 1158.4102604279
60.7097070933 1158.4102604279 250.8299919443 874.7481438341
378.1515021731 682.2033724662 800.0000000000 0.0000028718
