18 4
-928.4270401858 147.0483969712 -590.6309310793 478.2834967385
-11330.1394434030 13033.8344393752 -11171.6486696282 13313.8524102679
-11171.6486696282 13313.8524102679 -10880.9495749184 13436.8536625239
-3575.0000074094 6192.0816327809 -3301.5535211235 5956.1602016028
-2995.2285775394 5633.2056387364 -2742.1026251886 5381.6794026525
-2446.1110054844 5015.2707752272 -1347.8521649954 3914.4469010726
-1347.8521649954 3914.4469010726 -1309.8252433951 4284.2453048075
-1309.8252433951 4284.2453048075 -1129.7752593185 4531.2810399965
-434.8878172474 2745.7735861520 -322.9537643775 2630.2473013149
-322.9537643775 2630.2473013149 -191.1327427469 2733.3254973841
-191.1327427469 2733.3254973841 274.2060183414 2233.2288417234
258.6937101937 1120.5255750344 1125.8330229753 650.0000033679
1670.5236378477 925.9863797012 1717.4654579891 764.6648943258
1717.4654579891 764.6648943258 1904.5040677361 731.0706231116
1904.5040677361 731.0706231116 1513.6613317411 377.3981621466
1513.6613317411 377.3981621466 1807.4696623128 286.2750771876
1807.4696623128 286.2750771876 1755.7127280264 122.7713999522
1755.7127280264 122.7713999522 1880.0000000000 0.0000067488
