18 4
-1360.0000000000 0.0000000000 -1137.2230173025 79.5223799776
-2281.2858586500 199.5866506647 -2343.8424522515 413.2826623799
-2343.8424522515 413.2826623799 -740.2324795153 982.3216765757
-2042.3963848815 3145.0146274736 -198.8766403074 3794.7922317223
-198.8766403074 3794.7922317223 -0.0000057616 3210.0000000000
115.9171353441 1324.9389486816 181.4639771846 1145.7184754486
181.4639771846 1145.7184754486 272.8568605610 1403.7268728798
272.8568605610 1403.7268728798 517.6533623188 1503.3745363282
517.6533623188 1503.3745363282 488.4139080185 1150.6310679162
488.4139080185 1150.6310679162 634.5091599582 1425.1309153650
735.4646062100 1443.4305709013 874.1911464726 1041.8204449083
543.8915533402 456.3792043960 977.1333323104 763.4202321710
994.8450851122 671.0314870616 831.4522801965 499.5869351335
831.4522801965 499.5869351335 1051.5890325948 512.8942449729
1051.5890325948 512.8942449729 808.1356529373 294.1373258388
808.1356529373 294.1373258388 1124.6761831930 322.4957099844
1124.6761831930 322.4957099844 1188.3216819170 167.0077252283
1188.3216819170 167.0077252283 910.0000000000 0.0000032667
