27 4
-4830.0000000000 0.0000000000 -4853.3395389224 254.3527470503
-3725.7681708956 325.9624775047 -3460.9361959251 363.7590517573
-3460.9361959251 363.7590517573 -3476.6629589937 550.6493163176
-3410.2952269524 787.3286893194 -3364.4159360920 964.7307442859
-3364.4159360920 964.7307442859 -3528.7645498694 1078.8515892305
-2856.6655676039 1039.7412345706 -1630.1125689318 1141.4171072007
-1630.1125689318 1141.4171072007 -1662.7026910947 1299.0457116771
-1662.7026910947 1299.0457116771 -1388.3258158301 1340.6906537676
-1388.3258158301 1340.6906537676 -1561.7762461130 1674.7999752440
-2107.7614122713 2340.9061982361 -2160.5159361464 2867.1014787861
-999.2349303783 1375.3288893613 -795.0877789490 1434.3763187414
-2111.0558289945 4143.1803348235 -1884.9959361260 3864.8143966805
-1884.9959361260 3864.8143966805 -774.6845275079 3985.4063635770
-265.6817142344 1506.7558616848 133.3482835162 1524.1778883330
432.7478300452 4117.3206476532 1207.2916095779 4210.3262307620
1207.2916095779 4210.3262307620 1353.6809834179 4427.6910229975
1353.6809834179 4427.6910229975 1530.1703162883 4443.9373086431
1530.1703162883 4443.9373086431 1655.6599173513 4313.1415740822
1655.6599173513 4313.1415740822 1748.9675562949 3928.2454718395
1889.8974443634 2910.1868754066 1892.6685058357 2605.0347266433
1468.4286515554 1948.6706482346 1381.9933565560 1646.9955562888
1381.9933565560 1646.9955562888 1712.0287203218 1653.2869263359
1679.5073014170 1512.2351749933 2321.3051985951 1565.7401364771
2321.3051985951 1565.7401364771 2471.8674585829 435.8569343245
2471.8674585829 435.8569343245 2871.7773979661 403.6020026351
2871.7773979661 403.6020026351 2906.0119455982 152.2976429251
2906.0119455982 152.2976429251 2780.0000000000 0.0000099796
