21 4
-780.0000000000 0.0000000000 -769.6653425294 426.6324653716
-769.6653425294 426.6324653716 -1065.2112470228 614.9999993627
-1560.0444878574 937.3692953718 -1507.6631661761 1220.8815574640
-1373.5714369818 1194.0274316396 -1484.6480154742 1384.4566696537
-1484.6480154742 1384.4566696537 -1390.8451430234 1599.9843087131
-1390.8451430234 1599.9843087131 -1375.6145448157 2039.4324269491
-1345.0000027876 2329.6083345707 -1240.5467650487 2786.3136441771
-1156.5641439690 2724.6943646738 -1119.7836344204 3662.6472137082
-1119.7836344204 3662.6472137082 -1032.6879957237 3854.0440453487
-1032.6879957237 3854.0440453487 -815.0138339702 3834.3385936087
-467.1136021506 2649.1328548576 -458.3529872427 2893.9268372033
-514.9404795442 3663.9918535017 -189.4561678718 3615.0389154828
-0.0000055821 3110.0000000000 224.6158394344 3212.1562422577
224.6158394344 3212.1562422577 444.8230964205 3622.7934543513
444.8230964205 3622.7934543513 696.4528259074 3582.9392209868
696.4528259074 3582.9392209868 796.3267252919 3449.2700309755
796.3267252919 3449.2700309755 1238.1129113764 3401.6872899611
1279.3735724987 3332.8821254272 782.4291243947 332.1214616657
922.8112272353 264.6118646026 887.8320045133 62.0832647486
887.8320045133 62.0832647486 1049.3603682400 36.6444752628
1049.3603682400 36.6444752628 880.0000000000 0.0000031590
