17 4
-2680.0000000000 0.0000000000 -2806.1857867494 647.8590357828
-2806.1857867494 647.8590357828 -2989.5238746417 857.2321756369
-2989.5238746417 857.2321756369 -2610.7119840497 798.1747530079
-2610.7119840497 798.1747530079 -2530.0029562142 971.1771422082
-2530.0029562142 971.1771422082 1397.0912636921 1725.2640380288
2021.4558524416 2093.2788243876 2186.7475622698 2039.1751025616
2593.5754344890 2335.2658233304 2535.6071007834 2127.6269951420
2535.6071007834 2127.6269951420 2635.4971774922 1985.9895839179
2635.4971774922 1985.9895839179 2932.5643126166 2053.4036506171
4644.2306371577 2574.3390974939 5590.4989596065 2726.6685501980
6625.1099136881 3089.3395138041 6522.7145585331 2904.0996518544
7037.3254472027 2843.2640662017 6833.8087136412 2623.2534123415
10017.1233259439 3645.9347598155 9653.2236302623 3136.5225240935
13828.1667574823 4227.6948952428 14593.2477111454 3638.5053581312
14880.4451391188 2623.8240149974 14953.6014685334 2368.4178517054
14953.6014685334 2368.4178517054 14774.7995785015 2076.4627170054
7690.6230669200 672.8423608528 7501.6816561126 524.5687088869
