12 4
-440.0000000000 0.0000000000 -410.1219334563 410.1219327201
-5043.2197743233 5222.4069458320 -4869.4682957409 5221.8654249966
-4023.8504414196 4795.4382099124 -3256.3303025271 4481.9541453303
-2930.9755943452 4185.8669431018 -2592.4818112096 3992.0719004732
-2592.4818112096 3992.0719004732 -2461.8820028911 4097.2596944593
-2461.8820028911 4097.2596944593 -776.0811426485 3361.5767223173
-776.0811426485 3361.5767223173 -377.3843734096 4313.5230420975
-394.1240863211 5636.2368832920 -304.0719158384 5802.0375963965
207.8742861846 2972.7408701640 2613.1248863788 1898.5463724092
2710.9528569307 1828.5608022429 2671.3514979658 1669.2456902194
2779.9415413467 1605.0000083162 3125.6344736827 1661.9293417370
3125.6344736827 1661.9293417370 5827.7389820573 509.8611154131
