20 4
-1540.0000000000 0.0000000000 -1674.1731801796 295.2019016999
-1674.1731801796 295.2019016999 -1496.5658291989 318.1048865930
-1432.2799270791 410.6996597103 -1854.5602069919 602.5831383654
-4446.1225569198 2265.4125913062 -3796.9920840387 2561.1034953214
-3796.9920840387 2561.1034953214 -3546.9283535049 2483.5859669242
-3546.9283535049 2483.5859669242 -3394.2009195883 2557.7138458916
-3394.2009195883 2557.7138458916 -3380.5849344671 2737.5436984374
-514.2300883603 612.8355539824 -323.9353790756 609.2338386721
-323.9353790756 609.2338386721 -214.9971386438 749.7841225146
-301.4344148258 1305.6558863493 247.1664516824 1560.5475786283
247.1664516824 1560.5475786283 253.7759612210 1305.5641544966
253.7759612210 1305.5641544966 444.9844689501 1369.5213844235
487.3804085709 1269.6693811151 754.1110739806 1776.5743688627
754.1110739806 1776.5743688627 1828.5145757428 2340.3919428797
1828.5145757428 2340.3919428797 1850.0864561929 2128.2810210617
3295.9753257505 2140.4314172717 3368.8388149030 1945.0000100779
1421.5456222116 755.8492203945 1291.9594580645 658.2862285645
3328.5900336571 1344.8376808516 3612.9562461464 1386.8839761969
3687.5224407604 1269.7158142231 3356.6296900942 1026.2246944884
572.4744780303 142.7339202990 891.2412614378 125.2557939212
