18 4
-881.3385811998 123.8640597138 -1229.1741484395 423.2386003285
-1229.1741484395 423.2386003285 -1887.0087786837 1225.4378275419
-2661.6659128820 1933.8134781313 -2525.7243763260 2045.2912689475
-2525.7243763260 2045.2912689475 -2799.9725446167 2433.9789952653
-2706.0086981549 2523.3939299107 -2870.1658057834 2771.6868956128
-4556.7794341484 5060.8162571389 -4174.1848082486 5342.7129051247
-6237.1497515706 9981.5260845466 -6098.0508188767 10148.8608331377
-3345.1863870414 6034.8759751923 -2855.2912428334 6413.0891088928
-2711.6740402516 6388.3036793366 -2464.9113929504 6100.8697597067
-1845.9714433632 5361.0903210343 -1380.9431597505 4815.9210946130
-1118.0982810843 4172.7995678964 -926.7983500614 4014.4046654919
-782.3168873848 4024.6714509029 -578.8075265523 3654.4468592670
-516.3322105699 3673.8945341868 -303.3019906386 3466.7575488451
-303.3019906386 3466.7575488451 370.2004434056 2634.1130635761
519.0004620460 2670.0259400231 1193.6502930121 3279.5272491614
1790.6195066287 4431.9388288289 1973.1921883949 4648.5495143816
1973.1921883949 4648.5495143816 1960.4706096143 4403.2891102945
966.9997600169 1897.8438987776 2590.0000000000 0.0000092976
