31 4
-670.0000000000 0.0000000000 -753.1736526033 160.0920017494
-1368.1169741444 341.1098724135 -1520.5245621388 464.8710099936
-1520.5245621388 464.8710099936 -1013.2497227778 584.9999993938
-1013.2497227778 584.9999993938 -1202.1044807546 810.8297092175
-1202.1044807546 810.8297092175 -1132.0643711388 984.0885425601
-1132.0643711388 984.0885425601 -1426.3016068710 1892.7661573045
-1426.3016068710 1892.7661573045 -1258.1161730870 1937.3290105237
-1258.1161730870 1937.3290105237 -880.7151098209 1465.7560831643
-880.7151098209 1465.7560831643 -868.5223931736 1633.4530457151
-868.5223931736 1633.4530457151 -614.1723328602 1379.4536402319
-614.1723328602 1379.4536402319 -500.6075330997 1540.7115556793
-385.6403793555 1439.2294805939 83.7375270252 1597.8072557626
211.7884502904 2420.7531167642 398.7907962045 2051.6008142089
398.7907962045 2051.6008142089 801.0984653488 2620.2750330482
801.0984653488 2620.2750330482 960.4260992427 2501.9955451386
960.4260992427 2501.9955451386 1208.6882226336 2592.0402736969
1343.8118730751 2637.3793147332 1727.5367946737 2764.6367976732
1727.5367946737 2764.6367976732 1928.0221766704 2968.8938152563
2321.7517385251 3195.6171336153 2487.2723521888 3183.5634509205
4776.5417528932 5898.5378597469 4894.2003415601 5630.1334812483
3184.9323324326 3415.4217950094 3341.3067526612 3460.0244485582
4837.6883975703 4205.3383892398 4642.2293144251 3895.2929276618
4642.2293144251 3895.2929276618 5119.2536084016 3857.6343130042
5119.2536084016 3857.6343130042 5477.0450404905 3979.3061737492
5602.9999715915 3923.2628408438 5923.0527562390 2888.8658755313
6344.1545001117 2958.3278517960 6415.9188200363 2723.3959856591
6415.9188200363 2723.3959856591 6332.6657186290 2558.5630529852
6395.0259137216 2454.8204746638 6032.4085056543 2077.1248448059
6032.4085056543 2077.1248448059 6215.9809075819 1900.4161009044
3168.2367074346 848.9264783618 2881.7783046610 718.5080394714
1887.8248680718 401.2695696034 1999.6953901882 34.9048200132
