22 4
-6460.0000000000 0.0000000000 -6395.5699618048 559.5398678022
-3659.8405750013 384.6647443870 -3570.6882729442 890.2725748098
-3570.6882729442 890.2725748098 -3197.2144852731 856.6910383329
-2151.6857011399 657.8363348967 -1484.7143410573 540.3918258624
-1484.7143410573 540.3918258624 -1386.2277212001 737.0703527998
-1085.5015635131 678.2966575258 -1358.6463206523 882.3152358302
-1358.6463206523 882.3152358302 -1309.9359986103 1099.1668115190
-1309.9359986103 1099.1668115190 -1587.0375337827 1479.9364399746
-1470.7821061880 1470.7821035481 -1264.2782354364 1309.1984354565
-1213.7092049968 1396.2127222261 -788.0082561555 1311.4659691470
-788.0082561555 1311.4659691470 -615.7082190641 1110.7670273180
-591.6655680818 1268.8309010843 -215.6141665231 1109.2387169562
-122.2983039724 1163.5906173760 630.6039219821 1009.1772359605
630.6039219821 1009.1772359605 774.1496518822 890.5573066854
774.1496518822 890.5573066854 935.1417379909 903.0558841331
905.6514940849 787.2708372992 1041.8204402010 874.1911520825
1041.8204402010 874.1911520825 1653.5172760427 736.1933291115
1653.5172760427 736.1933291115 1988.2904808147 843.9792437624
1988.2904808147 843.9792437624 1801.8102209464 691.6501483359
1801.8102209464 691.6501483359 1998.6769379763 611.0568693677
1998.6769379763 611.0568693677 1966.0766760748 417.9025051310
1776.6576106853 218.1461308250 1810.0000000000 0.0000064975
