22 4
-1060.0000000000 0.0000000000 -1041.4992214477 905.3614591553
-2169.9828920306 1953.8613687502 -1548.1281639271 1911.7790636095
-1548.1281639271 1911.7790636095 -1239.7389494322 1645.1891493870
-1233.1893400866 1761.1768938687 -989.0116274731 1784.2242013612
-989.0116274731 1784.2242013612 -1020.9089771384 2292.9990973391
-1315.2953494158 3819.8950435588 -1171.1744138568 3604.5041950769
-1134.4022197261 3710.4624514850 -1083.2199170880 5096.1489981381
-1158.2333555185 6568.6677107435 -1024.6457564642 6469.3586292429
-919.9342080505 6545.6719328774 -834.8050135795 6798.9411373612
-297.3890359319 17037.4047249371 -0.0000304414 16960.0000000000
-0.0000304414 16960.0000000000 1478.1613649899 16895.4620824365
1578.2229429395 11229.6399026140 1725.4721278844 10894.2024001711
1354.7438531349 6969.5530052072 1489.1759665064 6450.3298319373
1489.1759665064 6450.3298319373 1666.7946374341 6220.5623247919
1521.9896286257 4181.6321658362 1500.4075254330 3534.7386406387
1138.8625947967 2557.9272839885 1109.0789961158 2273.9489397027
1250.8088148803 2256.5188473881 1234.7118808557 1975.9520670486
1234.7118808557 1975.9520670486 1402.2289992312 1860.8207419618
1402.2289992312 1860.8207419618 1579.5941765167 1950.6363673208
1358.3351269371 1508.5839992949 1584.8901146486 1377.7239652736
3990.6455595905 1946.3679039998 4330.2054632278 1927.9317016512
1335.1447488764 539.4334987260 1330.0000000000 0.0000047744
