9 4
-690.0000000000 0.0000000000 -403.3014561014 826.8905220805
-2789.2805352427 5981.6313908261 -2103.6198713720 5480.1171006438
-1683.1873654652 4888.3310334651 -1514.4854376756 4953.6586336836
-1402.9941483294 4892.8220302555 -1151.5482300548 4618.6076553284
-1151.5482300548 4618.6076553284 -66.4936752876 3809.4197184278
67.0172337512 3839.4151495222 554.5055037571 4516.0849910407
932.3494000173 5886.6225117878 1057.5173900307 5997.4792179534
793.5038109659 3182.5699838311 2370.2951770463 1919.4271993673
274.2935357349 164.8121847863 530.0000000000 0.0000019026
