23 4
-6034.7757612079 955.8145803126 -6066.4559939653 1179.1995900962
-6066.4559939653 1179.1995900962 -5849.3226526857 1243.3119096903
-5849.3226526857 1243.3119096903 -6041.0944020301 1394.6965353657
-6041.0944020301 1394.6965353657 -5418.8438859160 1451.9748414041
-6425.1238783490 2727.3032739080 -6477.0372960663 2883.7627963073
-6477.0372960663 2883.7627963073 -4988.3063275215 2879.9999970155
-3994.3065344896 2495.9197319893 -3715.3106175861 2412.7509226714
-3715.3106175861 2412.7509226714 -2411.2341260101 2411.2341216822
-1472.6757467721 1525.0003753669 -1284.7307655749 1426.8380636868
-1284.7307655749 1426.8380636868 -1303.6013924268 2086.1983150369
-1178.0873797841 2125.3258869155 -491.4243472440 2787.0059402405
-1235.5264555165 11755.2488011832 -1046.7404906810 11964.2983223074
-0.0000388595 21650.0000000000 376.9719398508 21596.7102160622
676.0032156093 19358.2003206002 1014.2707960929 19353.4403854248
1273.4338560755 9060.9528314742 1375.0589305624 8681.7805165462
500.1067460243 2836.2463296725 939.4116566725 2891.2118115606
939.4116566725 2891.2118115606 1120.0737081213 2772.2797276565
1120.0737081213 2772.2797276565 1102.1791653915 1267.9120976538
1124.2997790596 1124.2997851136 1352.2339698559 1095.0174842292
3888.1862076468 2622.6147285991 3956.1059289140 1439.9048160247
3980.6331988722 1370.6419430459 4213.1803627647 1368.9452986930
1309.8992293914 326.5945633961 1091.2944717204 251.9451844997
1091.2944717204 251.9451844997 1110.0000000000 0.0000039847
