18 4
-3670.0000000000 0.0000000000 -3615.0389158229 189.4561613832
-1998.9890097154 210.1022109288 -1521.0400445598 240.9090758889
-1521.0400445598 240.9090758889 -1499.5682458010 429.9942745960
-1503.0644869021 576.9723981384 -1521.8382909104 843.5687383485
-1860.0530432146 1117.6326214049 -1508.8483827403 1017.7310832937
-1442.0596799541 1126.6604987531 -1010.3872166761 1122.1486855036
-1010.3872166761 1122.1486855036 -816.3402652720 972.8764419471
-848.5591838346 1126.0760682698 -419.5593860341 1038.4459165458
-358.4597150591 1103.2255583877 558.4083121224 1095.9380260547
558.4083121224 1095.9380260547 734.1778359155 1048.5146185202
710.1417249325 942.3899036545 855.8757291087 1056.9185097834
855.8757291087 1056.9185097834 1490.8567175872 1043.9091184701
1490.8567175872 1043.9091184701 1815.5922803298 1224.6324638874
1815.5922803298 1224.6324638874 1636.7328225632 1022.7441848011
1636.7328225632 1022.7441848011 1845.3604661008 981.1955718165
1845.3604661008 981.1955718165 1817.2803526373 734.2289288215
690.8495147670 265.1922848542 893.9931243790 290.4759776008
1769.1637967733 540.8876594882 1776.7452008763 345.3642876199
