26 4
-6469.0145876641 112.9170695202 -6815.8454402797 238.0145672392
-1336.8618928311 187.8836860828 -1345.7663744368 385.8922977144
-2142.1226535792 654.9126178527 -2335.4308820350 804.1533406242
-1184.0127023621 430.9453801181 -1012.5553389948 429.8042408737
-988.9013042956 525.8081497680 -1122.1486873172 1010.3872146619
-3678.7091220863 3430.4517479596 -3464.8232309236 3464.8232247046
-1514.3552490392 1568.1607633490 -1336.9982297369 1593.3724403543
-2781.5961319340 3434.9851468106 -2227.5736571108 3430.1626203646
-2227.5736571108 3430.1626203646 -2045.4883637266 3273.4656487978
-2045.4883637266 3273.4656487978 -1985.0000041140 3438.1208506490
-1300.4362319411 2445.7648306113 -1316.7639071539 3102.1013543753
-1316.7639071539 3102.1013543753 -534.4247139053 3802.6293830937
-1339.0096358009 12739.8254774244 -1126.0522181181 12870.8354974365
-1068.7002618624 20392.0150978341 -716.4867033108 20517.4936774446
476.5091252066 3880.8554538394 979.7836690281 3929.6976934500
1110.8185357532 3873.8846369797 1107.7368142916 2174.0559216044
1107.7368142916 2174.0559216044 1335.3965406680 2137.0812055633
1353.2468214378 2006.2709289297 1604.6537332085 2208.6163986759
2786.4035478285 3697.6824185764 2989.2718479898 3691.4433246111
1092.7389330908 1302.2755561353 1124.5336198348 817.0215039160
1124.5336198348 817.0215039160 1285.6909673488 712.6701456339
1285.6909673488 712.6701456339 1887.4674944009 920.5794140540
1887.4674944009 920.5794140540 2163.1864027382 918.2181587229
2417.9733016845 928.1729969897 3229.8392953236 926.1415261090
1284.6813478317 344.2293342138 1346.7645728393 189.2754219254
5366.8945890806 375.2898475813 5506.6434561926 192.2962463788
