23 4
-6873.7434168930 601.3746242734 -6888.2702925088 845.7732422701
-2614.3077015364 367.4169861175 -2765.5273537450 438.0165016163
-4599.8258766590 1406.3078981569 -4103.5506186364 1412.9657887891
-1342.9118230208 597.9028646787 -1296.2409056048 1996.0359502366
-1860.0166209017 2976.6488153576 -1511.7883678606 2967.0517236478
-1511.7883678606 2967.0517236478 -1319.4971552882 2705.3700776763
-1252.7488643770 2813.7200078903 -1303.6309494631 3226.5998121245
-1303.6309494631 3226.5998121245 -1139.4885452860 3309.3150129841
-1139.4885452860 3309.3150129841 -947.2843278125 3098.4274079411
-1306.5210732969 4556.3804368195 -1243.4785509415 4987.3200311739
-1234.5342100926 6351.1278749614 -1102.6659381623 6253.5292298683
-1071.4167655706 10193.8494257299 -377.6125732987 10813.4087476839
763.1358023018 10913.3507112731 1153.9942134540 10979.5217270751
1397.6228326311 5215.9994648877 1477.1012233206 4546.0501510723
1190.2300915994 3270.1303229460 1419.5108770859 3188.2736504000
1419.5108770859 3188.2736504000 1318.5689701458 2827.6802985785
1366.5113979581 2681.9296409956 1619.2641246900 2921.2298256885
1619.2641246900 2921.2298256885 1889.8974443634 2910.1868754066
1476.2692597503 2188.6591951961 1313.4900345675 1875.8581846962
1313.4900345675 1875.8581846962 1351.3312406107 911.4844365920
1351.3312406107 911.4844365920 1276.4500756478 439.5170126157
1499.5682442574 429.9942799792 1423.3594150666 276.6730480933
1423.3594150666 276.6730480933 1579.0375064944 55.1412103954
