23 4
-3440.0000000000 0.0000000000 -3289.4989170657 57.4184171131
-1888.8486630687 65.9600486924 -1629.6857620283 258.1168670239
-1629.6857620283 258.1168670239 -1900.6789633804 335.1409825181
-2105.7183014790 564.2255176936 -1560.1056499424 537.1874542631
-1560.1056499424 537.1874542631 -1224.4675903877 678.7334676367
-1224.4675903877 678.7334676367 -1414.4056507425 1145.3631106106
-1255.9147560040 1130.8307236945 -1437.9428282162 1489.0333853819
-1437.9428282162 1489.0333853819 -1140.3033911376 1569.4929678594
-1140.3033911376 1569.4929678594 -980.0000020311 1697.4097902448
-678.7334698345 1224.4675891694 -570.4674493901 1343.9370852783
-333.8522179571 1339.0081017549 -184.5926706302 1165.4722416041
-184.5926706302 1165.4722416041 -217.1100400240 1544.8181868818
-87.4010498193 1667.7113228885 46.4163281756 1329.1898000206
505.2833157812 3190.2333411199 583.8755198018 3003.7791825259
468.4624679745 1748.3257465642 473.6421583449 1549.2137056708
473.6421583449 1549.2137056708 768.7322514878 1726.6009166923
976.2481798195 2093.5709902937 1185.5755916247 1573.3119577960
1063.9174386713 1140.9117773479 1173.0746393960 852.2886191930
1173.0746393960 852.2886191930 1585.8499368876 990.9490287969
1585.8499368876 990.9490287969 1558.8493914560 726.9034150127
1205.8800024179 536.8923726117 868.2297955856 333.2821958303
868.2297955856 333.2821958303 1019.8446489960 17.8014582067
1019.8446489960 17.8014582067 1380.0000000000 0.0000049539
