27 4
-1790.0000000000 0.0000000000 -2018.8558937460 355.9787638146
-3926.5087339581 763.2359806448 -3609.5001019980 899.9494506230
-3119.9404191638 835.9855147478 -2557.9272819444 1138.8625993879
-2557.9272819444 1138.8625993879 -2718.9233617421 1267.8547838665
-2718.9233617421 1267.8547838665 -4157.7308964135 3366.8640888828
-4157.7308964135 3366.8640888828 -4198.7682671140 3780.5879224106
-7581.2497781060 8419.8308654015 -7551.2394321696 8686.7072609849
-8356.2389358554 9958.5777522142 -7966.6595012887 10196.8591434091
-9261.9332193015 12291.0004898380 -8904.9465854306 12256.6074551904
-8904.9465854306 12256.6074551904 -8477.3644306530 12568.2095904667
-7042.1827350714 10844.0104355290 -6680.0438446648 11117.4598822463
-2349.7575418105 5039.0712928778 -2196.3778791026 4933.1454683790
-2196.3778791026 4933.1454683790 -1992.9070836620 4932.6181035926
-1992.9070836620 4932.6181035926 -1777.5050361167 4630.5589129801
-830.8091394168 3100.6219011452 -356.2831426035 2535.0862553958
-356.2831426035 2535.0862553958 355.6251835731 1426.3347183633
728.0055396783 2381.1988439015 1849.9999923315 3204.2939984298
3079.9276755927 5125.8604656309 3248.4050771011 5198.5348373425
3780.1440136030 5604.2939998203 4161.5195718375 5727.8403306319
4248.8140491726 5638.3667116953 4254.2207806002 5445.1543182824
4403.0951127482 5247.4044467806 4543.3968038931 5045.9533769521
4369.4011380954 4524.6473558069 4575.0011181709 4418.0272485279
4943.9510103492 4610.3089275305 5117.1768680462 4293.8212469936
1003.1354608215 676.6234161205 1033.1908757325 481.7848215782
1033.1908757325 481.7848215782 1226.8629047328 398.6319267074
1226.8629047328 398.6319267074 1034.0481400447 182.3305900561
1034.0481400447 182.3305900561 1130.0000000000 0.0000040565
