24 4
-1000.0000000000 0.0000000000 -610.5808068890 107.6618700317
-610.5808068890 107.6618700317 -868.4621407396 1072.4614259273
-1662.2859855857 2127.6290330143 -1787.3906212687 2371.9474629512
-1787.3906212687 2371.9474629512 -1588.8067311813 2269.0511609378
-1939.5045106838 3103.8560296891 -2230.1242580276 4023.2506501282
-2201.8216345861 4141.0242077858 -1801.2705080058 4243.5273720089
-1801.2705080058 4243.5273720089 -1637.0308187224 4051.7934422368
-1637.0308187224 4051.7934422368 -1525.4098450833 4191.0290865756
-1525.4098450833 4191.0290865756 -1393.4317068068 4046.8195015920
-1331.8632516419 4099.0535833197 -1333.2149798843 4360.7496852505
-1590.4275512496 5546.4799832169 -1216.2834001852 5722.1634624007
-650.6586795078 3347.3486945314 -647.7077085583 3673.3329177021
-425.5017492492 2686.5122857314 -309.5481364222 2521.0672246566
-141.3070865342 2696.2997435922 93.5306462485 2678.3674165828
202.0167839483 3854.7100045273 416.0232762271 3958.1971443622
181.2685437293 932.5458246404 287.7261598931 319.5522757127
287.7261598931 319.5522757127 1522.5970800268 709.9986844310
2819.0778590836 1026.0604389725 3035.1146243182 1045.0737855528
3117.5535013411 953.1317675305 3277.9023800755 939.9233940570
10499.6137225044 2813.3630548149 10700.9347444070 2274.5539333995
12878.9486383958 2503.4140627477 12988.1016718107 2057.1132595724
12988.1016718107 2057.1132595724 13140.8572658656 1846.8270948164
10959.6312829611 1151.9037032409 11074.8015383794 580.4057938279
9764.0483787662 340.9681174449 9568.5424420504 167.0195637631
