19 4
-860.0000000000 0.0000000000 -1622.7553882957 434.8159952868
-1622.7553882957 434.8159952868 -1647.7036880007 699.4087192400
-13328.1309688464 7694.9999920258 -13166.0897436753 7910.9848224786
-14917.1660173402 9321.2798483422 -14599.3516593715 9847.3870202204
-12614.9414882161 8833.0771110007 -12564.0339291967 9128.3049590817
-12564.0339291967 9128.3049590817 -12362.8777024065 9316.0965492711
-5877.0061737469 5675.3588814929 -5543.3738015289 5740.3316016170
-5543.3738015289 5740.3316016170 -5224.1074433298 5602.1693495061
-3595.4630206743 4601.9827973346 -1943.6122744534 3655.4030320327
-1843.2014334877 3617.4864858889 -1911.2982050021 3918.7420394248
-2058.1509403988 4413.7189202005 -1805.8663636860 4961.5770352286
-1077.6305956847 3129.6664837078 -810.1036156931 3023.3478350731
-810.1036156931 3023.3478350731 -623.1144246772 2699.0050784982
-623.1144246772 2699.0050784982 1881.9152860039 1269.3678963582
1881.9152860039 1269.3678963582 1905.2558850351 1100.0000056996
1905.2558850351 1100.0000056996 1620.0885399231 687.6867912138
1620.0885399231 687.6867912138 1783.1386124392 684.4827892858
2508.9792945844 913.1937906855 3500.7170704195 367.9402028501
4628.6971920695 323.6700544196 4254.1618172675 222.9511886120
