14 4
-6860.0000000000 0.0000000000 -6648.9871727923 116.0585026753
-6605.9733666054 230.6856729400 -6730.7630642669 352.7443446747
-6730.7630642669 352.7443446747 -6449.6048642696 1021.5170555551
-1477.8665143407 395.9931385648 -1293.2986137774 872.3409285374
-1293.2986137774 872.3409285374 -1456.2305906345 1058.0134530809
-1826.2930105742 1478.9029175466 -1199.4200716146 1118.4773094739
-1111.6573280193 1192.1065325973 -843.4562223157 1079.5747315665
-843.4562223157 1079.5747315665 -587.7852531637 809.0169937419
-587.7852531637 809.0169937419 -560.0000011606 969.9484515685
-560.0000011606 969.9484515685 -212.2407650714 740.1715055593
-140.6550251829 797.6942797155 720.8408804035 450.4313767259
737.0111168613 359.4643426306 911.5018411037 331.7595419344
817.0724407813 234.2917551168 1086.7312125321 270.9525266693
1086.7312125321 270.9525266693 1730.0000000000 0.0000062103
