19 4
-1050.0000000000 0.0000000000 -1171.1215761233 1874.1862911511
-1673.8737467356 2785.7937253123 -1657.2346204881 3116.8050007429
-2389.1227562527 4898.4275492811 -2188.2431462170 4914.8745592369
-1659.5072144027 4107.4244734803 -702.3907551945 4434.7206481375
-642.2514484035 5230.7182180867 -532.0498865126 5062.1164465332
-532.0498865126 5062.1164465332 -351.5726362936 5027.7228127065
-351.5726362936 5027.7228127065 -243.3622045867 4643.6273361865
-243.3622045867 4643.6273361865 -0.0000085078 4740.0000000000
-0.0000085078 4740.0000000000 160.1886814480 4587.2038963116
160.1886814480 4587.2038963116 483.9667761134 4604.6363764817
444.8230964205 3622.7934543513 460.6629577716 3277.7873084349
506.8476604121 3200.1102245290 681.9503393558 3208.3241317941
1130.7278619767 2539.6563748172 1161.2244778232 1335.8359600281
1161.2244778232 1335.8359600281 1319.8509002196 1366.7456241706
1319.8509002196 1366.7456241706 1371.1387082420 1071.2509709496
1371.1387082420 1071.2509709496 1650.3946650813 1199.0819194163
2465.6476483173 1726.4650805468 3417.0071788565 1816.8549583396
1354.3299146607 690.0655637366 1389.9123045943 478.5851915148
3899.3317127168 1266.9696895353 3931.3642310088 552.5172242970
