21 4
-1816.3594575348 223.0208981779 -710.7856043373 535.6153700808
-1698.1759182626 1821.0707154400 -2073.1465339406 2384.8822714780
-2073.1465339406 2384.8822714780 -1957.8034941343 2505.8741944390
-1957.8034941343 2505.8741944390 -1710.4550867065 2354.2394517890
-1710.4550867065 2354.2394517890 -1761.4576488494 2611.4683515811
-1409.5852454696 2255.8079341456 -1420.0000029430 2459.5121450486
-2168.9586251147 4079.2178763264 -2012.1235690275 4125.4646699450
-2318.8148210278 5739.2680566238 -2089.2851533388 5442.7738836036
-2089.2851533388 5442.7738836036 -1930.6191638702 5606.9251505702
-1930.6191638702 5606.9251505702 -1724.9930660784 5642.1980576706
-1724.9930660784 5642.1980576706 -1717.2207355780 5988.6603631614
-1364.4394994767 5472.4678941286 -1196.7396170695 5183.6487428197
-1196.7396170695 5183.6487428197 -925.5447953394 5249.0253220784
-217.1100400240 1544.8181868818 325.4160599398 697.8569967646
325.4160599398 697.8569967646 1172.0479952261 983.4650460928
1172.0479952261 983.4650460928 2269.1753099900 1206.5419232385
3118.5228298108 1588.9667586040 3197.4090973201 1423.5782607129
3696.9784844289 1419.1370919224 3984.2967075049 1450.1654204144
6732.3854752887 2058.2968231334 6859.5652508136 1583.6554454268
14530.8756538732 1784.1672375856 14460.3483533806 1519.8439060910
7102.6560361066 496.6661179886 7230.0000000000 0.0000259542
