18 4
-450.0000000000 0.0000000000 -414.8713771638 931.8163662494
-414.8713771638 931.8163662494 -472.7846669603 1113.8108720457
-887.8176293757 2197.4257341193 -888.8010653230 2581.2657101276
-888.8010653230 2581.2657101276 -701.6920946760 2295.1314132897
-812.8575741563 3260.1936390553 -824.2948667079 4240.6294311952
-824.2948667079 4240.6294311952 -610.9699203240 4347.2768207763
-610.9699203240 4347.2768207763 -376.5128159652 4303.5610951181
-223.2207214562 3192.2049604486 -0.0000057616 3210.0000000000
-0.0000057616 3210.0000000000 52.1826898219 2989.5446086123
52.1826898219 2989.5446086123 113.7723532724 3258.0140962910
484.5859191830 5538.8425223082 775.1941615673 5515.7931444056
607.7686149601 3446.8271367548 1214.1715014879 3335.9088064536
1086.1289273316 2329.2110151752 1227.4392051874 2516.6233324773
1225.3207734480 2304.4932202454 1416.3547003144 2357.2100803487
1377.9367533831 2121.8365402820 1325.2871763667 1964.8190502328
1325.2871763667 1964.8190502328 1673.0457587394 2220.2067221690
551.5432878406 551.5432908105 557.5317831213 159.8696681974
557.5317831213 159.8696681974 480.0000000000 0.0000017231
