20 4
-3651.0844239713 255.3086936122 -3348.3463603593 590.4038033998
-3348.3463603593 590.4038033998 -3001.0597997182 692.8492466010
-3001.0597997182 692.8492466010 -3018.3617255225 865.5012963022
-3137.2323217351 1885.0393522312 -2976.6488186961 1860.0166155589
-5365.4458927153 3756.9256543542 -5191.1308181939 3911.7976466578
-5191.1308181939 3911.7976466578 -4862.0263526322 3798.6312990746
-4862.0263526322 3798.6312990746 -5028.1343737935 4071.7029261816
-2523.3939347677 2706.0086936257 -2283.0854234535 2626.3893369442
-2301.1796454125 2742.4391040713 -1950.1028959881 3120.8169915999
-693.2777584738 1250.7061803659 -34.0321960133 1949.7030054946
-0.0000087411 4870.0000000000 457.5676395163 5230.0221658486
545.6385683179 5191.4042948670 1262.4190803349 4402.5785700662
1262.4190803349 4402.5785700662 1265.9694726133 4140.7995960214
1265.9694726133 4140.7995960214 1386.9203292315 4027.9091350680
1386.9203292315 4027.9091350680 1562.4842510068 4070.4106629867
401.7296968164 668.5904955171 461.7001170377 512.7699307948
461.7001170377 512.7699307948 638.9385932517 447.3896222015
1136.3844467537 710.0918174267 1555.9962488291 274.3641259891
1555.9962488291 274.3641259891 1260.5336120505 154.7740704736
1256.9307030189 87.8931613294 1459.7776348374 25.4805186096
