26 4
-1935.8691476215 306.6115511314 -1759.1089037281 504.4163605838
-831.9851377741 254.3633828267 -1596.4225295669 612.8091930539
-1596.4225295669 612.8091930539 -1213.9259759469 914.7588342954
-1213.9259759469 914.7588342954 -1016.5338727546 794.2033023997
-1016.5338727546 794.2033023997 -1149.0666654476 964.1814136132
-1149.0666654476 964.1814136132 -789.7266021542 1216.0723226231
-2034.4003998786 3385.8108353796 -1165.9460211067 4066.1369720984
-1165.9460211067 4066.1369720984 -760.9567939620 3580.0202175020
-760.9567939620 3580.0202175020 -732.7065481848 3769.4483832846
-770.9979158174 4372.5464221441 -329.2505641479 4708.5023166617
-102.0551180525 1947.3275925943 28.7964676275 1649.7486970603
28.7964676275 1649.7486970603 103.1018301498 1967.3001836577
103.1018301498 1967.3001836577 255.9256171186 2084.3469189419
326.9480278584 2064.2686324894 360.6289975246 1855.2753774425
360.6289975246 1855.2753774425 485.8942730595 2104.6393409342
485.8942730595 2104.6393409342 726.7367872091 1798.7366794828
554.8381995091 1307.1168931528 644.7967921670 1163.2442120257
931.3327463577 1434.1266734713 855.5651391735 1268.4274881250
855.5651391735 1268.4274881250 1040.4678899008 1331.7381762514
1040.4678899008 1331.7381762514 911.9220475561 1049.0463188921
911.9220475561 1049.0463188921 1166.7261858166 1166.7261920990
1166.7261858166 1166.7261920990 1293.7895234962 974.9403411961
1293.7895234962 974.9403411961 876.4926856145 613.7267894302
876.4926856145 613.7267894302 1174.0578278249 292.7254975624
1174.0578278249 292.7254975624 1000.1707489468 140.5648354005
1000.1707489468 140.5648354005 1080.0000000000 0.0000038770
