26 4
-5469.1668925074 95.4646631029 -5176.8444839661 180.7793927125
-5536.4804789729 387.1484288382 -5748.0434080395 502.8886350808
-5748.0434080395 502.8886350808 -5856.0222947842 719.0291252729
-3149.0524586688 442.5704605506 -2650.7799981235 563.4406814817
-2716.8280337619 677.3813069205 -2534.2076035647 774.7850166561
-1455.1164701013 472.7960008713 -1230.9973334083 448.0463872656
-1230.9973334083 448.0463872656 -1384.1428316508 675.0915653375
-1384.1428316508 675.0915653375 -1128.2594225715 625.4044094652
-1589.1549666974 1112.7382854118 -2175.5747707862 2333.0183061259
-2175.5747707862 2333.0183061259 -1766.6154267286 2522.9882944723
-1129.5696668812 1674.6558952997 -993.8597236862 1792.9703984267
-993.8597236862 1792.9703984267 -826.2627115634 1621.6318729847
-826.2627115634 1621.6318729847 -872.3585843932 1788.6001510219
-872.3585843932 1788.6001510219 -797.9120466541 1974.9016091452
-1555.3169066021 4051.7390488576 -1277.6643557225 4179.0517816984
-678.0678987997 2364.7037710076 -422.9079849795 1831.8157211468
-478.1968923805 2249.7394809439 -212.6600164248 2430.7150629834
-163.2301525649 2334.2998773280 85.8527573773 2458.5014346245
175.0887444038 2503.8857664804 461.9041473697 2619.5886239337
575.9722542836 1883.9203704763 735.7840244280 2136.8719824539
988.8730998559 1645.7612197343 887.7616237211 1367.0330279287
2057.2483759084 2831.5594854819 2555.7543730066 1789.5584888059
2555.7543730066 1789.5584888059 2857.9220787761 1785.8279289014
2340.0667267386 1406.0539514581 2330.9816413905 1239.4049328208
2967.0517209343 1511.7883731861 3042.1063697360 1354.4330309069
1451.9018598906 229.9586685606 990.0000000000 0.0000035539
