17 4
-630.6922221233 157.2492319637 -512.1096040102 272.2935061298
-512.1096040102 272.2935061298 -606.7627460977 440.8389387837
-1445.5302739894 1089.2851908385 -1230.3658003688 1230.3657981604
-1230.3658003688 1230.3657981604 -1169.6926537958 1609.9438175465
-1367.1631320952 2466.4275724699 -1132.6169446137 2428.9048677900
-762.7049225416 2095.5145432878 -823.6874341638 2392.1619951000
-823.6874341638 2392.1619951000 -659.9885686956 2463.1108560499
-78.3613128717 4489.3161511131 -0.0000084719 4720.0000000000
-0.0000084719 4720.0000000000 163.6786309348 4687.1429790199
500.6913299316 4763.7598797726 604.4719337659 4923.0289133103
899.2394476701 2767.5744643557 1006.0055909215 2921.6524007888
3304.9999863003 5724.4279269247 3269.6018475879 5232.4567612404
3917.8157875515 5199.1171803309 3890.9805113449 4980.2279727272
3523.0369750908 4052.7904550005 3897.0334474905 4035.4962903143
3897.0334474905 4035.4962903143 3891.6283096390 3758.1017947384
468.1812388906 421.5522832946 548.2643674212 267.4064012252
903.5859933346 259.0991174233 1515.1101444442 212.9348496661
