18 4
-3918.0000000000 0.0000000000 -2189.0000000000 426.0000000000
-2189.0000000000 426.0000000000 -2372.0000000000 1261.0000000000
-2372.0000000000 1261.0000000000 -1728.0000000000 1399.0000000000
-1728.0000000000 1399.0000000000 -1773.0000000000 1653.0000000000
-1773.0000000000 1653.0000000000 -629.0000000000 1935.0000000000
-629.0000000000 1935.0000000000 -519.0000000000 1698.0000000000
-519.0000000000 1698.0000000000 766.0000000000 1996.0000000000
904.0000000000 2030.0000000000 1088.0000000000 2334.0000000000
1088.0000000000 2334.0000000000 1997.0000000000 2556.0000000000
1997.0000000000 2556.0000000000 2094.0000000000 2326.0000000000
2094.0000000000 2326.0000000000 2403.0000000000 2403.0000000000
2137.0000000000 1670.0000000000 2131.0000000000 1492.0000000000
2874.0000000000 1939.0000000000 2984.0000000000 1455.0000000000
2984.0000000000 1455.0000000000 3492.0000000000 1555.0000000000
3492.0000000000 1555.0000000000 3533.0000000000 1286.0000000000
5571.0000000000 1918.0000000000 6175.0000000000 1771.0000000000
8445.0000000000 2263.0000000000 8631.0000000000 1367.0000000000
6576.0000000000 924.0000000000 6768.0000000000 0.0000000000
