20 4
-1651.0000000000 0.0000000000 -1613.0000000000 931.0000000000
-1613.0000000000 931.0000000000 -1865.0000000000 1121.0000000000
-1865.0000000000 1121.0000000000 -1863.0000000000 2143.0000000000
-1863.0000000000 2143.0000000000 -1622.0000000000 2153.0000000000
-1622.0000000000 2153.0000000000 -1571.0000000000 2835.0000000000
-1571.0000000000 2835.0000000000 -1028.0000000000 2824.0000000000
-1028.0000000000 2824.0000000000 -987.0000000000 3443.0000000000
-979.0000000000 4242.0000000000 -973.0000000000 6143.0000000000
-988.0000000000 11290.0000000000 -805.0000000000 11512.0000000000
453.0000000000 8644.0000000000 1516.0000000000 8598.0000000000
1027.0000000000 5284.0000000000 1044.0000000000 4912.0000000000
1044.0000000000 4912.0000000000 1222.0000000000 4900.0000000000
1222.0000000000 4900.0000000000 1352.0000000000 5046.0000000000
1352.0000000000 5046.0000000000 1332.0000000000 2857.0000000000
1332.0000000000 2857.0000000000 2191.0000000000 2804.0000000000
2191.0000000000 2804.0000000000 2201.0000000000 2126.0000000000
2201.0000000000 2126.0000000000 2421.0000000000 2105.0000000000
2421.0000000000 2105.0000000000 2406.0000000000 1071.0000000000
2406.0000000000 1071.0000000000 2155.0000000000 871.0000000000
2155.0000000000 871.0000000000 2169.0000000000 0.0000000000
