13 4
-1046.0000000000 128.0000000000 -754.0000000000 160.0000000000
-754.0000000000 160.0000000000 -750.0000000000 525.0000000000
-750.0000000000 525.0000000000 -1039.0000000000 783.0000000000
-1039.0000000000 783.0000000000 -1035.0000000000 1278.0000000000
-1035.0000000000 1278.0000000000 -1333.0000000000 1706.0000000000
-1333.0000000000 1706.0000000000 -1223.0000000000 3027.0000000000
-888.0000000000 2312.0000000000 -535.0000000000 3035.0000000000
-819.0000000000 5170.0000000000 360.0000000000 5151.0000000000
267.0000000000 3047.0000000000 1679.0000000000 3029.0000000000
1679.0000000000 3029.0000000000 1684.0000000000 2802.0000000000
1393.0000000000 2065.0000000000 1319.0000000000 1815.0000000000
1319.0000000000 1815.0000000000 1690.0000000000 1876.0000000000
1690.0000000000 1876.0000000000 1680.0000000000 0.0000000000
