23 4
-2319.0000000000 0.0000000000 -2181.0000000000 667.0000000000
-2181.0000000000 667.0000000000 -1752.0000000000 603.0000000000
-1752.0000000000 603.0000000000 -1717.0000000000 765.0000000000
-1717.0000000000 765.0000000000 -1392.0000000000 679.0000000000
-1392.0000000000 679.0000000000 -1692.0000000000 900.0000000000
-1692.0000000000 900.0000000000 -1639.0000000000 1148.0000000000
-1639.0000000000 1148.0000000000 -1251.0000000000 1050.0000000000
-1251.0000000000 1050.0000000000 -1149.0000000000 1370.0000000000
-1870.0000000000 2310.0000000000 -1740.0000000000 2680.0000000000
-1740.0000000000 2680.0000000000 674.0000000000 2204.0000000000
674.0000000000 2204.0000000000 879.0000000000 2705.0000000000
879.0000000000 2705.0000000000 772.0000000000 2120.0000000000
2609.0000000000 5860.0000000000 2121.0000000000 3531.0000000000
1723.0000000000 2757.0000000000 2017.0000000000 2582.0000000000
2017.0000000000 2582.0000000000 2827.0000000000 2458.0000000000
2094.0000000000 1578.0000000000 2356.0000000000 1712.0000000000
3377.0000000000 2364.0000000000 2924.0000000000 1899.0000000000
3692.0000000000 2307.0000000000 4551.0000000000 2122.0000000000
4551.0000000000 2122.0000000000 4538.0000000000 1652.0000000000
4538.0000000000 1652.0000000000 5016.0000000000 1533.0000000000
5016.0000000000 1533.0000000000 4815.0000000000 1200.0000000000
3469.0000000000 801.0000000000 3408.0000000000 418.0000000000
1420.0000000000 149.0000000000 1502.0000000000 0.0000000000
