10 4
-606.0000000000 0.0000000000 -798.0000000000 1382.0000000000
-1266.0000000000 2285.0000000000 -867.0000000000 2257.0000000000
-867.0000000000 2257.0000000000 -941.0000000000 2896.0000000000
-941.0000000000 2896.0000000000 -157.0000000000 2988.0000000000
-344.0000000000 9842.0000000000 173.0000000000 9887.0000000000
173.0000000000 9887.0000000000 327.0000000000 9350.0000000000
532.0000000000 7609.0000000000 622.0000000000 7113.0000000000
675.0000000000 6426.0000000000 1324.0000000000 1279.0000000000
1324.0000000000 1279.0000000000 530.0000000000 259.0000000000
530.0000000000 259.0000000000 559.0000000000 0.0000000000
