31 4
-713.0000000000 0.0000000000 -605.0000000000 173.0000000000
-605.0000000000 173.0000000000 -981.0000000000 319.0000000000
-981.0000000000 319.0000000000 -1090.0000000000 532.0000000000
-973.0000000000 608.0000000000 -1499.0000000000 1011.0000000000
-1499.0000000000 1011.0000000000 -1501.0000000000 1215.0000000000
-1441.0000000000 1297.0000000000 -1124.0000000000 1124.0000000000
-1153.0000000000 1280.0000000000 -758.0000000000 872.0000000000
-758.0000000000 872.0000000000 -831.0000000000 1064.0000000000
-1124.0000000000 2305.0000000000 -1213.0000000000 2602.0000000000
-1093.0000000000 2576.0000000000 -718.0000000000 1973.0000000000
-718.0000000000 1973.0000000000 -701.0000000000 2158.0000000000
-701.0000000000 2158.0000000000 -437.0000000000 2250.0000000000
-437.0000000000 2250.0000000000 -388.0000000000 2448.0000000000
-498.0000000000 3543.0000000000 -470.0000000000 4476.0000000000
-221.0000000000 3161.0000000000 274.0000000000 3135.0000000000
471.0000000000 4484.0000000000 525.0000000000 4273.0000000000
525.0000000000 4273.0000000000 755.0000000000 4279.0000000000
755.0000000000 4279.0000000000 723.0000000000 3130.0000000000
723.0000000000 3130.0000000000 905.0000000000 3628.0000000000
803.0000000000 2995.0000000000 978.0000000000 3410.0000000000
978.0000000000 3410.0000000000 1072.0000000000 3115.0000000000
1481.0000000000 3665.0000000000 1637.0000000000 3856.0000000000
1637.0000000000 3856.0000000000 1494.0000000000 3355.0000000000
1604.0000000000 3440.0000000000 1722.0000000000 3106.0000000000
2613.0000000000 3874.0000000000 2596.0000000000 3323.0000000000
2231.0000000000 2755.0000000000 2211.0000000000 2456.0000000000
2299.0000000000 2465.0000000000 2720.0000000000 2817.0000000000
2720.0000000000 2817.0000000000 2293.0000000000 2214.0000000000
2293.0000000000 2214.0000000000 2289.0000000000 1725.0000000000
2289.0000000000 1725.0000000000 3041.0000000000 1617.0000000000
3041.0000000000 1617.0000000000 2995.0000000000 0.0000000000
