16 4
-9475.0000000000 165.0000000000 -9378.0000000000 656.0000000000
-17321.0000000000 2127.0000000000 -17684.0000000000 2485.0000000000
-7864.0000000000 1246.0000000000 -8196.0000000000 1445.0000000000
-9419.0000000000 2002.0000000000 -9048.0000000000 2089.0000000000
-14676.0000000000 3659.0000000000 -14618.0000000000 3917.0000000000
-11007.0000000000 3156.0000000000 -10972.0000000000 3354.0000000000
-8875.0000000000 3056.0000000000 -8804.0000000000 3379.0000000000
-3340.0000000000 1349.0000000000 -3028.0000000000 1285.0000000000
-3028.0000000000 1285.0000000000 -2928.0000000000 1557.0000000000
-2928.0000000000 1557.0000000000 -2262.0000000000 1413.0000000000
-2262.0000000000 1413.0000000000 -2040.0000000000 1652.0000000000
-1395.0000000000 1171.0000000000 -633.0000000000 591.0000000000
-529.0000000000 630.0000000000 -390.0000000000 1277.0000000000
-390.0000000000 1277.0000000000 384.0000000000 1116.0000000000
2897.0000000000 7546.0000000000 2863.0000000000 7086.0000000000
2725.0000000000 6421.0000000000 1469.0000000000 0.0000000000
