33 4
-2197.0000000000 0.0000000000 -2091.0000000000 257.0000000000
-4253.0000000000 598.0000000000 -3776.0000000000 666.0000000000
-3776.0000000000 666.0000000000 -4277.0000000000 831.0000000000
-4277.0000000000 831.0000000000 -4065.0000000000 1013.0000000000
-2751.0000000000 737.0000000000 -2643.0000000000 1177.0000000000
-3691.0000000000 1800.0000000000 -3413.0000000000 1892.0000000000
-3413.0000000000 1892.0000000000 -3440.0000000000 2149.0000000000
-2513.0000000000 1632.0000000000 -2337.0000000000 1576.0000000000
-2337.0000000000 1576.0000000000 -2781.0000000000 1947.0000000000
-2205.0000000000 1602.0000000000 -2420.0000000000 1891.0000000000
-2420.0000000000 1891.0000000000 -2187.0000000000 1901.0000000000
-2187.0000000000 1901.0000000000 -2552.0000000000 2379.0000000000
-2407.0000000000 2407.0000000000 -2038.0000000000 2185.0000000000
-2038.0000000000 2185.0000000000 -1839.0000000000 2626.0000000000
-2260.0000000000 3616.0000000000 -1915.0000000000 3454.0000000000
-1467.0000000000 2759.0000000000 -1607.0000000000 3295.0000000000
-1607.0000000000 3295.0000000000 -1439.0000000000 3231.0000000000
-1439.0000000000 3231.0000000000 -1327.0000000000 3457.0000000000
-1248.0000000000 3428.0000000000 -1250.0000000000 3630.0000000000
-862.0000000000 2652.0000000000 -384.0000000000 2425.0000000000
-384.0000000000 2425.0000000000 -0.0000000000 3070.0000000000
-0.0000000000 3070.0000000000 1354.0000000000 2443.0000000000
1354.0000000000 2443.0000000000 1652.0000000000 2273.0000000000
1652.0000000000 2273.0000000000 1396.0000000000 1606.0000000000
1396.0000000000 1606.0000000000 1635.0000000000 1816.0000000000
1635.0000000000 1816.0000000000 1456.0000000000 1508.0000000000
1456.0000000000 1508.0000000000 1806.0000000000 1744.0000000000
1806.0000000000 1744.0000000000 1979.0000000000 1660.0000000000
1979.0000000000 1660.0000000000 1805.0000000000 1264.0000000000
1805.0000000000 1264.0000000000 2047.0000000000 1134.0000000000
2047.0000000000 1134.0000000000 2214.0000000000 1177.0000000000
3148.0000000000 1604.0000000000 3506.0000000000 1416.0000000000
3506.0000000000 1416.0000000000 2859.0000000000 0.0000000000
