24 4
-2942.0000000000 0.0000000000 -2960.0000000000 259.0000000000
-2960.0000000000 259.0000000000 -2518.0000000000 309.0000000000
-2518.0000000000 444.0000000000 -2164.0000000000 421.0000000000
-2164.0000000000 421.0000000000 -2523.0000000000 582.0000000000
-2523.0000000000 582.0000000000 -2530.0000000000 822.0000000000
-2530.0000000000 822.0000000000 -2128.0000000000 817.0000000000
-2128.0000000000 817.0000000000 -2088.0000000000 1157.0000000000
-2984.0000000000 1723.0000000000 -2961.0000000000 2313.0000000000
-2961.0000000000 2313.0000000000 -672.0000000000 2343.0000000000
-672.0000000000 2343.0000000000 -474.0000000000 2437.0000000000
-474.0000000000 2437.0000000000 -364.0000000000 2297.0000000000
-364.0000000000 2297.0000000000 -358.0000000000 2912.0000000000
-323.0000000000 9246.0000000000 161.0000000000 9241.0000000000
562.0000000000 16081.0000000000 1406.0000000000 16067.0000000000
433.0000000000 3080.0000000000 884.0000000000 3084.0000000000
884.0000000000 3084.0000000000 772.0000000000 2527.0000000000
1005.0000000000 3093.0000000000 1313.0000000000 3094.0000000000
935.0000000000 2099.0000000000 1050.0000000000 1975.0000000000
1536.0000000000 2771.0000000000 1436.0000000000 2488.0000000000
2246.0000000000 3091.0000000000 3320.0000000000 3096.0000000000
3320.0000000000 3096.0000000000 3399.0000000000 2656.0000000000
672.0000000000 507.0000000000 919.0000000000 468.0000000000
919.0000000000 468.0000000000 784.0000000000 382.0000000000
784.0000000000 382.0000000000 670.0000000000 0.0000000000
