20 4
-1671.0000000000 0.0000000000 -1792.0000000000 414.0000000000
-1792.0000000000 414.0000000000 -2079.0000000000 557.0000000000
-2079.0000000000 557.0000000000 -1617.0000000000 464.0000000000
-2152.0000000000 826.0000000000 -2227.0000000000 992.0000000000
-2393.0000000000 1495.0000000000 -2179.0000000000 1583.0000000000
-2179.0000000000 1583.0000000000 -2370.0000000000 2210.0000000000
-2370.0000000000 2210.0000000000 -1355.0000000000 2548.0000000000
-1355.0000000000 2548.0000000000 -1547.0000000000 3173.0000000000
-1547.0000000000 3173.0000000000 -1413.0000000000 3030.0000000000
-1413.0000000000 3030.0000000000 -1250.0000000000 3095.0000000000
-1998.0000000000 5204.0000000000 -1902.0000000000 5854.0000000000
-2440.0000000000 7981.0000000000 -1597.0000000000 8216.0000000000
-1089.0000000000 6179.0000000000 114.0000000000 6523.0000000000
187.0000000000 5348.0000000000 570.0000000000 5426.0000000000
570.0000000000 5426.0000000000 1422.0000000000 2791.0000000000
1422.0000000000 2791.0000000000 1692.0000000000 2817.0000000000
1692.0000000000 2817.0000000000 2006.0000000000 1806.0000000000
2006.0000000000 1806.0000000000 1811.0000000000 1574.0000000000
1811.0000000000 1574.0000000000 2246.0000000000 197.0000000000
2246.0000000000 197.0000000000 2529.0000000000 133.0000000000
