24 4
-1800.0000000000 0.0000000000 -1638.0000000000 2522.0000000000
-1638.0000000000 2522.0000000000 -1863.0000000000 2981.0000000000
-1863.0000000000 2981.0000000000 -1846.0000000000 3473.0000000000
-1846.0000000000 3473.0000000000 -1827.0000000000 3746.0000000000
-1827.0000000000 3746.0000000000 -1556.0000000000 3851.0000000000
-1556.0000000000 3851.0000000000 -1458.0000000000 5086.0000000000
-1663.0000000000 6205.0000000000 -1608.0000000000 6450.0000000000
-1608.0000000000 6450.0000000000 -1381.0000000000 6495.0000000000
-1381.0000000000 6495.0000000000 -1357.0000000000 6983.0000000000
-1253.0000000000 7103.0000000000 -742.0000000000 7061.0000000000
-740.0000000000 8461.0000000000 -622.0000000000 8888.0000000000
-208.0000000000 11908.0000000000 -0.0000000000 12194.0000000000
224.0000000000 12855.0000000000 1786.0000000000 12711.0000000000
1433.0000000000 9047.0000000000 1590.0000000000 9016.0000000000
1590.0000000000 9016.0000000000 1690.0000000000 8696.0000000000
1598.0000000000 6920.0000000000 2368.0000000000 6877.0000000000
2368.0000000000 6877.0000000000 2378.0000000000 6194.0000000000
2378.0000000000 6194.0000000000 2623.0000000000 6178.0000000000
2623.0000000000 6178.0000000000 2636.0000000000 5922.0000000000
2298.0000000000 4928.0000000000 2239.0000000000 3878.0000000000
717.0000000000 1193.0000000000 719.0000000000 827.0000000000
719.0000000000 827.0000000000 988.0000000000 829.0000000000
988.0000000000 829.0000000000 937.0000000000 82.0000000000
937.0000000000 82.0000000000 1144.0000000000 0.0000000000
