21 4
-2446.0000000000 0.0000000000 -2758.0000000000 241.0000000000
-2758.0000000000 241.0000000000 -1616.0000000000 1733.0000000000
-1616.0000000000 1733.0000000000 -1246.0000000000 1485.0000000000
-1246.0000000000 1485.0000000000 -1139.0000000000 1626.0000000000
-1139.0000000000 1626.0000000000 -899.0000000000 1385.0000000000
-899.0000000000 1385.0000000000 -1047.0000000000 1676.0000000000
-1047.0000000000 1676.0000000000 -931.0000000000 1909.0000000000
-931.0000000000 1909.0000000000 -604.0000000000 1659.0000000000
-604.0000000000 1659.0000000000 -393.0000000000 2020.0000000000
-554.0000000000 3144.0000000000 -351.0000000000 3337.0000000000
-351.0000000000 3337.0000000000 1607.0000000000 1848.0000000000
2165.0000000000 2404.0000000000 1667.0000000000 1726.0000000000
5007.0000000000 4352.0000000000 3581.0000000000 2508.0000000000
2788.0000000000 1881.0000000000 2994.0000000000 1592.0000000000
2994.0000000000 1592.0000000000 3239.0000000000 1510.0000000000
3348.0000000000 1421.0000000000 3465.0000000000 1261.0000000000
3465.0000000000 1261.0000000000 3252.0000000000 1120.0000000000
3252.0000000000 1120.0000000000 3602.0000000000 1170.0000000000
2637.0000000000 658.0000000000 3224.0000000000 744.0000000000
4048.0000000000 714.0000000000 4461.0000000000 548.0000000000
4736.0000000000 331.0000000000 5103.0000000000 0.0000000000
