11 4
-884.0000000000 0.0000000000 -958.0000000000 275.0000000000
-3255.0000000000 995.0000000000 -3040.0000000000 1047.0000000000
-3040.0000000000 1047.0000000000 -2946.0000000000 1374.0000000000
-2946.0000000000 1374.0000000000 -2576.0000000000 1488.0000000000
-1938.0000000000 1165.0000000000 -1227.0000000000 1030.0000000000
-1146.0000000000 1146.0000000000 -1270.0000000000 1747.0000000000
-1270.0000000000 1747.0000000000 -556.0000000000 1939.0000000000
-2131.0000000000 8547.0000000000 -1084.0000000000 8830.0000000000
-462.0000000000 6609.0000000000 -325.0000000000 6196.0000000000
-195.0000000000 5580.0000000000 1188.0000000000 432.0000000000
1188.0000000000 432.0000000000 977.0000000000 0.0000000000
