26 4
-1719.0000000000 0.0000000000 -1667.0000000000 1449.0000000000
-1667.0000000000 1449.0000000000 -1920.0000000000 1728.0000000000
-1920.0000000000 1728.0000000000 -1908.0000000000 2119.0000000000
-1908.0000000000 2119.0000000000 -1876.0000000000 2679.0000000000
-1876.0000000000 2679.0000000000 -1621.0000000000 2698.0000000000
-1621.0000000000 2698.0000000000 -1559.0000000000 4062.0000000000
-1800.0000000000 4947.0000000000 -1756.0000000000 5405.0000000000
-1756.0000000000 5405.0000000000 -1552.0000000000 5413.0000000000
-1552.0000000000 5413.0000000000 -1498.0000000000 6010.0000000000
-1498.0000000000 6010.0000000000 -955.0000000000 6028.0000000000
-955.0000000000 6028.0000000000 -877.0000000000 6241.0000000000
-916.0000000000 7458.0000000000 -818.0000000000 7782.0000000000
-828.0000000000 11834.0000000000 -414.0000000000 11868.0000000000
413.0000000000 11841.0000000000 1650.0000000000 11739.0000000000
1422.0000000000 8066.0000000000 1506.0000000000 7747.0000000000
1455.0000000000 6303.0000000000 1483.0000000000 5950.0000000000
1483.0000000000 5950.0000000000 2273.0000000000 5921.0000000000
2273.0000000000 5921.0000000000 2340.0000000000 5255.0000000000
2340.0000000000 5255.0000000000 2514.0000000000 5155.0000000000
2514.0000000000 5155.0000000000 2475.0000000000 4654.0000000000
2204.0000000000 3976.0000000000 2144.0000000000 2555.0000000000
2144.0000000000 2555.0000000000 2385.0000000000 2558.0000000000
2385.0000000000 2558.0000000000 2370.0000000000 1786.0000000000
1088.0000000000 791.0000000000 1031.0000000000 375.0000000000
1031.0000000000 375.0000000000 739.0000000000 240.0000000000
739.0000000000 240.0000000000 723.0000000000 0.0000000000
