13 4
-2061.0000000000 0.0000000000 -2124.0000000000 569.0000000000
-2124.0000000000 569.0000000000 -1065.0000000000 640.0000000000
-1065.0000000000 640.0000000000 -1094.0000000000 1173.0000000000
-1094.0000000000 1173.0000000000 -808.0000000000 1154.0000000000
-808.0000000000 1154.0000000000 -896.0000000000 1686.0000000000
-1501.0000000000 3077.0000000000 -1453.0000000000 3993.0000000000
-1067.0000000000 3284.0000000000 -774.0000000000 3984.0000000000
-1085.0000000000 6152.0000000000 -0.0000000000 6193.0000000000
72.0000000000 4103.0000000000 1428.0000000000 4148.0000000000
1162.0000000000 3192.0000000000 1130.0000000000 2943.0000000000
1130.0000000000 2943.0000000000 1532.0000000000 3006.0000000000
1532.0000000000 3006.0000000000 1710.0000000000 150.0000000000
1710.0000000000 150.0000000000 1972.0000000000 138.0000000000
