24 4
-3158.0000000000 0.0000000000 -1309.0000000000 207.0000000000
-1233.0000000000 331.0000000000 -1974.0000000000 1094.0000000000
-1990.0000000000 1244.0000000000 -1575.0000000000 1062.0000000000
-1575.0000000000 1062.0000000000 -2018.0000000000 1466.0000000000
-2018.0000000000 1466.0000000000 -1718.0000000000 1494.0000000000
-1718.0000000000 1494.0000000000 -1757.0000000000 1820.0000000000
-1757.0000000000 1820.0000000000 -2088.0000000000 2239.0000000000
-2088.0000000000 2239.0000000000 -2312.0000000000 4170.0000000000
-2688.0000000000 5055.0000000000 -2708.0000000000 5315.0000000000
-2708.0000000000 5315.0000000000 -2439.0000000000 5479.0000000000
-2439.0000000000 5479.0000000000 -2555.0000000000 6323.0000000000
-2803.0000000000 8142.0000000000 -2813.0000000000 8657.0000000000
-2813.0000000000 8657.0000000000 -2692.0000000000 8807.0000000000
-2692.0000000000 8807.0000000000 -2224.0000000000 8918.0000000000
-2850.0000000000 14662.0000000000 -519.0000000000 14867.0000000000
159.0000000000 9116.0000000000 641.0000000000 9171.0000000000
267.0000000000 3057.0000000000 330.0000000000 2691.0000000000
330.0000000000 2691.0000000000 583.0000000000 2743.0000000000
583.0000000000 2743.0000000000 651.0000000000 2270.0000000000
651.0000000000 2270.0000000000 834.0000000000 2291.0000000000
834.0000000000 2291.0000000000 977.0000000000 2003.0000000000
650.0000000000 1276.0000000000 347.0000000000 496.0000000000
438.0000000000 409.0000000000 1076.0000000000 479.0000000000
1076.0000000000 479.0000000000 1139.0000000000 0.0000000000
