18 4
-2044.0000000000 0.0000000000 -2033.0000000000 358.0000000000
-2033.0000000000 358.0000000000 -1032.0000000000 460.0000000000
-1032.0000000000 460.0000000000 -1112.0000000000 1279.0000000000
-1112.0000000000 1279.0000000000 -826.0000000000 1272.0000000000
-826.0000000000 1272.0000000000 -857.0000000000 1612.0000000000
-1599.0000000000 3139.0000000000 -1533.0000000000 3795.0000000000
-1533.0000000000 3795.0000000000 -1145.0000000000 3145.0000000000
-1145.0000000000 3145.0000000000 -882.0000000000 3820.0000000000
-1271.0000000000 5977.0000000000 106.0000000000 6078.0000000000
106.0000000000 6078.0000000000 871.0000000000 5500.0000000000
705.0000000000 3999.0000000000 993.0000000000 3707.0000000000
993.0000000000 3707.0000000000 1059.0000000000 3258.0000000000
1152.0000000000 3165.0000000000 1348.0000000000 3336.0000000000
1348.0000000000 3336.0000000000 1187.0000000000 2797.0000000000
1187.0000000000 2797.0000000000 1215.0000000000 2491.0000000000
1215.0000000000 2491.0000000000 1512.0000000000 2516.0000000000
1512.0000000000 2516.0000000000 1764.0000000000 92.0000000000
1764.0000000000 92.0000000000 2005.0000000000 0.0000000000
