20 4
-2156.0000000000 0.0000000000 -2254.0000000000 646.0000000000
-2254.0000000000 646.0000000000 -1991.0000000000 725.0000000000
-1991.0000000000 725.0000000000 -2105.0000000000 1315.0000000000
-2105.0000000000 1315.0000000000 -1034.0000000000 1476.0000000000
-1034.0000000000 1476.0000000000 -1117.0000000000 2192.0000000000
-1117.0000000000 2192.0000000000 -864.0000000000 2251.0000000000
-864.0000000000 2251.0000000000 -892.0000000000 2590.0000000000
-1554.0000000000 4784.0000000000 -1191.0000000000 4155.0000000000
-1191.0000000000 4155.0000000000 -937.0000000000 4821.0000000000
-1232.0000000000 6986.0000000000 -0.0000000000 7096.0000000000
-0.0000000000 7096.0000000000 692.0000000000 6582.0000000000
626.0000000000 5098.0000000000 918.0000000000 4722.0000000000
918.0000000000 4722.0000000000 925.0000000000 4352.0000000000
925.0000000000 4352.0000000000 1120.0000000000 4179.0000000000
1120.0000000000 4179.0000000000 1255.0000000000 4376.0000000000
1149.0000000000 3759.0000000000 1195.0000000000 3469.0000000000
1195.0000000000 3469.0000000000 1441.0000000000 3568.0000000000
1441.0000000000 3568.0000000000 1737.0000000000 1172.0000000000
1737.0000000000 1172.0000000000 1999.0000000000 1154.0000000000
1999.0000000000 1154.0000000000 2135.0000000000 0.0000000000
