16 4
-3060.0000000000 107.0000000000 -2034.0000000000 178.0000000000
-2034.0000000000 178.0000000000 -398.0000000000 63.0000000000
-398.0000000000 63.0000000000 -419.0000000000 858.0000000000
-419.0000000000 858.0000000000 -537.0000000000 1206.0000000000
-537.0000000000 1206.0000000000 -488.0000000000 4645.0000000000
-558.0000000000 6378.0000000000 -246.0000000000 7052.0000000000
-246.0000000000 7052.0000000000 246.0000000000 7041.0000000000
725.0000000000 13835.0000000000 1453.0000000000 13822.0000000000
626.0000000000 3951.0000000000 613.0000000000 1684.0000000000
376.0000000000 845.0000000000 735.0000000000 876.0000000000
703.0000000000 781.0000000000 869.0000000000 869.0000000000
869.0000000000 869.0000000000 1226.0000000000 859.0000000000
1158.0000000000 781.0000000000 1810.0000000000 844.0000000000
2192.0000000000 841.0000000000 2922.0000000000 838.0000000000
1140.0000000000 181.0000000000 1393.0000000000 196.0000000000
1393.0000000000 196.0000000000 766.0000000000 80.0000000000
