14 4
-6290.0000000000 0.0000000000 -6255.0000000000 218.0000000000
-6255.0000000000 218.0000000000 -6394.0000000000 335.0000000000
-7786.0000000000 681.0000000000 -7470.0000000000 917.0000000000
-3732.0000000000 1000.0000000000 -3672.0000000000 1193.0000000000
-3638.0000000000 1324.0000000000 -3013.0000000000 3231.0000000000
-1626.0000000000 1806.0000000000 -463.0000000000 1516.0000000000
-463.0000000000 1516.0000000000 -322.0000000000 1125.0000000000
-322.0000000000 1125.0000000000 -71.0000000000 1013.0000000000
-71.0000000000 1013.0000000000 -22.0000000000 1262.0000000000
66.0000000000 1267.0000000000 2291.0000000000 571.0000000000
4375.0000000000 1010.0000000000 4331.0000000000 842.0000000000
4440.0000000000 783.0000000000 5683.0000000000 397.0000000000
6823.0000000000 358.0000000000 6957.0000000000 243.0000000000
6921.0000000000 121.0000000000 7209.0000000000 0.0000000000
