18 4
-1718.0000000000 0.0000000000 -1722.0000000000 915.0000000000
-1722.0000000000 915.0000000000 -1456.0000000000 945.0000000000
-1456.0000000000 945.0000000000 -1457.0000000000 1562.0000000000
-1457.0000000000 1562.0000000000 -851.0000000000 1600.0000000000
-851.0000000000 1600.0000000000 -951.0000000000 2925.0000000000
-951.0000000000 2925.0000000000 -806.0000000000 3009.0000000000
-806.0000000000 3009.0000000000 -760.0000000000 5407.0000000000
-1004.0000000000 9556.0000000000 -791.0000000000 9039.0000000000
-584.0000000000 11147.0000000000 -394.0000000000 11272.0000000000
-0.0000000000 9178.0000000000 335.0000000000 9597.0000000000
335.0000000000 9597.0000000000 504.0000000000 9620.0000000000
772.0000000000 7346.0000000000 1963.0000000000 7327.0000000000
1579.0000000000 5506.0000000000 1598.0000000000 5227.0000000000
1642.0000000000 4770.0000000000 1505.0000000000 1558.0000000000
1505.0000000000 1558.0000000000 2332.0000000000 1514.0000000000
2332.0000000000 1514.0000000000 2306.0000000000 885.0000000000
2306.0000000000 885.0000000000 2583.0000000000 839.0000000000
2583.0000000000 839.0000000000 2532.0000000000 0.0000000000
