27 4
-1478.0000000000 0.0000000000 -1233.0000000000 65.0000000000
-1233.0000000000 65.0000000000 -1374.0000000000 317.0000000000
-1374.0000000000 317.0000000000 -1646.0000000000 410.0000000000
-1646.0000000000 410.0000000000 -1609.0000000000 617.0000000000
-1609.0000000000 617.0000000000 -1316.0000000000 614.0000000000
-1316.0000000000 614.0000000000 -1272.0000000000 959.0000000000
-1272.0000000000 959.0000000000 -1523.0000000000 1278.0000000000
-1523.0000000000 1278.0000000000 -1260.0000000000 3463.0000000000
-1407.0000000000 4087.0000000000 -1337.0000000000 4661.0000000000
-1337.0000000000 4661.0000000000 -1077.0000000000 4666.0000000000
-1077.0000000000 4666.0000000000 -926.0000000000 5847.0000000000
-1021.0000000000 7265.0000000000 -769.0000000000 7318.0000000000
-769.0000000000 7318.0000000000 -556.0000000000 7949.0000000000
-556.0000000000 7949.0000000000 -138.0000000000 7892.0000000000
-138.0000000000 7892.0000000000 -0.0000000000 8325.0000000000
718.0000000000 13702.0000000000 3078.0000000000 13331.0000000000
2308.0000000000 8050.0000000000 2320.0000000000 7589.0000000000
2320.0000000000 7589.0000000000 3033.0000000000 7506.0000000000
3033.0000000000 7506.0000000000 3044.0000000000 6838.0000000000
3044.0000000000 6838.0000000000 3254.0000000000 6672.0000000000
2837.0000000000 5568.0000000000 2783.0000000000 5020.0000000000
1006.0000000000 1675.0000000000 962.0000000000 1324.0000000000
962.0000000000 1324.0000000000 1238.0000000000 1282.0000000000
1238.0000000000 1282.0000000000 1182.0000000000 828.0000000000
1182.0000000000 828.0000000000 1402.0000000000 777.0000000000
1402.0000000000 777.0000000000 1462.0000000000 620.0000000000
1462.0000000000 620.0000000000 1388.0000000000 0.0000000000
