19 4
-1075.0000000000 0.0000000000 -1098.0000000000 174.0000000000
-1098.0000000000 174.0000000000 -816.0000000000 203.0000000000
-816.0000000000 203.0000000000 -836.0000000000 564.0000000000
-836.0000000000 564.0000000000 -1137.0000000000 826.0000000000
-1137.0000000000 826.0000000000 -1146.0000000000 1032.0000000000
-1146.0000000000 1032.0000000000 -1473.0000000000 1423.0000000000
-1473.0000000000 1423.0000000000 -1478.0000000000 2666.0000000000
-1102.0000000000 2073.0000000000 -792.0000000000 2761.0000000000
-1320.0000000000 4927.0000000000 263.0000000000 5012.0000000000
263.0000000000 5012.0000000000 1075.0000000000 4310.0000000000
846.0000000000 3159.0000000000 822.0000000000 2867.0000000000
822.0000000000 2867.0000000000 1132.0000000000 2541.0000000000
1132.0000000000 2541.0000000000 1081.0000000000 2216.0000000000
1081.0000000000 2216.0000000000 1228.0000000000 2044.0000000000
1228.0000000000 2044.0000000000 1506.0000000000 2233.0000000000
1506.0000000000 2233.0000000000 1246.0000000000 1714.0000000000
1246.0000000000 1714.0000000000 1269.0000000000 1361.0000000000
1269.0000000000 1361.0000000000 1568.0000000000 1363.0000000000
1568.0000000000 1363.0000000000 1662.0000000000 0.0000000000
