11 4
-559.0000000000 0.0000000000 -644.0000000000 2246.0000000000
-644.0000000000 2246.0000000000 -409.0000000000 2322.0000000000
-1007.0000000000 8203.0000000000 -895.0000000000 8517.0000000000
-467.0000000000 6685.0000000000 -373.0000000000 7125.0000000000
-373.0000000000 7125.0000000000 -243.0000000000 6960.0000000000
-132.0000000000 7566.0000000000 -0.0000000000 7851.0000000000
167.0000000000 9566.0000000000 336.0000000000 9629.0000000000
445.0000000000 8488.0000000000 622.0000000000 8895.0000000000
622.0000000000 8895.0000000000 754.0000000000 8613.0000000000
328.0000000000 3122.0000000000 379.0000000000 2394.0000000000
494.0000000000 2325.0000000000 617.0000000000 0.0000000000
