21 4
-1394.0000000000 0.0000000000 -1258.0000000000 433.0000000000
-1258.0000000000 433.0000000000 -520.0000000000 1168.0000000000
-520.0000000000 1168.0000000000 -595.0000000000 3759.0000000000
-616.0000000000 4385.0000000000 -390.0000000000 4460.0000000000
-738.0000000000 10548.0000000000 -553.0000000000 10560.0000000000
-325.0000000000 9311.0000000000 -158.0000000000 9059.0000000000
205.0000000000 11747.0000000000 414.0000000000 11853.0000000000
399.0000000000 4556.0000000000 523.0000000000 4256.0000000000
523.0000000000 4256.0000000000 653.0000000000 752.0000000000
1261.0000000000 1096.0000000000 1631.0000000000 1368.0000000000
1631.0000000000 1368.0000000000 1964.0000000000 1375.0000000000
1964.0000000000 1375.0000000000 1452.0000000000 907.0000000000
1452.0000000000 907.0000000000 1924.0000000000 1156.0000000000
1924.0000000000 1156.0000000000 2253.0000000000 1099.0000000000
2253.0000000000 1099.0000000000 3143.0000000000 1399.0000000000
3143.0000000000 1399.0000000000 4440.0000000000 1442.0000000000
5942.0000000000 1704.0000000000 5935.0000000000 1480.0000000000
6602.0000000000 1524.0000000000 7182.0000000000 1526.0000000000
8678.0000000000 1687.0000000000 9305.0000000000 1474.0000000000
9305.0000000000 1474.0000000000 9389.0000000000 987.0000000000
17378.0000000000 303.0000000000 17450.0000000000 0.0000000000
