30 4
-4074.0000000000 214.0000000000 -3931.0000000000 344.0000000000
-3931.0000000000 344.0000000000 -4255.0000000000 447.0000000000
-4218.0000000000 1209.0000000000 -4214.0000000000 1369.0000000000
-4214.0000000000 1369.0000000000 -3326.0000000000 1210.0000000000
-1445.0000000000 555.0000000000 -901.0000000000 541.0000000000
-901.0000000000 541.0000000000 -836.0000000000 1509.0000000000
-1328.0000000000 2498.0000000000 -1282.0000000000 3174.0000000000
-956.0000000000 3128.0000000000 -683.0000000000 3215.0000000000
-683.0000000000 3215.0000000000 -570.0000000000 2933.0000000000
-570.0000000000 2933.0000000000 -550.0000000000 3118.0000000000
-561.0000000000 5342.0000000000 -282.0000000000 5385.0000000000
-88.0000000000 2516.0000000000 559.0000000000 2878.0000000000
559.0000000000 2878.0000000000 669.0000000000 3148.0000000000
963.0000000000 4173.0000000000 975.0000000000 3909.0000000000
975.0000000000 3909.0000000000 1185.0000000000 4421.0000000000
1185.0000000000 4421.0000000000 1228.0000000000 4016.0000000000
1503.0000000000 4627.0000000000 1800.0000000000 4689.0000000000
1800.0000000000 4689.0000000000 1739.0000000000 4303.0000000000
1885.0000000000 4234.0000000000 1912.0000000000 3921.0000000000
1912.0000000000 3921.0000000000 2150.0000000000 3879.0000000000
2752.0000000000 4767.0000000000 2790.0000000000 3840.0000000000
2790.0000000000 3840.0000000000 2981.0000000000 3816.0000000000
2464.0000000000 3043.0000000000 2451.0000000000 2538.0000000000
2451.0000000000 2538.0000000000 3201.0000000000 2501.0000000000
3201.0000000000 2501.0000000000 3154.0000000000 1339.0000000000
3154.0000000000 1339.0000000000 2674.0000000000 1080.0000000000
2674.0000000000 1080.0000000000 2651.0000000000 760.0000000000
2651.0000000000 760.0000000000 2881.0000000000 718.0000000000
2881.0000000000 718.0000000000 2680.0000000000 619.0000000000
2680.0000000000 619.0000000000 2649.0000000000 0.0000000000
