20 4
-596.0000000000 0.0000000000 -351.0000000000 1650.0000000000
-820.0000000000 4219.0000000000 -690.0000000000 4912.0000000000
-814.0000000000 6629.0000000000 -665.0000000000 6326.0000000000
-552.0000000000 6310.0000000000 -364.0000000000 6951.0000000000
-364.0000000000 6951.0000000000 -0.0000000000 6896.0000000000
192.0000000000 5502.0000000000 275.0000000000 5250.0000000000
811.0000000000 7716.0000000000 924.0000000000 7526.0000000000
2141.0000000000 12141.0000000000 2989.0000000000 11988.0000000000
2989.0000000000 11988.0000000000 3517.0000000000 11503.0000000000
3181.0000000000 9791.0000000000 3444.0000000000 8973.0000000000
3326.0000000000 8232.0000000000 3596.0000000000 8076.0000000000
3596.0000000000 8076.0000000000 3279.0000000000 5915.0000000000
3279.0000000000 5915.0000000000 3513.0000000000 5622.0000000000
3513.0000000000 5622.0000000000 3469.0000000000 5341.0000000000
3109.0000000000 4609.0000000000 2857.0000000000 3173.0000000000
2865.0000000000 3072.0000000000 3097.0000000000 2991.0000000000
3097.0000000000 2991.0000000000 3008.0000000000 2435.0000000000
3008.0000000000 2435.0000000000 2957.0000000000 2148.0000000000
2957.0000000000 2148.0000000000 2655.0000000000 1791.0000000000
1974.0000000000 1282.0000000000 1923.0000000000 0.0000000000
