24 4
-584.0000000000 0.0000000000 -363.0000000000 201.0000000000
-2467.0000000000 1998.0000000000 -2482.0000000000 2158.0000000000
-1049.0000000000 945.0000000000 -683.0000000000 732.0000000000
-683.0000000000 732.0000000000 -888.0000000000 1022.0000000000
-773.0000000000 989.0000000000 -857.0000000000 1224.0000000000
-2945.0000000000 4367.0000000000 -2615.0000000000 4353.0000000000
-1498.0000000000 2703.0000000000 -939.0000000000 2727.0000000000
-939.0000000000 2727.0000000000 -949.0000000000 3542.0000000000
-1366.0000000000 5479.0000000000 -1311.0000000000 5679.0000000000
-1311.0000000000 5679.0000000000 -1105.0000000000 5686.0000000000
-742.0000000000 6047.0000000000 -663.0000000000 6304.0000000000
-406.0000000000 4638.0000000000 -315.0000000000 4502.0000000000
-315.0000000000 4502.0000000000 -159.0000000000 4549.0000000000
-159.0000000000 4549.0000000000 189.0000000000 5420.0000000000
399.0000000000 7614.0000000000 515.0000000000 7367.0000000000
661.0000000000 6284.0000000000 754.0000000000 6145.0000000000
754.0000000000 6145.0000000000 938.0000000000 6676.0000000000
938.0000000000 6676.0000000000 996.0000000000 6291.0000000000
1224.0000000000 6940.0000000000 1618.0000000000 7010.0000000000
1618.0000000000 7010.0000000000 2179.0000000000 7599.0000000000
2298.0000000000 7071.0000000000 2563.0000000000 7041.0000000000
2563.0000000000 7041.0000000000 2567.0000000000 6353.0000000000
430.0000000000 965.0000000000 457.0000000000 175.0000000000
457.0000000000 175.0000000000 560.0000000000 0.0000000000
