14 4
-1453.0000000000 127.0000000000 -1505.0000000000 1093.0000000000
-1425.0000000000 1283.0000000000 -1063.0000000000 1027.0000000000
-1063.0000000000 1027.0000000000 -734.0000000000 1730.0000000000
-1550.0000000000 3838.0000000000 343.0000000000 3925.0000000000
343.0000000000 3925.0000000000 1361.0000000000 3057.0000000000
872.0000000000 1788.0000000000 1258.0000000000 1349.0000000000
1258.0000000000 1349.0000000000 1112.0000000000 1112.0000000000
1112.0000000000 1112.0000000000 1276.0000000000 927.0000000000
1276.0000000000 927.0000000000 1561.0000000000 1053.0000000000
1561.0000000000 1053.0000000000 1574.0000000000 802.0000000000
1574.0000000000 802.0000000000 1275.0000000000 595.0000000000
1275.0000000000 595.0000000000 1307.0000000000 230.0000000000
1307.0000000000 230.0000000000 1565.0000000000 220.0000000000
1565.0000000000 220.0000000000 1599.0000000000 0.0000000000
