19 4
-1654.0000000000 0.0000000000 -1468.0000000000 128.0000000000
-1468.0000000000 128.0000000000 -744.0000000000 158.0000000000
-627.0000000000 253.0000000000 -844.0000000000 430.0000000000
-844.0000000000 430.0000000000 1191.0000000000 1701.0000000000
2623.0000000000 3610.0000000000 3425.0000000000 4082.0000000000
4480.0000000000 5153.0000000000 4602.0000000000 4935.0000000000
4602.0000000000 4935.0000000000 5203.0000000000 5203.0000000000
5203.0000000000 5203.0000000000 5746.0000000000 4330.0000000000
8348.0000000000 5631.0000000000 8715.0000000000 5660.0000000000
10751.0000000000 6718.0000000000 11074.0000000000 6139.0000000000
11276.0000000000 5745.0000000000 11263.0000000000 5493.0000000000
9587.0000000000 4069.0000000000 9187.0000000000 3712.0000000000
9187.0000000000 3712.0000000000 9155.0000000000 3514.0000000000
8586.0000000000 3125.0000000000 8751.0000000000 3013.0000000000
8751.0000000000 3013.0000000000 6666.0000000000 1662.0000000000
6666.0000000000 1662.0000000000 6788.0000000000 1443.0000000000
6788.0000000000 1443.0000000000 6658.0000000000 1294.0000000000
5578.0000000000 984.0000000000 4358.0000000000 228.0000000000
4358.0000000000 228.0000000000 4501.0000000000 0.0000000000
