181 2
1196.000000 0.000000
1199.000000 21.000000
1142.000000 40.000000
1059.000000 55.000000
984.000000 69.000000
955.000000 84.000000
931.000000 98.000000
880.000000 108.000000
869.000000 122.000000
868.000000 138.000000
865.000000 152.000000
872.000000 169.000000
880.000000 187.000000
888.000000 205.000000
890.000000 222.000000
893.000000 239.000000
895.000000 257.000000
899.000000 275.000000
901.000000 293.000000
911.000000 314.000000
921.000000 335.000000
923.000000 354.000000
933.000000 377.000000
934.000000 397.000000
943.000000 420.000000
952.000000 444.000000
964.000000 470.000000
984.000000 501.000000
4720.000000 2510.000000
4570.000000 2533.000000
4387.000000 2533.000000
4333.000000 2604.000000
4287.000000 2679.000000
4200.000000 2728.000000
4357.000000 2939.000000
-0.000000 0.000000
3671.000000 2667.000000
3252.000000 2451.000000
3112.000000 2431.000000
3034.000000 2457.000000
2955.000000 2479.000000
2034.000000 1768.000000
1980.000000 1783.000000
1920.000000 1790.000000
1877.000000 1813.000000
1506.000000 1506.000000
1441.000000 1493.000000
1425.000000 1528.000000
1684.000000 1870.000000
1678.000000 1930.000000
1950.000000 2323.000000
2536.000000 3132.000000
2455.000000 3142.000000
2398.000000 3182.000000
2322.000000 3196.000000
1136.000000 1623.000000
1102.000000 1634.000000
1069.000000 1646.000000
1031.000000 1649.000000
997.000000 1659.000000
964.000000 1671.000000
930.000000 1678.000000
896.000000 1685.000000
862.000000 1692.000000
832.000000 1707.000000
795.000000 1706.000000
762.000000 1712.000000
732.000000 1725.000000
702.000000 1738.000000
670.000000 1745.000000
1000.000000 2749.000000
946.000000 2747.000000
612.000000 1882.000000
571.000000 1868.000000
535.000000 1865.000000
503.000000 1879.000000
468.000000 1877.000000
434.000000 1881.000000
401.000000 1885.000000
367.000000 1890.000000
334.000000 1894.000000
303.000000 1911.000000
278.000000 1975.000000
429.000000 3498.000000
341.000000 3244.000000
285.000000 3256.000000
229.000000 3274.000000
173.000000 3293.000000
115.000000 3306.000000
55.000000 3145.000000
-0.000000 2962.000000
-49.000000 2830.000000
-99.000000 2839.000000
-150.000000 2856.000000
-201.000000 2873.000000
-253.000000 2890.000000
-305.000000 2901.000000
-359.000000 2925.000000
-413.000000 2938.000000
-467.000000 2949.000000
-511.000000 2896.000000
-541.000000 2785.000000
-571.000000 2684.000000
-597.000000 2584.000000
-624.000000 2503.000000
-647.000000 2416.000000
-672.000000 2345.000000
-401.000000 1311.000000
-411.000000 1265.000000
-731.000000 2123.000000
-749.000000 2058.000000
-769.000000 2003.000000
-783.000000 1939.000000
-798.000000 1881.000000
-816.000000 1832.000000
-831.000000 1783.000000
-842.000000 1727.000000
-854.000000 1677.000000
-871.000000 1638.000000
-880.000000 1588.000000
-894.000000 1548.000000
-906.000000 1509.000000
-839.000000 1343.000000
-522.000000 804.000000
-560.000000 831.000000
-953.000000 1361.000000
-889.000000 1223.000000
-546.000000 725.000000
-577.000000 738.000000
-987.000000 1219.000000
-996.000000 1187.000000
-1006.000000 1157.000000
-1018.000000 1131.000000
-1024.000000 1098.000000
-1030.000000 1067.000000
-1043.000000 1043.000000
-1032.000000 996.000000
-994.000000 927.000000
-1064.000000 958.000000
-1071.000000 931.000000
-1012.000000 849.000000
-1083.000000 877.000000
-1091.000000 853.000000
-1101.000000 829.000000
-1107.000000 804.000000
-1114.000000 780.000000
-1126.000000 759.000000
-1132.000000 735.000000
-1130.000000 706.000000
-1142.000000 686.000000
-1146.000000 662.000000
-1150.000000 638.000000
-1160.000000 617.000000
-1164.000000 593.000000
-1166.000000 569.000000
-1175.000000 548.000000
-1180.000000 526.000000
-775.000000 329.000000
-680.000000 275.000000
-702.000000 269.000000
-1180.000000 430.000000
-1139.000000 392.000000
-1223.000000 397.000000
-1229.000000 376.000000
-1235.000000 354.000000
-1241.000000 333.000000
-1247.000000 311.000000
-1253.000000 289.000000
-1258.000000 267.000000
-1270.000000 247.000000
-1270.000000 224.000000
-1281.000000 203.000000
-1284.000000 181.000000
-1287.000000 158.000000
-1300.000000 137.000000
-1301.000000 114.000000
-1337.000000 93.000000
-5212.000000 273.000000
-4853.000000 169.000000
-4522.000000 79.000000
-4468.000000 0.000000
