181 2
595.000000 0.000000
591.000000 10.000000
579.000000 20.000000
576.000000 30.000000
570.000000 40.000000
570.000000 50.000000
556.000000 58.000000
552.000000 68.000000
551.000000 77.000000
546.000000 87.000000
541.000000 95.000000
529.000000 103.000000
530.000000 113.000000
523.000000 121.000000
523.000000 130.000000
520.000000 139.000000
509.000000 146.000000
506.000000 155.000000
494.000000 160.000000
495.000000 170.000000
491.000000 179.000000
488.000000 187.000000
477.000000 193.000000
478.000000 203.000000
466.000000 207.000000
468.000000 218.000000
452.000000 221.000000
454.000000 232.000000
441.000000 235.000000
438.000000 243.000000
438.000000 253.000000
433.000000 260.000000
438.000000 273.000000
435.000000 283.000000
437.000000 295.000000
427.000000 299.000000
421.000000 306.000000
414.000000 312.000000
403.000000 315.000000
394.000000 319.000000
388.000000 326.000000
382.000000 332.000000
379.000000 341.000000
372.000000 347.000000
369.000000 356.000000
363.000000 363.000000
354.000000 367.000000
349.000000 374.000000
340.000000 378.000000
338.000000 389.000000
333.000000 397.000000
326.000000 403.000000
324.000000 414.000000
317.000000 421.000000
308.000000 424.000000
307.000000 438.000000
296.000000 439.000000
285.000000 439.000000
286.000000 457.000000
282.000000 469.000000
278.000000 482.000000
270.000000 487.000000
261.000000 491.000000
257.000000 503.000000
252.000000 516.000000
243.000000 521.000000
239.000000 537.000000
228.000000 538.000000
223.000000 551.000000
218.000000 567.000000
209.000000 573.000000
202.000000 586.000000
193.000000 595.000000
189.000000 619.000000
179.000000 625.000000
174.000000 648.000000
165.000000 663.000000
157.000000 681.000000
148.000000 696.000000
136.000000 699.000000
126.000000 713.000000
114.000000 720.000000
102.000000 724.000000
88.000000 716.000000
75.000000 714.000000
61.000000 696.000000
47.000000 670.000000
35.000000 670.000000
24.000000 675.000000
11.000000 641.000000
-0.000000 628.000000
-11.000000 626.000000
-22.000000 633.000000
-32.000000 615.000000
-43.000000 611.000000
-53.000000 606.000000
-64.000000 610.000000
-74.000000 601.000000
-83.000000 593.000000
-91.000000 577.000000
-104.000000 592.000000
-117.000000 600.000000
-135.000000 633.000000
-153.000000 662.000000
-176.000000 704.000000
-190.000000 708.000000
-221.000000 769.000000
-246.000000 805.000000
-277.000000 853.000000
-313.000000 910.000000
-349.000000 959.000000
-393.000000 1024.000000
-442.000000 1093.000000
-501.000000 1179.000000
-572.000000 1284.000000
-653.000000 1401.000000
-769.000000 1576.000000
-923.000000 1811.000000
-1130.000000 2124.000000
-1442.000000 2601.000000
-1931.000000 3345.000000
-2352.000000 3915.000000
-2416.000000 3867.000000
-2484.000000 3824.000000
-2554.000000 3786.000000
-2619.000000 3740.000000
-2683.000000 3693.000000
-2753.000000 3653.000000
-2815.000000 3604.000000
-2900.000000 3581.000000
-2974.000000 3544.000000
-3040.000000 3497.000000
-3107.000000 3450.000000
-3177.000000 3407.000000
-3248.000000 3363.000000
-3312.000000 3312.000000
-3388.000000 3272.000000
-3459.000000 3226.000000
-3528.000000 3176.000000
-3601.000000 3130.000000
-3670.000000 3080.000000
-3747.000000 3034.000000
-3819.000000 2984.000000
-3893.000000 2934.000000
-3967.000000 2882.000000
-4047.000000 2834.000000
-4121.000000 2780.000000
-4198.000000 2726.000000
-4253.000000 2658.000000
-4339.000000 2607.000000
-4425.000000 2555.000000
-4499.000000 2494.000000
-4590.000000 2440.000000
-4358.000000 2220.000000
-4747.000000 2315.000000
-4655.000000 2171.000000
-4486.000000 1997.000000
-4486.000000 1904.000000
-4456.000000 1800.000000
-4459.000000 1712.000000
-3346.000000 1218.000000
-3358.000000 1156.000000
-4236.000000 1376.000000
-4154.000000 1270.000000
-3280.000000 940.000000
-3287.000000 881.000000
-3547.000000 884.000000
-3042.000000 702.000000
-3018.000000 641.000000
-2979.000000 579.000000
-2949.000000 520.000000
-2923.000000 463.000000
-2871.000000 403.000000
-2869.000000 352.000000
-2749.000000 289.000000
-2722.000000 238.000000
-2691.000000 188.000000
-2657.000000 139.000000
-2613.000000 91.000000
-2578.000000 45.000000
-2537.000000 0.000000
