181 2
532.000000 0.000000
532.000000 9.000000
541.000000 19.000000
550.000000 29.000000
550.000000 38.000000
560.000000 49.000000
557.000000 59.000000
568.000000 70.000000
568.000000 80.000000
582.000000 92.000000
579.000000 102.000000
586.000000 114.000000
594.000000 126.000000
601.000000 139.000000
608.000000 152.000000
613.000000 164.000000
611.000000 175.000000
617.000000 189.000000
623.000000 202.000000
628.000000 216.000000
632.000000 230.000000
509.000000 195.000000
455.000000 184.000000
461.000000 196.000000
469.000000 209.000000
453.000000 211.000000
427.000000 208.000000
413.000000 211.000000
399.000000 212.000000
387.000000 214.000000
382.000000 221.000000
370.000000 222.000000
358.000000 224.000000
351.000000 228.000000
342.000000 230.000000
337.000000 236.000000
333.000000 242.000000
312.000000 235.000000
308.000000 241.000000
305.000000 247.000000
294.000000 247.000000
295.000000 257.000000
283.000000 255.000000
274.000000 256.000000
270.000000 261.000000
269.000000 269.000000
266.000000 276.000000
267.000000 287.000000
269.000000 299.000000
264.000000 304.000000
262.000000 313.000000
262.000000 324.000000
264.000000 338.000000
256.000000 340.000000
269.000000 371.000000
279.000000 398.000000
291.000000 432.000000
590.000000 909.000000
712.000000 1140.000000
697.000000 1160.000000
676.000000 1172.000000
655.000000 1182.000000
639.000000 1202.000000
618.000000 1214.000000
601.000000 1231.000000
579.000000 1242.000000
565.000000 1268.000000
542.000000 1278.000000
524.000000 1296.000000
504.000000 1314.000000
484.000000 1329.000000
463.000000 1345.000000
440.000000 1353.000000
422.000000 1380.000000
401.000000 1397.000000
378.000000 1409.000000
355.000000 1422.000000
334.000000 1446.000000
311.000000 1463.000000
287.000000 1478.000000
264.000000 1499.000000
241.000000 1522.000000
217.000000 1545.000000
191.000000 1556.000000
166.000000 1583.000000
200.000000 2291.000000
160.000000 2294.000000
120.000000 2294.000000
80.000000 2305.000000
40.000000 2305.000000
-0.000000 2311.000000
-40.000000 2310.000000
-81.000000 2323.000000
-122.000000 2328.000000
-163.000000 2336.000000
-205.000000 2339.000000
-247.000000 2349.000000
-289.000000 2351.000000
-332.000000 2364.000000
-375.000000 2367.000000
-418.000000 2368.000000
-465.000000 2392.000000
-503.000000 2368.000000
-551.000000 2385.000000
-601.000000 2412.000000
-654.000000 2439.000000
-707.000000 2466.000000
-763.000000 2497.000000
-1071.000000 3296.000000
-1603.000000 4655.000000
-1707.000000 4689.000000
-1819.000000 4738.000000
-1798.000000 4450.000000
-1529.000000 3601.000000
-1563.000000 3512.000000
-1626.000000 3487.000000
-1605.000000 3290.000000
-1616.000000 3171.000000
-506.000000 951.000000
-519.000000 937.000000
-537.000000 930.000000
-2085.000000 3471.000000
-2116.000000 3386.000000
-602.000000 927.000000
-558.000000 827.000000
-566.000000 808.000000
-575.000000 792.000000
-583.000000 774.000000
-592.000000 758.000000
-600.000000 741.000000
-607.000000 724.000000
-612.000000 704.000000
-626.000000 695.000000
-636.000000 682.000000
-640.000000 663.000000
-648.000000 648.000000
-658.000000 636.000000
-670.000000 625.000000
-673.000000 606.000000
-676.000000 588.000000
-686.000000 576.000000
-698.000000 565.000000
-704.000000 550.000000
-766.000000 577.000000
-851.000000 618.000000
-973.000000 681.000000
-1146.000000 773.000000
-1177.000000 764.000000
-726.000000 454.000000
-1581.000000 950.000000
-3054.000000 1764.000000
-3086.000000 1710.000000
-3184.000000 1693.000000
-3196.000000 1628.000000
-3218.000000 1569.000000
-3238.000000 1510.000000
-3270.000000 1456.000000
-3307.000000 1404.000000
-763.000000 308.000000
-774.000000 297.000000
-777.000000 283.000000
-876.000000 302.000000
-1874.000000 609.000000
-3447.000000 1054.000000
-843.000000 242.000000
-846.000000 227.000000
-844.000000 210.000000
-876.000000 202.000000
-3514.000000 747.000000
-1721.000000 334.000000
-1699.000000 300.000000
-1697.000000 269.000000
-1703.000000 239.000000
-1713.000000 210.000000
-1725.000000 181.000000
-1739.000000 152.000000
-1751.000000 122.000000
-1366.000000 72.000000
-1123.000000 39.000000
-1129.000000 20.000000
-1817.000000 0.000000
