181 2
1953.000000 0.000000
1949.000000 34.000000
1928.000000 67.000000
1916.000000 100.000000
1905.000000 133.000000
1896.000000 166.000000
1889.000000 198.000000
1877.000000 230.000000
1865.000000 262.000000
1827.000000 289.000000
1792.000000 316.000000
1801.000000 350.000000
2659.000000 565.000000
2569.000000 593.000000
2461.000000 614.000000
2117.000000 567.000000
2133.000000 612.000000
2155.000000 659.000000
2184.000000 710.000000
2206.000000 760.000000
2233.000000 813.000000
2260.000000 868.000000
2286.000000 924.000000
2229.000000 946.000000
2183.000000 972.000000
2123.000000 990.000000
2087.000000 1018.000000
2043.000000 1041.000000
1990.000000 1058.000000
1784.000000 989.000000
1759.000000 1016.000000
1845.000000 1109.000000
1699.000000 1061.000000
1805.000000 1172.000000
1779.000000 1200.000000
1700.000000 1190.000000
1992.000000 1447.000000
725.000000 546.000000
1010.000000 789.000000
594.000000 481.000000
524.000000 440.000000
515.000000 447.000000
506.000000 456.000000
497.000000 464.000000
524.000000 506.000000
470.000000 470.000000
407.000000 422.000000
395.000000 423.000000
264.000000 293.000000
258.000000 297.000000
258.000000 307.000000
248.000000 306.000000
239.000000 307.000000
226.000000 299.000000
230.000000 317.000000
222.000000 317.000000
218.000000 323.000000
218.000000 335.000000
210.000000 337.000000
213.000000 354.000000
964.000000 1671.000000
926.000000 1670.000000
879.000000 1653.000000
837.000000 1642.000000
798.000000 1636.000000
790.000000 1694.000000
755.000000 1696.000000
721.000000 1698.000000
687.000000 1700.000000
671.000000 1747.000000
635.000000 1746.000000
537.000000 1558.000000
509.000000 1565.000000
545.000000 1783.000000
516.000000 1799.000000
485.000000 1808.000000
457.000000 1835.000000
427.000000 1851.000000
396.000000 1861.000000
354.000000 1819.000000
331.000000 1878.000000
303.000000 1914.000000
230.000000 1636.000000
200.000000 1630.000000
171.000000 1630.000000
150.000000 1719.000000
116.000000 1657.000000
84.000000 1594.000000
54.000000 1539.000000
26.000000 1487.000000
-0.000000 1481.000000
-26.000000 1492.000000
-52.000000 1501.000000
-80.000000 1520.000000
-108.000000 1546.000000
-136.000000 1554.000000
-166.000000 1580.000000
-196.000000 1596.000000
-226.000000 1609.000000
-257.000000 1622.000000
-290.000000 1646.000000
-322.000000 1657.000000
-357.000000 1679.000000
-402.000000 1741.000000
-582.000000 2335.000000
-750.000000 2800.000000
-689.000000 2403.000000
-740.000000 2420.000000
-789.000000 2429.000000
-853.000000 2478.000000
-911.000000 2504.000000
-0.000000 0.000000
-0.000000 0.000000
-0.000000 0.000000
-906.000000 2034.000000
-0.000000 0.000000
-1313.000000 2692.000000
-1150.000000 2257.000000
-1192.000000 2243.000000
-1431.000000 2582.000000
-1488.000000 2578.000000
-1512.000000 2516.000000
-1088.000000 1741.000000
-0.000000 0.000000
-0.000000 0.000000
-975.000000 1393.000000
-1639.000000 2256.000000
-1663.000000 2207.000000
-1684.000000 2156.000000
-1710.000000 2112.000000
-1730.000000 2061.000000
-1416.000000 1629.000000
-1154.000000 1282.000000
-1142.000000 1224.000000
-1120.000000 1160.000000
-1135.000000 1135.000000
-1293.000000 1248.000000
-1201.000000 1120.000000
-1210.000000 1089.000000
-1226.000000 1066.000000
-1241.000000 1041.000000
-1285.000000 1041.000000
-1408.000000 1100.000000
-1431.000000 1078.000000
-1739.000000 1263.000000
-2020.000000 1414.000000
-2034.000000 1372.000000
-2053.000000 1333.000000
-2072.000000 1295.000000
-2096.000000 1259.000000
-2114.000000 1221.000000
-2130.000000 1181.000000
-2143.000000 1139.000000
-1811.000000 923.000000
-1819.000000 887.000000
-1855.000000 865.000000
-3956.000000 1761.000000
-3982.000000 1690.000000
-2488.000000 1005.000000
-2487.000000 955.000000
-2629.000000 957.000000
-4119.000000 1418.000000
-4150.000000 1349.000000
-4191.000000 1281.000000
-2292.000000 657.000000
-2244.000000 601.000000
-2226.000000 555.000000
-2269.000000 524.000000
-4365.000000 928.000000
-4397.000000 855.000000
-4407.000000 777.000000
-4450.000000 705.000000
-4505.000000 633.000000
-4148.000000 509.000000
-4577.000000 481.000000
-4616.000000 404.000000
-4660.000000 326.000000
-4694.000000 246.000000
-4735.000000 165.000000
-4251.000000 74.000000
-6764.000000 0.000000
