181 2
1775.000000 0.000000
1812.000000 32.000000
1857.000000 65.000000
1892.000000 99.000000
1928.000000 135.000000
1972.000000 173.000000
2026.000000 213.000000
2069.000000 254.000000
2120.000000 298.000000
2170.000000 344.000000
2163.000000 381.000000
2128.000000 414.000000
2101.000000 447.000000
2074.000000 479.000000
2056.000000 513.000000
2022.000000 542.000000
2003.000000 574.000000
1975.000000 604.000000
1944.000000 632.000000
1899.000000 654.000000
1872.000000 681.000000
1848.000000 709.000000
1827.000000 738.000000
1810.000000 768.000000
1781.000000 793.000000
1752.000000 817.000000
1731.000000 844.000000
1893.000000 965.000000
1918.000000 1020.000000
1889.000000 1047.000000
1859.000000 1074.000000
1835.000000 1103.000000
1811.000000 1131.000000
1788.000000 1161.000000
1757.000000 1185.000000
1735.000000 1215.000000
1710.000000 1243.000000
1691.000000 1274.000000
1663.000000 1300.000000
1647.000000 1334.000000
1622.000000 1361.000000
1592.000000 1384.000000
1572.000000 1416.000000
1545.000000 1441.000000
1527.000000 1475.000000
1498.000000 1498.000000
1472.000000 1524.000000
1447.000000 1552.000000
1422.000000 1579.000000
1395.000000 1605.000000
1372.000000 1635.000000
1349.000000 1665.000000
1321.000000 1690.000000
1297.000000 1721.000000
1269.000000 1747.000000
1245.000000 1778.000000
1218.000000 1806.000000
1194.000000 1839.000000
1167.000000 1867.000000
1141.000000 1899.000000
1102.000000 1910.000000
1038.000000 1873.000000
935.000000 1758.000000
907.000000 1779.000000
883.000000 1811.000000
865.000000 1854.000000
833.000000 1871.000000
808.000000 1904.000000
783.000000 1937.000000
763.000000 1988.000000
731.000000 2009.000000
706.000000 2049.000000
676.000000 2080.000000
648.000000 2118.000000
616.000000 2147.000000
586.000000 2189.000000
555.000000 2225.000000
522.000000 2262.000000
488.000000 2298.000000
454.000000 2335.000000
419.000000 2378.000000
383.000000 2420.000000
346.000000 2461.000000
307.000000 2503.000000
269.000000 2555.000000
228.000000 2607.000000
185.000000 2649.000000
141.000000 2695.000000
95.000000 2714.000000
48.000000 2768.000000
-0.000000 2826.000000
-52.000000 2960.000000
-117.000000 3337.000000
-179.000000 3410.000000
-244.000000 3483.000000
-312.000000 3566.000000
-384.000000 3655.000000
-460.000000 3750.000000
-540.000000 3840.000000
-623.000000 3935.000000
-689.000000 3906.000000
-752.000000 3869.000000
-810.000000 3810.000000
-904.000000 3917.000000
-1005.000000 4032.000000
-1102.000000 4114.000000
-1217.000000 4243.000000
-1309.000000 4280.000000
-1371.000000 4221.000000
-1436.000000 4170.000000
-1496.000000 4110.000000
-1558.000000 4058.000000
-1618.000000 4005.000000
-1677.000000 3952.000000
-1736.000000 3898.000000
-1792.000000 3843.000000
-1851.000000 3796.000000
-1912.000000 3752.000000
-2118.000000 3984.000000
-2365.000000 4266.000000
-2658.000000 4605.000000
-3005.000000 5001.000000
-3440.000000 5505.000000
-4269.000000 6574.000000
-4501.000000 6673.000000
-4608.000000 6580.000000
-4716.000000 6491.000000
-4824.000000 6401.000000
-4930.000000 6310.000000
-5036.000000 6219.000000
-5136.000000 6121.000000
-5248.000000 6038.000000
-5369.000000 5963.000000
-5475.000000 5871.000000
-5580.000000 5778.000000
-5685.000000 5685.000000
-5786.000000 5588.000000
-5897.000000 5499.000000
-6007.000000 5409.000000
-6119.000000 5319.000000
-6208.000000 5209.000000
-5919.000000 4793.000000
-5433.000000 4245.000000
-5042.000000 3799.000000
-4704.000000 3418.000000
-4651.000000 3257.000000
-4657.000000 3141.000000
-3985.000000 2588.000000
-3804.000000 2377.000000
-3672.000000 2206.000000
-3735.000000 2157.000000
-3802.000000 2107.000000
-3863.000000 2054.000000
-3931.000000 2003.000000
-3989.000000 1945.000000
-4048.000000 1888.000000
-4119.000000 1834.000000
-4045.000000 1717.000000
-3924.000000 1585.000000
-3878.000000 1489.000000
-3804.000000 1384.000000
-3728.000000 1284.000000
-3789.000000 1231.000000
-3841.000000 1174.000000
-3831.000000 1098.000000
-3745.000000 1003.000000
-3664.000000 913.000000
-3589.000000 828.000000
-3519.000000 748.000000
-3446.000000 670.000000
-3382.000000 596.000000
-3317.000000 525.000000
-2950.000000 415.000000
-2841.000000 349.000000
-2793.000000 294.000000
-2751.000000 241.000000
-2724.000000 191.000000
-2680.000000 140.000000
-2631.000000 92.000000
-2594.000000 45.000000
-2557.000000 0.000000
