181 2
742.000000 0.000000
729.000000 13.000000
723.000000 25.000000
708.000000 37.000000
709.000000 50.000000
697.000000 61.000000
699.000000 73.000000
692.000000 85.000000
687.000000 97.000000
678.000000 107.000000
662.000000 117.000000
655.000000 127.000000
653.000000 139.000000
644.000000 149.000000
642.000000 160.000000
635.000000 170.000000
624.000000 179.000000
612.000000 187.000000
603.000000 196.000000
603.000000 208.000000
600.000000 218.000000
595.000000 228.000000
580.000000 235.000000
575.000000 244.000000
567.000000 253.000000
566.000000 264.000000
561.000000 274.000000
553.000000 282.000000
548.000000 292.000000
554.000000 307.000000
551.000000 318.000000
519.000000 312.000000
486.000000 304.000000
485.000000 315.000000
481.000000 324.000000
473.000000 331.000000
466.000000 339.000000
460.000000 347.000000
462.000000 361.000000
462.000000 374.000000
452.000000 379.000000
451.000000 392.000000
445.000000 401.000000
439.000000 409.000000
439.000000 424.000000
453.000000 453.000000
456.000000 472.000000
441.000000 473.000000
424.000000 471.000000
419.000000 482.000000
416.000000 496.000000
413.000000 510.000000
411.000000 526.000000
407.000000 540.000000
397.000000 546.000000
397.000000 568.000000
389.000000 577.000000
387.000000 596.000000
378.000000 605.000000
530.000000 882.000000
828.000000 1434.000000
1481.000000 2672.000000
1457.000000 2740.000000
1435.000000 2816.000000
1412.000000 2895.000000
1201.000000 2575.000000
1254.000000 2816.000000
1156.000000 2723.000000
1130.000000 2796.000000
1099.000000 2864.000000
878.000000 2413.000000
844.000000 2452.000000
817.000000 2514.000000
798.000000 2610.000000
770.000000 2684.000000
741.000000 2766.000000
457.000000 1834.000000
539.000000 2334.000000
466.000000 2190.000000
397.000000 2044.000000
404.000000 2294.000000
360.000000 2274.000000
318.000000 2264.000000
276.000000 2251.000000
235.000000 2239.000000
195.000000 2225.000000
155.000000 2221.000000
122.000000 2326.000000
85.000000 2440.000000
45.000000 2563.000000
-0.000000 2915.000000
-51.000000 2905.000000
-101.000000 2884.000000
-150.000000 2865.000000
-200.000000 2854.000000
-249.000000 2841.000000
-297.000000 2827.000000
-345.000000 2813.000000
-393.000000 2796.000000
-440.000000 2779.000000
-487.000000 2762.000000
-535.000000 2752.000000
-579.000000 2725.000000
-627.000000 2717.000000
-674.000000 2702.000000
-0.000000 0.000000
-758.000000 2643.000000
-811.000000 2654.000000
-858.000000 2641.000000
-904.000000 2626.000000
-951.000000 2613.000000
-996.000000 2595.000000
-1041.000000 2578.000000
-1049.000000 2472.000000
-0.000000 0.000000
-1181.000000 2533.000000
-1229.000000 2520.000000
-1278.000000 2508.000000
-1325.000000 2492.000000
-1372.000000 2476.000000
-1420.000000 2460.000000
-1469.000000 2445.000000
-1516.000000 2426.000000
-1565.000000 2410.000000
-1543.000000 2288.000000
-1501.000000 2144.000000
-1467.000000 2019.000000
-1432.000000 1901.000000
-1477.000000 1890.000000
-1520.000000 1878.000000
-1560.000000 1859.000000
-1603.000000 1844.000000
-1646.000000 1828.000000
-1695.000000 1818.000000
-1766.000000 1829.000000
-1853.000000 1853.000000
-1896.000000 1831.000000
-1948.000000 1816.000000
-2005.000000 1805.000000
-2054.000000 1786.000000
-2119.000000 1778.000000
-2167.000000 1755.000000
-2217.000000 1732.000000
-2271.000000 1712.000000
-2330.000000 1693.000000
-2405.000000 1684.000000
-2453.000000 1655.000000
-2508.000000 1628.000000
-2573.000000 1608.000000
-2647.000000 1590.000000
-2712.000000 1566.000000
-2709.000000 1501.000000
-2787.000000 1482.000000
-2863.000000 1459.000000
-933.000000 455.000000
-947.000000 442.000000
-949.000000 423.000000
-999.000000 424.000000
-995.000000 402.000000
-991.000000 380.000000
-981.000000 357.000000
-980.000000 337.000000
-977.000000 317.000000
-966.000000 295.000000
-962.000000 276.000000
-957.000000 256.000000
-955.000000 238.000000
-958.000000 221.000000
-944.000000 201.000000
-947.000000 184.000000
-942.000000 166.000000
-936.000000 148.000000
-940.000000 132.000000
-937.000000 115.000000
-930.000000 98.000000
-923.000000 81.000000
-925.000000 65.000000
-917.000000 48.000000
-910.000000 32.000000
-905.000000 16.000000
-907.000000 0.000000
