181 2
1004.000000 0.000000
1011.000000 18.000000
1018.000000 36.000000
1034.000000 54.000000
1036.000000 72.000000
1052.000000 92.000000
1067.000000 112.000000
1076.000000 132.000000
1084.000000 152.000000
1091.000000 173.000000
1089.000000 192.000000
1103.000000 214.000000
1114.000000 237.000000
1137.000000 263.000000
1147.000000 286.000000
1122.000000 301.000000
1084.000000 311.000000
1068.000000 327.000000
1032.000000 335.000000
1008.000000 347.000000
989.000000 360.000000
958.000000 368.000000
936.000000 378.000000
908.000000 385.000000
956.000000 426.000000
987.000000 460.000000
974.000000 475.000000
987.000000 503.000000
995.000000 529.000000
1009.000000 559.000000
1016.000000 587.000000
1035.000000 622.000000
1052.000000 657.000000
1060.000000 688.000000
1084.000000 731.000000
1101.000000 771.000000
1116.000000 811.000000
1138.000000 858.000000
1166.000000 911.000000
1188.000000 962.000000
1196.000000 1003.000000
1168.000000 1016.000000
1145.000000 1031.000000
1113.000000 1038.000000
1095.000000 1057.000000
1071.000000 1071.000000
1039.000000 1075.000000
1018.000000 1092.000000
994.000000 1104.000000
968.000000 1113.000000
942.000000 1123.000000
922.000000 1139.000000
897.000000 1148.000000
871.000000 1156.000000
846.000000 1164.000000
825.000000 1179.000000
800.000000 1186.000000
779.000000 1199.000000
759.000000 1214.000000
733.000000 1220.000000
711.000000 1232.000000
690.000000 1245.000000
664.000000 1249.000000
642.000000 1261.000000
620.000000 1272.000000
598.000000 1282.000000
576.000000 1293.000000
553.000000 1303.000000
530.000000 1312.000000
507.000000 1321.000000
484.000000 1330.000000
463.000000 1345.000000
440.000000 1353.000000
1574.000000 5148.000000
1486.000000 5182.000000
1400.000000 5226.000000
1313.000000 5267.000000
1225.000000 5305.000000
1136.000000 5346.000000
1052.000000 5412.000000
963.000000 5459.000000
871.000000 5501.000000
779.000000 5544.000000
686.000000 5583.000000
592.000000 5631.000000
497.000000 5675.000000
400.000000 5719.000000
302.000000 5762.000000
203.000000 5803.000000
102.000000 5830.000000
-0.000000 5876.000000
-100.000000 5717.000000
-192.000000 5511.000000
-279.000000 5328.000000
-360.000000 5152.000000
-436.000000 4985.000000
-509.000000 4844.000000
-577.000000 4700.000000
-640.000000 4557.000000
-702.000000 4433.000000
-760.000000 4310.000000
-817.000000 4205.000000
-868.000000 4085.000000
-919.000000 3982.000000
-968.000000 3884.000000
-1014.000000 3784.000000
-1058.000000 3688.000000
-1115.000000 3646.000000
-1195.000000 3677.000000
-1242.000000 3606.000000
-1283.000000 3525.000000
-1322.000000 3443.000000
-1358.000000 3361.000000
-1396.000000 3288.000000
-1430.000000 3213.000000
-1463.000000 3138.000000
-1416.000000 2902.000000
-1451.000000 2849.000000
-1479.000000 2782.000000
-1510.000000 2724.000000
-1539.000000 2666.000000
-1567.000000 2608.000000
-1592.000000 2548.000000
-1620.000000 2494.000000
-1642.000000 2434.000000
-1667.000000 2380.000000
-1698.000000 2337.000000
-1799.000000 2388.000000
-1904.000000 2437.000000
-2023.000000 2498.000000
-2141.000000 2552.000000
-2244.000000 2582.000000
-2275.000000 2527.000000
-2301.000000 2468.000000
-2331.000000 2414.000000
-2355.000000 2355.000000
-2376.000000 2294.000000
-2409.000000 2247.000000
-2423.000000 2182.000000
-2455.000000 2134.000000
-2466.000000 2069.000000
-2490.000000 2016.000000
-2658.000000 2077.000000
-2747.000000 2070.000000
-1553.000000 1129.000000
-1569.000000 1099.000000
-1607.000000 1084.000000
-2853.000000 1853.000000
-2879.000000 1799.000000
-1795.000000 1078.000000
-1800.000000 1039.000000
-1825.000000 1012.000000
-2976.000000 1583.000000
-3005.000000 1531.000000
-3027.000000 1476.000000
-3041.000000 1418.000000
-3068.000000 1366.000000
-3087.000000 1311.000000
-3117.000000 1259.000000
-3144.000000 1207.000000
-3171.000000 1154.000000
-3197.000000 1101.000000
-3231.000000 1050.000000
-3251.000000 994.000000
-3026.000000 868.000000
-3058.000000 819.000000
-3087.000000 770.000000
-3113.000000 719.000000
-3129.000000 665.000000
-3169.000000 616.000000
-3198.000000 564.000000
-3216.000000 509.000000
-3249.000000 457.000000
-3274.000000 402.000000
-3300.000000 347.000000
-3331.000000 291.000000
-3354.000000 235.000000
-3384.000000 177.000000
-3405.000000 119.000000
-3433.000000 60.000000
-3461.000000 0.000000
