181 2
1245.000000 0.000000
1249.000000 22.000000
1242.000000 43.000000
1243.000000 65.000000
1243.000000 87.000000
1242.000000 109.000000
1233.000000 130.000000
1232.000000 151.000000
1228.000000 173.000000
1225.000000 194.000000
1226.000000 216.000000
1220.000000 237.000000
1225.000000 260.000000
1211.000000 280.000000
1202.000000 300.000000
1182.000000 317.000000
1184.000000 340.000000
1179.000000 360.000000
1175.000000 382.000000
1168.000000 402.000000
1168.000000 425.000000
1168.000000 448.000000
1160.000000 469.000000
1150.000000 488.000000
1151.000000 512.000000
1151.000000 537.000000
1148.000000 560.000000
1147.000000 584.000000
1136.000000 604.000000
1134.000000 628.000000
1128.000000 652.000000
1133.000000 681.000000
1129.000000 705.000000
1122.000000 729.000000
1118.000000 754.000000
1112.000000 778.000000
1112.000000 808.000000
1106.000000 834.000000
1099.000000 859.000000
1099.000000 890.000000
1091.000000 915.000000
1088.000000 946.000000
1079.000000 972.000000
1077.000000 1004.000000
1077.000000 1040.000000
1065.000000 1065.000000
1066.000000 1103.000000
3317.000000 3557.000000
3338.000000 3707.000000
3242.000000 3730.000000
2678.000000 3192.000000
2464.000000 3043.000000
2382.000000 3049.000000
2294.000000 3044.000000
2215.000000 3049.000000
2181.000000 3115.000000
2186.000000 3242.000000
2202.000000 3391.000000
2245.000000 3592.000000
1620.000000 2697.000000
1538.000000 2665.000000
1469.000000 2651.000000
1397.000000 2628.000000
1339.000000 2628.000000
1277.000000 2617.000000
980.000000 2101.000000
938.000000 2106.000000
913.000000 2151.000000
902.000000 2233.000000
888.000000 2313.000000
873.000000 2399.000000
861.000000 2501.000000
843.000000 2594.000000
829.000000 2713.000000
814.000000 2838.000000
794.000000 2962.000000
773.000000 3102.000000
751.000000 3253.000000
725.000000 3409.000000
702.000000 3610.000000
673.000000 3818.000000
640.000000 4042.000000
570.000000 4056.000000
497.000000 4050.000000
426.000000 4049.000000
354.000000 4046.000000
283.000000 4040.000000
211.000000 4025.000000
140.000000 4019.000000
70.000000 4013.000000
-0.000000 4006.000000
-0.000000 0.000000
-21.000000 596.000000
-31.000000 593.000000
-41.000000 585.000000
-50.000000 575.000000
-59.000000 565.000000
-69.000000 563.000000
-77.000000 545.000000
-86.000000 543.000000
-94.000000 533.000000
-102.000000 522.000000
-109.000000 513.000000
-116.000000 504.000000
-122.000000 491.000000
-131.000000 488.000000
-137.000000 477.000000
-144.000000 472.000000
-150.000000 461.000000
-158.000000 459.000000
-158.000000 434.000000
-166.000000 432.000000
-171.000000 423.000000
-182.000000 429.000000
-190.000000 427.000000
-203.000000 436.000000
-208.000000 426.000000
-218.000000 429.000000
-286.000000 538.000000
-312.000000 562.000000
-258.000000 447.000000
-266.000000 443.000000
-277.000000 444.000000
-285.000000 439.000000
-290.000000 429.000000
-2294.000000 3277.000000
-2376.000000 3270.000000
-2540.000000 3370.000000
-1097.000000 1404.000000
-1343.000000 1658.000000
-1376.000000 1639.000000
-1389.000000 1598.000000
-1435.000000 1593.000000
-1981.000000 2124.000000
-2012.000000 2083.000000
-1829.000000 1829.000000
-2044.000000 1974.000000
-2100.000000 1958.000000
-2128.000000 1916.000000
-2155.000000 1873.000000
-2189.000000 1836.000000
-1835.000000 1486.000000
-1351.000000 1055.000000
-1380.000000 1040.000000
-3840.000000 2790.000000
-3827.000000 2680.000000
-3814.000000 2572.000000
-3789.000000 2461.000000
-3776.000000 2360.000000
-3290.000000 1977.000000
-3285.000000 1897.000000
-3384.000000 1876.000000
-3500.000000 1861.000000
-3616.000000 1842.000000
-3736.000000 1822.000000
-3865.000000 1802.000000
-3923.000000 1747.000000
-3907.000000 1658.000000
-4244.000000 1715.000000
-4250.000000 1631.000000
-4439.000000 1616.000000
-4841.000000 1667.000000
-6494.000000 2110.000000
-7862.000000 2404.000000
-7599.000000 2179.000000
-5957.000000 1596.000000
-6038.000000 1505.000000
-1950.000000 450.000000
-1957.000000 416.000000
-6282.000000 1221.000000
-7460.000000 1315.000000
-7460.000000 1182.000000
-7469.000000 1050.000000
-6667.000000 819.000000
-7439.000000 782.000000
-3714.000000 325.000000
-3728.000000 261.000000
-3736.000000 196.000000
-3691.000000 129.000000
-3681.000000 64.000000
-3671.000000 0.000000
