181 2
793.000000 0.000000
784.000000 14.000000
795.000000 28.000000
796.000000 42.000000
790.000000 55.000000
793.000000 69.000000
795.000000 84.000000
793.000000 97.000000
798.000000 112.000000
788.000000 125.000000
785.000000 138.000000
796.000000 155.000000
791.000000 168.000000
790.000000 182.000000
790.000000 197.000000
787.000000 211.000000
796.000000 228.000000
792.000000 242.000000
786.000000 255.000000
787.000000 271.000000
787.000000 287.000000
786.000000 302.000000
800.000000 323.000000
760.000000 323.000000
712.000000 317.000000
661.000000 308.000000
669.000000 326.000000
658.000000 335.000000
638.000000 339.000000
644.000000 357.000000
636.000000 367.000000
656.000000 394.000000
633.000000 396.000000
604.000000 392.000000
604.000000 407.000000
596.000000 418.000000
594.000000 431.000000
594.000000 448.000000
594.000000 464.000000
591.000000 479.000000
589.000000 494.000000
587.000000 510.000000
587.000000 529.000000
584.000000 544.000000
588.000000 568.000000
583.000000 583.000000
580.000000 601.000000
576.000000 618.000000
577.000000 641.000000
577.000000 664.000000
571.000000 681.000000
570.000000 704.000000
566.000000 724.000000
563.000000 748.000000
562.000000 773.000000
559.000000 798.000000
555.000000 823.000000
556.000000 855.000000
550.000000 880.000000
549.000000 914.000000
543.000000 941.000000
540.000000 973.000000
536.000000 1007.000000
531.000000 1042.000000
527.000000 1081.000000
524.000000 1125.000000
519.000000 1166.000000
516.000000 1215.000000
508.000000 1256.000000
502.000000 1307.000000
497.000000 1364.000000
601.000000 1745.000000
572.000000 1760.000000
575.000000 1881.000000
719.000000 2509.000000
713.000000 2661.000000
703.000000 2820.000000
805.000000 3488.000000
786.000000 3698.000000
719.000000 3701.000000
650.000000 3686.000000
638.000000 4027.000000
611.000000 4350.000000
1106.000000 9010.000000
973.000000 9260.000000
906.000000 10356.000000
828.000000 11842.000000
678.000000 12939.000000
451.000000 12926.000000
225.000000 12908.000000
-0.000000 12915.000000
-225.000000 12905.000000
-450.000000 12893.000000
-676.000000 12891.000000
-900.000000 12872.000000
-1125.000000 12860.000000
-1351.000000 12856.000000
-1575.000000 12827.000000
-1471.000000 10469.000000
-1525.000000 9626.000000
-1776.000000 10071.000000
-1836.000000 9447.000000
-2007.000000 9440.000000
-2176.000000 9424.000000
-2349.000000 9421.000000
-2523.000000 9416.000000
-2695.000000 9397.000000
-2804.000000 9173.000000
-2848.000000 8765.000000
-3014.000000 8754.000000
-0.000000 0.000000
-2697.000000 7026.000000
-1695.000000 4196.000000
-1696.000000 3995.000000
-1686.000000 3787.000000
-1678.000000 3599.000000
-1666.000000 3415.000000
-1658.000000 3255.000000
-1655.000000 3113.000000
-1645.000000 2968.000000
-1635.000000 2833.000000
-1630.000000 2712.000000
-1623.000000 2598.000000
-1621.000000 2497.000000
-1617.000000 2397.000000
-1609.000000 2299.000000
-1606.000000 2211.000000
-1606.000000 2132.000000
-1604.000000 2054.000000
-1600.000000 1976.000000
-1593.000000 1899.000000
-1597.000000 1837.000000
-1593.000000 1769.000000
-1588.000000 1703.000000
-1592.000000 1649.000000
-1575.000000 1575.000000
-1596.000000 1541.000000
-394.000000 368.000000
-369.000000 332.000000
-377.000000 327.000000
-372.000000 312.000000
-363.000000 294.000000
-369.000000 288.000000
-381.000000 287.000000
-389.000000 283.000000
-383.000000 268.000000
-385.000000 259.000000
-404.000000 263.000000
-433.000000 271.000000
-448.000000 269.000000
-468.000000 270.000000
-481.000000 267.000000
-502.000000 267.000000
-521.000000 266.000000
-543.000000 265.000000
-563.000000 262.000000
-583.000000 259.000000
-615.000000 261.000000
-644.000000 260.000000
-670.000000 257.000000
-701.000000 255.000000
-738.000000 254.000000
-776.000000 252.000000
-812.000000 248.000000
-858.000000 246.000000
-914.000000 245.000000
-977.000000 244.000000
-1039.000000 240.000000
-1108.000000 236.000000
-1188.000000 231.000000
-1271.000000 224.000000
-1383.000000 219.000000
-1499.000000 211.000000
-1648.000000 202.000000
-1839.000000 193.000000
-2047.000000 179.000000
-2357.000000 165.000000
-2765.000000 145.000000
-3163.000000 110.000000
-4148.000000 72.000000
-5416.000000 0.000000
