181 2
3074.000000 0.000000
3074.000000 54.000000
3089.000000 108.000000
3093.000000 162.000000
3096.000000 217.000000
3057.000000 267.000000
3077.000000 323.000000
2844.000000 349.000000
2626.000000 369.000000
2626.000000 416.000000
2628.000000 463.000000
2622.000000 510.000000
2654.000000 564.000000
2650.000000 612.000000
2646.000000 660.000000
2652.000000 711.000000
1840.000000 528.000000
1781.000000 544.000000
1782.000000 579.000000
1796.000000 619.000000
1811.000000 659.000000
1779.000000 683.000000
2674.000000 1080.000000
2667.000000 1132.000000
2683.000000 1195.000000
2688.000000 1253.000000
2690.000000 1312.000000
2693.000000 1372.000000
2693.000000 1432.000000
3198.000000 1773.000000
3203.000000 1849.000000
3208.000000 1927.000000
3217.000000 2011.000000
3222.000000 2093.000000
3232.000000 2180.000000
1868.000000 1308.000000
1736.000000 1261.000000
3257.000000 2454.000000
3258.000000 2546.000000
3269.000000 2647.000000
3277.000000 2750.000000
3290.000000 2860.000000
3299.000000 2970.000000
3307.000000 3084.000000
3317.000000 3203.000000
3327.000000 3327.000000
3341.000000 3459.000000
3349.000000 3592.000000
3124.000000 3470.000000
3014.000000 3467.000000
2966.000000 3535.000000
1911.000000 2359.000000
3232.000000 4136.000000
3238.000000 4297.000000
2007.000000 2763.000000
1950.000000 2784.000000
3020.000000 4478.000000
2929.000000 4510.000000
1556.000000 2490.000000
1307.000000 2175.000000
1269.000000 2198.000000
1181.000000 2130.000000
1227.000000 2307.000000
1175.000000 2307.000000
1129.000000 2314.000000
1163.000000 2494.000000
2394.000000 5376.000000
1073.000000 2529.000000
996.000000 2466.000000
947.000000 2467.000000
898.000000 2468.000000
825.000000 2396.000000
809.000000 2489.000000
765.000000 2503.000000
727.000000 2536.000000
694.000000 2590.000000
656.000000 2630.000000
612.000000 2651.000000
587.000000 2759.000000
1242.000000 6390.000000
1130.000000 6408.000000
1008.000000 6364.000000
903.000000 6427.000000
723.000000 5887.000000
679.000000 6456.000000
565.000000 6452.000000
422.000000 6035.000000
291.000000 5555.000000
192.000000 5504.000000
97.000000 5549.000000
-0.000000 5596.000000
-118.000000 6732.000000
-221.000000 6331.000000
-294.000000 5605.000000
-393.000000 5624.000000
-493.000000 5632.000000
-593.000000 5641.000000
-608.000000 4956.000000
-682.000000 4849.000000
-620.000000 3917.000000
-654.000000 3710.000000
-724.000000 3723.000000
-735.000000 3458.000000
-746.000000 3232.000000
-773.000000 3102.000000
-779.000000 2906.000000
-481.000000 1676.000000
-530.000000 1735.000000
-505.000000 1554.000000
-488.000000 1416.000000
-487.000000 1338.000000
-487.000000 1270.000000
-487.000000 1204.000000
-498.000000 1174.000000
-519.000000 1167.000000
-543.000000 1164.000000
-568.000000 1165.000000
-597.000000 1171.000000
-621.000000 1167.000000
-649.000000 1170.000000
-674.000000 1168.000000
-698.000000 1162.000000
-728.000000 1165.000000
-759.000000 1169.000000
-846.000000 1254.000000
-844.000000 1206.000000
-851.000000 1171.000000
-856.000000 1136.000000
-864.000000 1106.000000
-869.000000 1073.000000
-888.000000 1058.000000
-915.000000 1052.000000
-944.000000 1049.000000
-970.000000 1041.000000
-1012.000000 1048.000000
-1048.000000 1048.000000
-1091.000000 1054.000000
-1142.000000 1065.000000
-1193.000000 1075.000000
-1248.000000 1084.000000
-4036.000000 3387.000000
-3556.000000 2880.000000
-3570.000000 2790.000000
-3582.000000 2699.000000
-3590.000000 2608.000000
-2637.000000 1846.000000
-2660.000000 1794.000000
-2619.000000 1701.000000
-2606.000000 1628.000000
-2342.000000 1407.000000
-2333.000000 1347.000000
-2716.000000 1505.000000
-2807.000000 1492.000000
-2907.000000 1481.000000
-4142.000000 2020.000000
-4180.000000 1949.000000
-4157.000000 1851.000000
-2393.000000 1016.000000
-2401.000000 970.000000
-2403.000000 922.000000
-2409.000000 877.000000
-2408.000000 829.000000
-2415.000000 785.000000
-2411.000000 737.000000
-2406.000000 690.000000
-2411.000000 646.000000
-2414.000000 602.000000
-2415.000000 558.000000
-3009.000000 640.000000
-3016.000000 586.000000
-3051.000000 538.000000
-3226.000000 511.000000
-3140.000000 441.000000
-3595.000000 441.000000
-4089.000000 430.000000
-4098.000000 359.000000
-4105.000000 287.000000
-4099.000000 215.000000
-4102.000000 143.000000
-4105.000000 72.000000
-4285.000000 0.000000
