181 2
2085.000000 0.000000
2067.000000 36.000000
2062.000000 72.000000
2051.000000 107.000000
2048.000000 143.000000
2030.000000 178.000000
2030.000000 213.000000
2015.000000 247.000000
2010.000000 283.000000
1995.000000 316.000000
1989.000000 351.000000
1981.000000 385.000000
1972.000000 419.000000
1965.000000 454.000000
1960.000000 489.000000
1945.000000 521.000000
1938.000000 556.000000
1928.000000 589.000000
1900.000000 617.000000
1900.000000 654.000000
1888.000000 687.000000
1886.000000 724.000000
1875.000000 757.000000
1862.000000 790.000000
1857.000000 827.000000
1842.000000 859.000000
1839.000000 897.000000
1820.000000 928.000000
1816.000000 966.000000
1805.000000 1001.000000
1793.000000 1035.000000
1773.000000 1065.000000
1688.000000 1055.000000
1541.000000 1001.000000
1527.000000 1030.000000
1521.000000 1065.000000
1514.000000 1100.000000
1506.000000 1135.000000
1494.000000 1167.000000
1484.000000 1201.000000
1480.000000 1242.000000
1478.000000 1285.000000
1471.000000 1324.000000
1455.000000 1356.000000
1442.000000 1393.000000
1433.000000 1433.000000
1427.000000 1478.000000
1414.000000 1517.000000
1399.000000 1554.000000
1390.000000 1599.000000
1374.000000 1638.000000
1364.000000 1684.000000
1352.000000 1730.000000
1338.000000 1776.000000
1324.000000 1823.000000
1312.000000 1874.000000
1296.000000 1921.000000
1277.000000 1966.000000
1267.000000 2027.000000
1250.000000 2080.000000
1230.000000 2131.000000
1204.000000 2173.000000
1185.000000 2229.000000
1165.000000 2286.000000
1149.000000 2357.000000
1133.000000 2429.000000
1265.000000 2842.000000
1241.000000 2923.000000
1216.000000 3010.000000
1194.000000 3110.000000
1165.000000 3201.000000
1141.000000 3315.000000
1111.000000 3420.000000
1079.000000 3530.000000
1042.000000 3635.000000
970.000000 3620.000000
902.000000 3619.000000
827.000000 3582.000000
789.000000 3712.000000
734.000000 3776.000000
695.000000 3944.000000
651.000000 4111.000000
594.000000 4227.000000
516.000000 4199.000000
439.000000 4181.000000
364.000000 4159.000000
289.000000 4137.000000
216.000000 4112.000000
143.000000 4088.000000
71.000000 4063.000000
-0.000000 4045.000000
-70.000000 4027.000000
-140.000000 3997.000000
-211.000000 4026.000000
-305.000000 4356.000000
-414.000000 4736.000000
-544.000000 5177.000000
-701.000000 5713.000000
-904.000000 6430.000000
-1195.000000 7546.000000
-1362.000000 7722.000000
-1494.000000 7687.000000
-1627.000000 7656.000000
-1758.000000 7616.000000
-1891.000000 7585.000000
-2021.000000 7543.000000
-2152.000000 7505.000000
-2283.000000 7466.000000
-2424.000000 7459.000000
-2554.000000 7419.000000
-2685.000000 7376.000000
-2815.000000 7333.000000
-2948.000000 7296.000000
-3082.000000 7260.000000
-3215.000000 7222.000000
-3350.000000 7183.000000
-3475.000000 7126.000000
-3422.000000 6716.000000
-3235.000000 6084.000000
-3075.000000 5548.000000
-2932.000000 5078.000000
-2827.000000 4704.000000
-2928.000000 4685.000000
-2909.000000 4480.000000
-2571.000000 3812.000000
-2500.000000 3571.000000
-2439.000000 3357.000000
-2508.000000 3328.000000
-2581.000000 3304.000000
-2661.000000 3287.000000
-2736.000000 3260.000000
-2816.000000 3240.000000
-2896.000000 3216.000000
-2976.000000 3192.000000
-2997.000000 3104.000000
-2958.000000 2958.000000
-2918.000000 2818.000000
-2879.000000 2685.000000
-2821.000000 2540.000000
-2900.000000 2521.000000
-2978.000000 2499.000000
-3053.000000 2473.000000
-3053.000000 2385.000000
-3015.000000 2272.000000
-2984.000000 2168.000000
-2959.000000 2072.000000
-2930.000000 1976.000000
-2906.000000 1887.000000
-2880.000000 1800.000000
-2849.000000 1712.000000
-2829.000000 1634.000000
-2614.000000 1449.000000
-2478.000000 1317.000000
-2467.000000 1257.000000
-2438.000000 1189.000000
-2422.000000 1129.000000
-2423.000000 1079.000000
-2409.000000 1023.000000
-2400.000000 969.000000
-2382.000000 914.000000
-2370.000000 863.000000
-2350.000000 809.000000
-2337.000000 759.000000
-2327.000000 711.000000
-2315.000000 664.000000
-2301.000000 617.000000
-2284.000000 569.000000
-2276.000000 525.000000
-2266.000000 482.000000
-2248.000000 437.000000
-2245.000000 396.000000
-2234.000000 354.000000
-2211.000000 311.000000
-2207.000000 271.000000
-2194.000000 231.000000
-2177.000000 190.000000
-2148.000000 150.000000
-2141.000000 112.000000
-2128.000000 74.000000
-2112.000000 37.000000
-2106.000000 0.000000
