181 2
739.000000 0.000000
685.000000 12.000000
657.000000 23.000000
656.000000 34.000000
642.000000 45.000000
629.000000 55.000000
622.000000 65.000000
603.000000 74.000000
601.000000 84.000000
584.000000 92.000000
573.000000 101.000000
561.000000 109.000000
545.000000 116.000000
545.000000 126.000000
532.000000 133.000000
524.000000 140.000000
511.000000 147.000000
507.000000 155.000000
509.000000 165.000000
503.000000 173.000000
496.000000 181.000000
513.000000 197.000000
512.000000 207.000000
521.000000 221.000000
530.000000 236.000000
530.000000 247.000000
545.000000 266.000000
560.000000 285.000000
567.000000 301.000000
582.000000 323.000000
601.000000 347.000000
615.000000 370.000000
636.000000 397.000000
658.000000 428.000000
676.000000 456.000000
703.000000 492.000000
737.000000 535.000000
774.000000 583.000000
2559.000000 2000.000000
2510.000000 2033.000000
2470.000000 2072.000000
2426.000000 2109.000000
2382.000000 2145.000000
2338.000000 2180.000000
1885.000000 1821.000000
2196.000000 2196.000000
2202.000000 2280.000000
2155.000000 2311.000000
2114.000000 2348.000000
2073.000000 2385.000000
2026.000000 2415.000000
1984.000000 2450.000000
9913.000000 12689.000000
5607.000000 7440.000000
5484.000000 7548.000000
5351.000000 7643.000000
5228.000000 7751.000000
-0.000000 0.000000
4374.000000 7001.000000
3523.000000 5864.000000
3117.000000 5399.000000
3007.000000 5424.000000
2293.000000 4313.000000
2022.000000 3968.000000
1795.000000 3681.000000
1604.000000 3439.000000
1261.000000 2832.000000
1142.000000 2690.000000
1032.000000 2555.000000
935.000000 2437.000000
855.000000 2349.000000
845.000000 2454.000000
802.000000 2468.000000
762.000000 2491.000000
723.000000 2520.000000
685.000000 2557.000000
651.000000 2610.000000
610.000000 2643.000000
568.000000 2671.000000
527.000000 2709.000000
484.000000 2745.000000
440.000000 2780.000000
394.000000 2806.000000
350.000000 2852.000000
303.000000 2886.000000
256.000000 2921.000000
207.000000 2959.000000
157.000000 2998.000000
106.000000 3037.000000
54.000000 3074.000000
-0.000000 3119.000000
-55.000000 3157.000000
-112.000000 3208.000000
-170.000000 3251.000000
-231.000000 3302.000000
-293.000000 3349.000000
-358.000000 3405.000000
-425.000000 3461.000000
-494.000000 3511.000000
-560.000000 3536.000000
-602.000000 3413.000000
-673.000000 3464.000000
-752.000000 3539.000000
-834.000000 3614.000000
-917.000000 3678.000000
-1009.000000 3765.000000
-1101.000000 3841.000000
-704.000000 2302.000000
-735.000000 2262.000000
-768.000000 2230.000000
-811.000000 2227.000000
-867.000000 2259.000000
-941.000000 2328.000000
-2142.000000 5047.000000
-2215.000000 4975.000000
-1379.000000 2957.000000
-1421.000000 2913.000000
-1462.000000 2870.000000
-1497.000000 2815.000000
-1533.000000 2766.000000
-1567.000000 2715.000000
-1605.000000 2672.000000
-1637.000000 2620.000000
-1154.000000 1776.000000
-1163.000000 1724.000000
-1741.000000 2487.000000
-1775.000000 2443.000000
-1808.000000 2399.000000
-1841.000000 2356.000000
-1876.000000 2317.000000
-1911.000000 2277.000000
-1939.000000 2230.000000
-1972.000000 2190.000000
-2004.000000 2149.000000
-2039.000000 2111.000000
-2352.000000 2352.000000
-2286.000000 2208.000000
-2476.000000 2309.000000
-2517.000000 2266.000000
-2550.000000 2217.000000
-2588.000000 2171.000000
-2625.000000 2126.000000
-2662.000000 2080.000000
-2697.000000 2032.000000
-2733.000000 1986.000000
-2774.000000 1942.000000
-2813.000000 1897.000000
-2846.000000 1848.000000
-2887.000000 1804.000000
-1805.000000 1085.000000
-1824.000000 1053.000000
-1874.000000 1039.000000
-2151.000000 1144.000000
-1537.000000 783.000000
-1268.000000 619.000000
-1291.000000 602.000000
-1341.000000 597.000000
-1334.000000 566.000000
-1365.000000 551.000000
-3312.000000 1271.000000
-3342.000000 1217.000000
-3387.000000 1166.000000
-3434.000000 1116.000000
-3468.000000 1060.000000
-996.000000 286.000000
-1000.000000 268.000000
-1000.000000 249.000000
-1271.000000 293.000000
-1297.000000 276.000000
-1318.000000 256.000000
-1333.000000 235.000000
-1355.000000 215.000000
-1376.000000 193.000000
-1394.000000 171.000000
-1415.000000 149.000000
-1430.000000 125.000000
-1364.000000 95.000000
-1114.000000 58.000000
-1178.000000 41.000000
-1152.000000 20.000000
-1046.000000 0.000000
