181 2
1871.000000 0.000000
1880.000000 33.000000
1888.000000 66.000000
1905.000000 100.000000
1913.000000 134.000000
1920.000000 168.000000
1935.000000 203.000000
1950.000000 239.000000
1963.000000 276.000000
1976.000000 313.000000
1980.000000 349.000000
1995.000000 388.000000
2006.000000 426.000000
2018.000000 466.000000
2028.000000 506.000000
2048.000000 549.000000
2055.000000 589.000000
2071.000000 633.000000
2086.000000 678.000000
2100.000000 723.000000
2116.000000 770.000000
2128.000000 817.000000
2137.000000 863.000000
2131.000000 905.000000
2143.000000 954.000000
2161.000000 1008.000000
2185.000000 1066.000000
2185.000000 1113.000000
2524.000000 1342.000000
2551.000000 1414.000000
2568.000000 1483.000000
2593.000000 1558.000000
2623.000000 1639.000000
2640.000000 1715.000000
2676.000000 1805.000000
2706.000000 1895.000000
2740.000000 1991.000000
2772.000000 2089.000000
2786.000000 2177.000000
2741.000000 2220.000000
2682.000000 2250.000000
2604.000000 2263.000000
2568.000000 2313.000000
2654.000000 2475.000000
2655.000000 2564.000000
2698.000000 2698.000000
2743.000000 2841.000000
2735.000000 2933.000000
2663.000000 2958.000000
2586.000000 2974.000000
2522.000000 3006.000000
2451.000000 3026.000000
2381.000000 3048.000000
2309.000000 3064.000000
2245.000000 3090.000000
2176.000000 3108.000000
2112.000000 3130.000000
2047.000000 3152.000000
1977.000000 3163.000000
2002.000000 3333.000000
2096.000000 3631.000000
2203.000000 3975.000000
2326.000000 4374.000000
2474.000000 4856.000000
2671.000000 5476.000000
3113.000000 6675.000000
3079.000000 6916.000000
2958.000000 6968.000000
2829.000000 7001.000000
2703.000000 7042.000000
2576.000000 7078.000000
2453.000000 7123.000000
2328.000000 7164.000000
2202.000000 7202.000000
2075.000000 7237.000000
1957.000000 7304.000000
1833.000000 7351.000000
1706.000000 7388.000000
1578.000000 7422.000000
1451.000000 7466.000000
1324.000000 7507.000000
1195.000000 7548.000000
1066.000000 7581.000000
933.000000 7596.000000
755.000000 7183.000000
578.000000 6611.000000
428.000000 6117.000000
297.000000 5674.000000
186.000000 5330.000000
91.000000 5234.000000
-0.000000 5189.000000
-77.000000 4436.000000
-148.000000 4238.000000
-212.000000 4037.000000
-270.000000 3858.000000
-340.000000 3890.000000
-411.000000 3912.000000
-483.000000 3930.000000
-556.000000 3959.000000
-631.000000 3984.000000
-707.000000 4009.000000
-784.000000 4035.000000
-858.000000 4038.000000
-900.000000 3898.000000
-940.000000 3772.000000
-977.000000 3644.000000
-1017.000000 3547.000000
-1042.000000 3407.000000
-1118.000000 3441.000000
-1195.000000 3469.000000
-1264.000000 3473.000000
-1307.000000 3404.000000
-1341.000000 3319.000000
-1367.000000 3221.000000
-1393.000000 3129.000000
-1417.000000 3038.000000
-1445.000000 2963.000000
-1470.000000 2886.000000
-1495.000000 2812.000000
-1513.000000 2730.000000
-1534.000000 2658.000000
-1553.000000 2585.000000
-1407.000000 2252.000000
-1425.000000 2194.000000
-1437.000000 2131.000000
-1452.000000 2073.000000
-1472.000000 2026.000000
-1502.000000 1993.000000
-1521.000000 1946.000000
-1533.000000 1893.000000
-1548.000000 1845.000000
-1563.000000 1798.000000
-1577.000000 1752.000000
-1595.000000 1711.000000
-1605.000000 1662.000000
-1621.000000 1621.000000
-1636.000000 1580.000000
-1651.000000 1539.000000
-1663.000000 1498.000000
-1676.000000 1457.000000
-1687.000000 1415.000000
-1696.000000 1373.000000
-1712.000000 1338.000000
-1727.000000 1302.000000
-1735.000000 1260.000000
-1747.000000 1223.000000
-1762.000000 1188.000000
-1773.000000 1151.000000
-1784.000000 1115.000000
-1781.000000 1070.000000
-1784.000000 1030.000000
-1796.000000 995.000000
-1812.000000 963.000000
-1825.000000 930.000000
-1834.000000 895.000000
-1844.000000 860.000000
-1849.000000 823.000000
-2102.000000 892.000000
-2109.000000 852.000000
-2127.000000 816.000000
-2129.000000 775.000000
-2143.000000 738.000000
-2145.000000 697.000000
-2166.000000 662.000000
-2176.000000 624.000000
-2192.000000 587.000000
-2196.000000 547.000000
-2218.000000 512.000000
-2224.000000 473.000000
-2242.000000 436.000000
-2255.000000 398.000000
-2269.000000 359.000000
-2286.000000 321.000000
-2296.000000 282.000000
-2300.000000 242.000000
-2316.000000 203.000000
-2319.000000 162.000000
-2341.000000 123.000000
-2347.000000 82.000000
-2362.000000 41.000000
-2375.000000 0.000000
