181 2
1490.000000 0.000000
1527.000000 27.000000
1565.000000 55.000000
1608.000000 84.000000
1652.000000 116.000000
1694.000000 148.000000
1738.000000 183.000000
1782.000000 219.000000
1831.000000 257.000000
1884.000000 298.000000
1945.000000 343.000000
1996.000000 388.000000
2065.000000 439.000000
2140.000000 494.000000
2210.000000 551.000000
2298.000000 616.000000
2390.000000 685.000000
2492.000000 762.000000
2598.000000 844.000000
2726.000000 939.000000
3065.000000 1116.000000
3282.000000 1260.000000
3459.000000 1398.000000
3656.000000 1552.000000
3664.000000 1631.000000
3806.000000 1775.000000
3773.000000 1840.000000
3734.000000 1903.000000
3685.000000 1959.000000
3643.000000 2019.000000
3592.000000 2074.000000
3556.000000 2137.000000
3511.000000 2194.000000
3464.000000 2249.000000
3426.000000 2311.000000
3377.000000 2364.000000
3335.000000 2423.000000
3294.000000 2482.000000
3251.000000 2540.000000
3203.000000 2594.000000
2609.000000 2189.000000
2582.000000 2244.000000
2678.000000 2411.000000
3012.000000 2809.000000
2977.000000 2874.000000
2939.000000 2939.000000
2893.000000 2995.000000
2851.000000 3058.000000
2809.000000 3120.000000
2767.000000 3183.000000
2722.000000 3244.000000
2676.000000 3304.000000
2634.000000 3372.000000
2590.000000 3437.000000
2543.000000 3500.000000
2490.000000 3556.000000
2437.000000 3613.000000
2306.000000 3551.000000
2147.000000 3436.000000
1992.000000 3316.000000
1852.000000 3209.000000
1725.000000 3112.000000
1606.000000 3020.000000
1496.000000 2936.000000
1395.000000 2860.000000
1300.000000 2787.000000
1211.000000 2720.000000
1131.000000 2664.000000
1053.000000 2606.000000
977.000000 2546.000000
905.000000 2485.000000
841.000000 2442.000000
778.000000 2395.000000
718.000000 2348.000000
662.000000 2310.000000
608.000000 2268.000000
557.000000 2233.000000
507.000000 2198.000000
454.000000 2135.000000
415.000000 2137.000000
384.000000 2180.000000
349.000000 2203.000000
311.000000 2212.000000
268.000000 2183.000000
226.000000 2150.000000
185.000000 2116.000000
146.000000 2091.000000
108.000000 2063.000000
71.000000 2033.000000
35.000000 2001.000000
-0.000000 1971.000000
-34.000000 1943.000000
-67.000000 1926.000000
-100.000000 1905.000000
-131.000000 1874.000000
-162.000000 1854.000000
-193.000000 1833.000000
-202.000000 1642.000000
-228.000000 1619.000000
-257.000000 1626.000000
-283.000000 1603.000000
-309.000000 1591.000000
-333.000000 1567.000000
-357.000000 1545.000000
-381.000000 1529.000000
-406.000000 1514.000000
-429.000000 1497.000000
-450.000000 1472.000000
-475.000000 1462.000000
-497.000000 1445.000000
-519.000000 1426.000000
-541.000000 1409.000000
-562.000000 1390.000000
-586.000000 1380.000000
-606.000000 1361.000000
-626.000000 1342.000000
-645.000000 1323.000000
-664.000000 1304.000000
-687.000000 1292.000000
-709.000000 1280.000000
-747.000000 1294.000000
-917.000000 1527.000000
-1090.000000 1744.000000
-1115.000000 1717.000000
-1151.000000 1706.000000
-1175.000000 1678.000000
-1209.000000 1664.000000
-1238.000000 1643.000000
-1266.000000 1621.000000
-1295.000000 1599.000000
-1322.000000 1576.000000
-1350.000000 1552.000000
-1384.000000 1537.000000
-1409.000000 1511.000000
-1421.000000 1472.000000
-1451.000000 1451.000000
-1477.000000 1426.000000
-1516.000000 1414.000000
-1541.000000 1387.000000
-1574.000000 1369.000000
-1598.000000 1341.000000
-1830.000000 1482.000000
-1863.000000 1455.000000
-1897.000000 1429.000000
-1927.000000 1400.000000
-1964.000000 1375.000000
-1995.000000 1345.000000
-2037.000000 1323.000000
-2066.000000 1291.000000
-2104.000000 1264.000000
-2143.000000 1237.000000
-2183.000000 1210.000000
-2218.000000 1179.000000
-2268.000000 1155.000000
-2295.000000 1119.000000
-2336.000000 1090.000000
-2371.000000 1055.000000
-2413.000000 1024.000000
-2451.000000 990.000000
-2495.000000 958.000000
-2545.000000 926.000000
-2597.000000 894.000000
-2642.000000 858.000000
-2685.000000 821.000000
-2722.000000 781.000000
-2677.000000 717.000000
-2630.000000 656.000000
-2568.000000 593.000000
-2622.000000 557.000000
-2678.000000 521.000000
-2731.000000 482.000000
-2801.000000 444.000000
-2855.000000 401.000000
-2909.000000 357.000000
-2972.000000 312.000000
-3044.000000 266.000000
-3102.000000 217.000000
-3180.000000 167.000000
-3238.000000 113.000000
-3320.000000 58.000000
-3390.000000 0.000000
