181 2
2074.000000 0.000000
2053.000000 36.000000
2033.000000 71.000000
2009.000000 105.000000
1977.000000 138.000000
1949.000000 170.000000
1946.000000 205.000000
1924.000000 236.000000
1911.000000 269.000000
1895.000000 300.000000
1875.000000 331.000000
1978.000000 384.000000
2048.000000 435.000000
2082.000000 481.000000
2062.000000 514.000000
2049.000000 549.000000
2032.000000 583.000000
2020.000000 617.000000
1997.000000 649.000000
1974.000000 680.000000
1951.000000 710.000000
1931.000000 741.000000
1916.000000 774.000000
1902.000000 807.000000
1881.000000 837.000000
1866.000000 870.000000
1842.000000 898.000000
1826.000000 930.000000
1811.000000 963.000000
1794.000000 994.000000
1776.000000 1026.000000
1764.000000 1060.000000
1744.000000 1090.000000
1723.000000 1119.000000
1706.000000 1151.000000
1691.000000 1184.000000
1675.000000 1217.000000
1656.000000 1248.000000
1635.000000 1277.000000
1620.000000 1312.000000
1597.000000 1340.000000
1586.000000 1378.000000
1566.000000 1410.000000
1545.000000 1440.000000
1529.000000 1477.000000
1505.000000 1505.000000
1472.000000 1524.000000
1407.000000 1509.000000
1274.000000 1415.000000
1256.000000 1445.000000
1241.000000 1478.000000
1218.000000 1505.000000
1209.000000 1548.000000
1190.000000 1580.000000
1167.000000 1606.000000
1159.000000 1656.000000
1144.000000 1695.000000
1125.000000 1732.000000
1106.000000 1770.000000
1085.000000 1805.000000
1062.000000 1840.000000
1044.000000 1884.000000
1023.000000 1924.000000
1002.000000 1966.000000
980.000000 2009.000000
956.000000 2051.000000
931.000000 2091.000000
905.000000 2132.000000
881.000000 2180.000000
855.000000 2227.000000
828.000000 2275.000000
800.000000 2322.000000
773.000000 2379.000000
742.000000 2428.000000
713.000000 2486.000000
671.000000 2505.000000
643.000000 2578.000000
608.000000 2634.000000
572.000000 2691.000000
612.000000 3148.000000
568.000000 3219.000000
523.000000 3300.000000
476.000000 3390.000000
429.000000 3492.000000
377.000000 3585.000000
323.000000 3696.000000
265.000000 3789.000000
203.000000 3880.000000
135.000000 3860.000000
67.000000 3814.000000
-0.000000 3783.000000
-68.000000 3884.000000
-141.000000 4038.000000
-218.000000 4162.000000
-302.000000 4312.000000
-380.000000 4339.000000
-453.000000 4305.000000
-523.000000 4261.000000
-593.000000 4222.000000
-663.000000 4184.000000
-733.000000 4155.000000
-798.000000 4107.000000
-868.000000 4086.000000
-934.000000 4045.000000
-1000.000000 4009.000000
-1062.000000 3964.000000
-1203.000000 4197.000000
-1381.000000 4519.000000
-1593.000000 4904.000000
-1849.000000 5371.000000
-2173.000000 5969.000000
-2775.000000 7229.000000
-2979.000000 7374.000000
-3104.000000 7313.000000
-3224.000000 7241.000000
-3346.000000 7175.000000
-3467.000000 7108.000000
-3592.000000 7050.000000
-3713.000000 6983.000000
-3830.000000 6909.000000
-3964.000000 6867.000000
-4087.000000 6802.000000
-4210.000000 6738.000000
-4332.000000 6670.000000
-4453.000000 6602.000000
-4577.000000 6537.000000
-4701.000000 6470.000000
-4820.000000 6396.000000
-4936.000000 6318.000000
-4848.000000 5987.000000
-4504.000000 5368.000000
-4217.000000 4851.000000
-3967.000000 4405.000000
-3806.000000 4082.000000
-3893.000000 4031.000000
-3644.000000 3644.000000
-3307.000000 3193.000000
-3181.000000 2967.000000
-3145.000000 2832.000000
-3208.000000 2788.000000
-3281.000000 2753.000000
-3350.000000 2713.000000
-3425.000000 2676.000000
-3500.000000 2637.000000
-3573.000000 2596.000000
-3645.000000 2552.000000
-3576.000000 2412.000000
-3498.000000 2272.000000
-3435.000000 2147.000000
-3425.000000 2058.000000
-3371.000000 1946.000000
-3442.000000 1908.000000
-3513.000000 1868.000000
-3520.000000 1794.000000
-3458.000000 1686.000000
-3395.000000 1583.000000
-3351.000000 1492.000000
-3294.000000 1398.000000
-3266.000000 1320.000000
-3205.000000 1230.000000
-3155.000000 1149.000000
-3111.000000 1071.000000
-2728.000000 886.000000
-2713.000000 829.000000
-2662.000000 763.000000
-2627.000000 704.000000
-2625.000000 654.000000
-2590.000000 598.000000
-2567.000000 546.000000
-2538.000000 493.000000
-2519.000000 444.000000
-2488.000000 394.000000
-2458.000000 345.000000
-2437.000000 299.000000
-2417.000000 254.000000
-2385.000000 209.000000
-2361.000000 165.000000
-2337.000000 122.000000
-2323.000000 81.000000
-2297.000000 40.000000
-2279.000000 0.000000
