181 2
1339.000000 0.000000
1365.000000 24.000000
1383.000000 48.000000
1410.000000 74.000000
1441.000000 101.000000
1475.000000 129.000000
1508.000000 158.000000
1531.000000 188.000000
1561.000000 219.000000
1601.000000 254.000000
1635.000000 288.000000
1671.000000 325.000000
1709.000000 363.000000
1747.000000 403.000000
1794.000000 447.000000
1835.000000 492.000000
1880.000000 539.000000
3509.000000 1073.000000
3444.000000 1119.000000
3381.000000 1164.000000
3325.000000 1210.000000
3284.000000 1261.000000
3237.000000 1308.000000
3190.000000 1354.000000
3144.000000 1400.000000
2641.000000 1232.000000
2621.000000 1278.000000
2734.000000 1393.000000
2875.000000 1529.000000
3016.000000 1672.000000
3177.000000 1835.000000
3364.000000 2022.000000
3569.000000 2230.000000
3856.000000 2504.000000
3976.000000 2682.000000
3936.000000 2756.000000
3879.000000 2818.000000
3824.000000 2881.000000
3766.000000 2942.000000
3715.000000 3008.000000
3663.000000 3074.000000
3604.000000 3133.000000
3553.000000 3199.000000
3493.000000 3257.000000
3420.000000 3302.000000
3330.000000 3330.000000
3277.000000 3394.000000
3211.000000 3443.000000
2370.000000 2632.000000
1758.000000 2023.000000
1411.000000 1681.000000
1159.000000 1432.000000
980.000000 1254.000000
856.000000 1136.000000
832.000000 1146.000000
801.000000 1144.000000
771.000000 1143.000000
742.000000 1143.000000
718.000000 1148.000000
688.000000 1144.000000
663.000000 1148.000000
633.000000 1142.000000
621.000000 1168.000000
595.000000 1168.000000
604.000000 1239.000000
577.000000 1238.000000
559.000000 1256.000000
1659.000000 3908.000000
1501.000000 3715.000000
1492.000000 3886.000000
1648.000000 4526.000000
843.000000 2448.000000
834.000000 2567.000000
827.000000 2703.000000
811.000000 2827.000000
802.000000 2991.000000
747.000000 2995.000000
669.000000 2899.000000
616.000000 2899.000000
490.000000 2519.000000
429.000000 2431.000000
387.000000 2442.000000
504.000000 3587.000000
440.000000 3587.000000
610.000000 5799.000000
497.000000 5684.000000
390.000000 5570.000000
286.000000 5466.000000
187.000000 5360.000000
92.000000 5254.000000
-0.000000 4495.000000
-79.000000 4521.000000
-161.000000 4600.000000
-246.000000 4691.000000
-334.000000 4771.000000
-425.000000 4861.000000
-522.000000 4967.000000
-596.000000 4857.000000
-732.000000 5207.000000
-412.000000 2599.000000
-207.000000 1174.000000
-228.000000 1173.000000
-245.000000 1151.000000
-267.000000 1156.000000
-288.000000 1156.000000
-308.000000 1148.000000
-333.000000 1162.000000
-353.000000 1155.000000
-376.000000 1157.000000
-396.000000 1151.000000
-420.000000 1153.000000
-438.000000 1142.000000
-454.000000 1125.000000
-475.000000 1118.000000
-486.000000 1091.000000
-505.000000 1084.000000
-515.000000 1056.000000
-531.000000 1042.000000
-549.000000 1032.000000
-562.000000 1014.000000
-584.000000 1012.000000
-598.000000 995.000000
-611.000000 978.000000
-627.000000 966.000000
-639.000000 948.000000
-656.000000 936.000000
-667.000000 918.000000
-682.000000 905.000000
-693.000000 887.000000
-708.000000 874.000000
-723.000000 862.000000
-738.000000 849.000000
-747.000000 830.000000
-762.000000 817.000000
-777.000000 805.000000
-790.000000 790.000000
-804.000000 776.000000
-817.000000 762.000000
-829.000000 747.000000
-848.000000 737.000000
-862.000000 723.000000
-873.000000 707.000000
-885.000000 691.000000
-905.000000 682.000000
-917.000000 666.000000
-928.000000 650.000000
-947.000000 639.000000
-958.000000 622.000000
-977.000000 610.000000
-987.000000 593.000000
-1005.000000 581.000000
-1016.000000 563.000000
-1034.000000 550.000000
-1049.000000 534.000000
-1066.000000 520.000000
-1075.000000 501.000000
-1105.000000 492.000000
-1139.000000 483.000000
-1153.000000 466.000000
-1170.000000 449.000000
-1187.000000 432.000000
-1205.000000 415.000000
-1221.000000 397.000000
-1237.000000 378.000000
-1248.000000 358.000000
-1272.000000 341.000000
-1287.000000 321.000000
-1311.000000 303.000000
-1322.000000 281.000000
-1346.000000 262.000000
-1365.000000 241.000000
-1388.000000 220.000000
-1407.000000 198.000000
-1426.000000 175.000000
-1447.000000 152.000000
-1468.000000 128.000000
-1497.000000 105.000000
-1526.000000 80.000000
-1554.000000 54.000000
-1573.000000 27.000000
-1592.000000 0.000000
