181 2
2556.000000 0.000000
2537.000000 44.000000
2542.000000 89.000000
2223.000000 116.000000
2165.000000 151.000000
2181.000000 191.000000
2317.000000 244.000000
3528.000000 433.000000
3436.000000 483.000000
3350.000000 531.000000
2779.000000 490.000000
2707.000000 526.000000
2652.000000 564.000000
2101.000000 485.000000
2080.000000 519.000000
2044.000000 548.000000
1999.000000 573.000000
1960.000000 599.000000
1924.000000 625.000000
1873.000000 645.000000
1833.000000 667.000000
1823.000000 700.000000
1875.000000 757.000000
1664.000000 706.000000
1643.000000 731.000000
1611.000000 751.000000
1579.000000 770.000000
1541.000000 785.000000
1502.000000 799.000000
1471.000000 815.000000
1439.000000 831.000000
1414.000000 850.000000
1368.000000 855.000000
1356.000000 881.000000
1339.000000 903.000000
1410.000000 987.000000
1421.000000 1032.000000
1414.000000 1066.000000
1512.000000 1181.000000
1485.000000 1203.000000
1450.000000 1217.000000
1416.000000 1231.000000
1385.000000 1247.000000
1352.000000 1261.000000
1388.000000 1340.000000
1447.000000 1447.000000
1509.000000 1562.000000
1584.000000 1698.000000
1661.000000 1845.000000
1756.000000 2020.000000
1849.000000 2204.000000
1809.000000 2234.000000
1763.000000 2257.000000
1725.000000 2289.000000
1679.000000 2311.000000
1634.000000 2334.000000
1588.000000 2354.000000
1548.000000 2384.000000
1494.000000 2391.000000
1440.000000 2396.000000
1400.000000 2425.000000
1363.000000 2459.000000
1321.000000 2485.000000
1271.000000 2495.000000
1343.000000 2753.000000
1296.000000 2779.000000
1248.000000 2803.000000
1201.000000 2829.000000
1155.000000 2859.000000
1105.000000 2878.000000
1056.000000 2901.000000
1008.000000 2928.000000
960.000000 2955.000000
913.000000 2987.000000
862.000000 3006.000000
813.000000 3033.000000
762.000000 3054.000000
711.000000 3079.000000
662.000000 3114.000000
610.000000 3140.000000
559.000000 3170.000000
506.000000 3196.000000
452.000000 3219.000000
399.000000 3250.000000
344.000000 3277.000000
285.000000 3262.000000
219.000000 3133.000000
161.000000 3081.000000
109.000000 3123.000000
55.000000 3153.000000
-0.000000 3174.000000
-56.000000 3225.000000
-114.000000 3260.000000
-172.000000 3286.000000
-233.000000 3328.000000
-295.000000 3367.000000
-357.000000 3395.000000
-421.000000 3432.000000
-488.000000 3471.000000
-555.000000 3505.000000
-624.000000 3541.000000
-696.000000 3582.000000
-770.000000 3624.000000
-846.000000 3664.000000
-917.000000 3679.000000
-999.000000 3728.000000
-1073.000000 3741.000000
-1268.000000 4147.000000
-1366.000000 4204.000000
-1467.000000 4261.000000
-1568.000000 4308.000000
-1678.000000 4372.000000
-1794.000000 4439.000000
-1912.000000 4504.000000
-2031.000000 4561.000000
-2101.000000 4505.000000
-2152.000000 4413.000000
-2268.000000 4451.000000
-2383.000000 4481.000000
-2524.000000 4553.000000
-2676.000000 4636.000000
-2790.000000 4643.000000
-2840.000000 4546.000000
-2890.000000 4450.000000
-2936.000000 4353.000000
-2986.000000 4265.000000
-3034.000000 4176.000000
-3080.000000 4087.000000
-3123.000000 3998.000000
-3196.000000 3947.000000
-3407.000000 4060.000000
-3633.000000 4179.000000
-3880.000000 4309.000000
-4160.000000 4461.000000
-4467.000000 4626.000000
-4810.000000 4810.000000
-5203.000000 5024.000000
-5933.000000 5532.000000
-6370.000000 5736.000000
-6620.000000 5755.000000
-6693.000000 5616.000000
-6768.000000 5481.000000
-6846.000000 5349.000000
-6916.000000 5212.000000
-6990.000000 5078.000000
-7062.000000 4945.000000
-7139.000000 4815.000000
-7233.000000 4697.000000
-7299.000000 4561.000000
-7378.000000 4433.000000
-7447.000000 4300.000000
-7511.000000 4164.000000
-7586.000000 4034.000000
-7655.000000 3900.000000
-7713.000000 3762.000000
-5804.000000 2706.000000
-4468.000000 1989.000000
-4301.000000 1825.000000
-4340.000000 1754.000000
-4387.000000 1684.000000
-4425.000000 1611.000000
-4460.000000 1536.000000
-4496.000000 1461.000000
-4540.000000 1388.000000
-4414.000000 1266.000000
-4374.000000 1172.000000
-3979.000000 992.000000
-4029.000000 930.000000
-4055.000000 862.000000
-4055.000000 788.000000
-3887.000000 685.000000
-2877.000000 456.000000
-2747.000000 386.000000
-2679.000000 329.000000
-2569.000000 270.000000
-2470.000000 216.000000
-2383.000000 167.000000
-2295.000000 120.000000
-2227.000000 78.000000
-2143.000000 37.000000
-2078.000000 0.000000
