181 2
1091.000000 0.000000
1079.000000 19.000000
1086.000000 38.000000
1076.000000 56.000000
1074.000000 75.000000
1080.000000 94.000000
1073.000000 113.000000
1065.000000 131.000000
1062.000000 149.000000
1062.000000 168.000000
1052.000000 185.000000
1052.000000 205.000000
1055.000000 224.000000
1046.000000 242.000000
1046.000000 261.000000
1047.000000 281.000000
1040.000000 298.000000
1035.000000 316.000000
1031.000000 335.000000
1025.000000 353.000000
1026.000000 373.000000
1030.000000 395.000000
1023.000000 413.000000
1011.000000 429.000000
1017.000000 453.000000
1003.000000 468.000000
998.000000 487.000000
1006.000000 513.000000
1004.000000 534.000000
993.000000 550.000000
992.000000 573.000000
982.000000 590.000000
976.000000 610.000000
971.000000 631.000000
971.000000 655.000000
968.000000 678.000000
956.000000 695.000000
953.000000 718.000000
953.000000 744.000000
949.000000 768.000000
937.000000 786.000000
937.000000 814.000000
935.000000 842.000000
924.000000 862.000000
924.000000 893.000000
916.000000 916.000000
904.000000 936.000000
906.000000 971.000000
899.000000 999.000000
896.000000 1030.000000
894.000000 1066.000000
882.000000 1090.000000
874.000000 1119.000000
843.000000 1118.000000
807.000000 1111.000000
775.000000 1107.000000
742.000000 1100.000000
708.000000 1090.000000
679.000000 1086.000000
649.000000 1081.000000
624.000000 1082.000000
619.000000 1116.000000
621.000000 1167.000000
609.000000 1196.000000
602.000000 1235.000000
595.000000 1277.000000
588.000000 1321.000000
589.000000 1388.000000
579.000000 1433.000000
570.000000 1485.000000
560.000000 1538.000000
549.000000 1593.000000
537.000000 1654.000000
524.000000 1715.000000
513.000000 1788.000000
498.000000 1859.000000
485.000000 1944.000000
468.000000 2027.000000
451.000000 2120.000000
431.000000 2219.000000
401.000000 2275.000000
381.000000 2406.000000
375.000000 2666.000000
438.000000 3569.000000
394.000000 3745.000000
328.000000 3755.000000
262.000000 3750.000000
196.000000 3737.000000
130.000000 3726.000000
71.000000 4076.000000
-0.000000 4410.000000
-85.000000 4844.000000
-189.000000 5400.000000
-321.000000 6122.000000
-494.000000 7069.000000
-668.000000 7633.000000
-801.000000 7620.000000
-932.000000 7594.000000
-1063.000000 7566.000000
-1196.000000 7551.000000
-1333.000000 7557.000000
-1463.000000 7525.000000
-1594.000000 7498.000000
-1726.000000 7477.000000
-1859.000000 7455.000000
-1993.000000 7437.000000
-2125.000000 7411.000000
-2259.000000 7390.000000
-2392.000000 7363.000000
-2525.000000 7334.000000
-2660.000000 7307.000000
-1816.000000 4731.000000
-1938.000000 4797.000000
-2022.000000 4763.000000
-2131.000000 4786.000000
-3330.000000 7141.000000
-3467.000000 7108.000000
-2517.000000 4941.000000
-2504.000000 4710.000000
-2391.000000 4313.000000
-2353.000000 4076.000000
-2445.000000 4069.000000
-2519.000000 4031.000000
-2695.000000 4151.000000
-2656.000000 3938.000000
-2695.000000 3849.000000
-2604.000000 3584.000000
-2733.000000 3627.000000
-2634.000000 3371.000000
-2717.000000 3356.000000
-3166.000000 3773.000000
-3261.000000 3752.000000
-3364.000000 3737.000000
-3467.000000 3717.000000
-3568.000000 3695.000000
-3674.000000 3674.000000
-3674.000000 3548.000000
-3641.000000 3396.000000
-3605.000000 3246.000000
-3580.000000 3112.000000
-3607.000000 3027.000000
-3717.000000 3010.000000
-3810.000000 2977.000000
-3793.000000 2858.000000
-3771.000000 2740.000000
-3744.000000 2622.000000
-3722.000000 2511.000000
-3702.000000 2404.000000
-3685.000000 2302.000000
-3660.000000 2199.000000
-3635.000000 2099.000000
-3528.000000 1956.000000
-3334.000000 1773.000000
-3315.000000 1689.000000
-3306.000000 1612.000000
-3300.000000 1539.000000
-3287.000000 1463.000000
-3278.000000 1391.000000
-3266.000000 1320.000000
-3254.000000 1249.000000
-3240.000000 1179.000000
-3228.000000 1111.000000
-3223.000000 1047.000000
-3206.000000 980.000000
-3198.000000 917.000000
-3189.000000 854.000000
-3177.000000 792.000000
-3164.000000 730.000000
-3148.000000 669.000000
-3119.000000 606.000000
-3111.000000 549.000000
-3104.000000 492.000000
-3078.000000 433.000000
-3081.000000 378.000000
-3303.000000 347.000000
-3320.000000 290.000000
-3305.000000 231.000000
-3283.000000 172.000000
-3274.000000 114.000000
-3264.000000 57.000000
-3249.000000 0.000000
