181 2
2942.000000 0.000000
2885.000000 50.000000
2836.000000 99.000000
2768.000000 145.000000
2737.000000 191.000000
2636.000000 231.000000
2627.000000 276.000000
2552.000000 313.000000
1852.000000 260.000000
2509.000000 397.000000
2480.000000 437.000000
2437.000000 474.000000
2400.000000 510.000000
2365.000000 546.000000
2322.000000 579.000000
2284.000000 612.000000
2158.000000 619.000000
2210.000000 676.000000
2180.000000 708.000000
2143.000000 738.000000
2107.000000 767.000000
2077.000000 797.000000
2054.000000 830.000000
2013.000000 855.000000
1965.000000 875.000000
2003.000000 934.000000
2656.000000 1295.000000
2760.000000 1406.000000
2865.000000 1523.000000
2989.000000 1657.000000
3121.000000 1802.000000
3265.000000 1962.000000
3421.000000 2138.000000
3616.000000 2348.000000
3830.000000 2583.000000
4082.000000 2858.000000
4353.000000 3163.000000
8545.000000 6439.000000
9276.000000 7248.000000
10190.000000 8252.000000
11365.000000 9536.000000
11387.000000 9899.000000
11186.000000 10072.000000
5983.000000 5579.000000
5876.000000 5674.000000
856.000000 856.000000
844.000000 874.000000
985.000000 1057.000000
1330.000000 1477.000000
1191.000000 1370.000000
816.000000 973.000000
799.000000 987.000000
782.000000 1001.000000
763.000000 1013.000000
749.000000 1031.000000
731.000000 1044.000000
718.000000 1064.000000
699.000000 1077.000000
675.000000 1080.000000
673.000000 1120.000000
660.000000 1143.000000
640.000000 1154.000000
624.000000 1173.000000
607.000000 1190.000000
587.000000 1203.000000
569.000000 1221.000000
551.000000 1237.000000
533.000000 1256.000000
515.000000 1274.000000
496.000000 1291.000000
475.000000 1306.000000
455.000000 1323.000000
436.000000 1341.000000
417.000000 1365.000000
395.000000 1378.000000
373.000000 1394.000000
354.000000 1419.000000
333.000000 1443.000000
310.000000 1457.000000
288.000000 1481.000000
265.000000 1505.000000
240.000000 1518.000000
218.000000 1548.000000
193.000000 1570.000000
166.000000 1583.000000
141.000000 1610.000000
114.000000 1630.000000
86.000000 1649.000000
59.000000 1676.000000
30.000000 1700.000000
-0.000000 1725.000000
-31.000000 1755.000000
-63.000000 1792.000000
-95.000000 1820.000000
-129.000000 1846.000000
-165.000000 1881.000000
-201.000000 1916.000000
-239.000000 1949.000000
-279.000000 1985.000000
-321.000000 2025.000000
-364.000000 2063.000000
-409.000000 2102.000000
-446.000000 2096.000000
-497.000000 2153.000000
-543.000000 2177.000000
-598.000000 2230.000000
-654.000000 2282.000000
-715.000000 2340.000000
-777.000000 2390.000000
-846.000000 2458.000000
-917.000000 2520.000000
-994.000000 2591.000000
-1063.000000 2631.000000
-1103.000000 2599.000000
-1140.000000 2562.000000
-1177.000000 2524.000000
-1209.000000 2478.000000
-1244.000000 2441.000000
-1282.000000 2411.000000
-1315.000000 2372.000000
-1345.000000 2330.000000
-1378.000000 2293.000000
-1414.000000 2263.000000
-1443.000000 2222.000000
-1476.000000 2189.000000
-1510.000000 2157.000000
-1538.000000 2116.000000
-1568.000000 2080.000000
-758.000000 970.000000
-780.000000 964.000000
-794.000000 946.000000
-801.000000 922.000000
-814.000000 904.000000
-837.000000 898.000000
-845.000000 875.000000
-865.000000 865.000000
-1500.000000 1448.000000
-1520.000000 1417.000000
-1544.000000 1390.000000
-1568.000000 1363.000000
-1592.000000 1336.000000
-1615.000000 1308.000000
-1643.000000 1284.000000
-1664.000000 1254.000000
-1692.000000 1229.000000
-1712.000000 1199.000000
-1740.000000 1174.000000
-1768.000000 1148.000000
-1791.000000 1119.000000
-1790.000000 1075.000000
-1827.000000 1055.000000
-1862.000000 1032.000000
-1887.000000 1003.000000
-1563.000000 796.000000
-1937.000000 945.000000
-1968.000000 918.000000
-1876.000000 835.000000
-2013.000000 855.000000
-2045.000000 826.000000
-2537.000000 974.000000
-2587.000000 942.000000
-1175.000000 405.000000
-1182.000000 384.000000
-1190.000000 364.000000
-2719.000000 780.000000
-2762.000000 740.000000
-2800.000000 698.000000
-2839.000000 656.000000
-2879.000000 612.000000
-2924.000000 568.000000
-2961.000000 522.000000
-3005.000000 476.000000
-3050.000000 429.000000
-3089.000000 379.000000
-3134.000000 329.000000
-3182.000000 278.000000
-3231.000000 226.000000
-3279.000000 172.000000
-3335.000000 116.000000
-3381.000000 59.000000
-3438.000000 0.000000
