181 2
990.000000 0.000000
974.000000 17.000000
953.000000 33.000000
944.000000 49.000000
934.000000 65.000000
914.000000 80.000000
902.000000 95.000000
879.000000 108.000000
866.000000 122.000000
882.000000 140.000000
871.000000 154.000000
869.000000 169.000000
850.000000 181.000000
839.000000 194.000000
829.000000 207.000000
815.000000 218.000000
803.000000 230.000000
790.000000 241.000000
786.000000 255.000000
772.000000 266.000000
758.000000 276.000000
752.000000 289.000000
739.000000 299.000000
725.000000 308.000000
710.000000 316.000000
698.000000 325.000000
692.000000 338.000000
677.000000 345.000000
663.000000 353.000000
657.000000 364.000000
643.000000 371.000000
644.000000 387.000000
629.000000 393.000000
622.000000 404.000000
615.000000 415.000000
600.000000 420.000000
594.000000 431.000000
585.000000 441.000000
572.000000 447.000000
566.000000 458.000000
559.000000 469.000000
546.000000 475.000000
540.000000 486.000000
529.000000 493.000000
523.000000 505.000000
516.000000 516.000000
504.000000 522.000000
494.000000 530.000000
488.000000 542.000000
477.000000 549.000000
466.000000 555.000000
454.000000 560.000000
444.000000 568.000000
439.000000 583.000000
428.000000 590.000000
418.000000 597.000000
412.000000 611.000000
401.000000 618.000000
395.000000 632.000000
384.000000 639.000000
376.000000 652.000000
366.000000 659.000000
354.000000 665.000000
342.000000 671.000000
333.000000 683.000000
322.000000 691.000000
313.000000 703.000000
301.000000 709.000000
292.000000 722.000000
283.000000 738.000000
270.000000 742.000000
260.000000 755.000000
250.000000 769.000000
239.000000 782.000000
225.000000 785.000000
214.000000 799.000000
202.000000 812.000000
190.000000 823.000000
178.000000 835.000000
165.000000 847.000000
151.000000 859.000000
139.000000 880.000000
125.000000 892.000000
111.000000 903.000000
96.000000 917.000000
81.000000 928.000000
66.000000 948.000000
50.000000 958.000000
34.000000 976.000000
17.000000 993.000000
-0.000000 1002.000000
-18.000000 1021.000000
-36.000000 1040.000000
-56.000000 1070.000000
-76.000000 1087.000000
-97.000000 1104.000000
-119.000000 1129.000000
-141.000000 1147.000000
-165.000000 1173.000000
-190.000000 1200.000000
-207.000000 1176.000000
-233.000000 1198.000000
-262.000000 1232.000000
-290.000000 1256.000000
-318.000000 1277.000000
-350.000000 1307.000000
-383.000000 1337.000000
-419.000000 1371.000000
-460.000000 1415.000000
-499.000000 1449.000000
-543.000000 1492.000000
-589.000000 1534.000000
-643.000000 1591.000000
-696.000000 1639.000000
-755.000000 1696.000000
-813.000000 1744.000000
-841.000000 1725.000000
-868.000000 1703.000000
-892.000000 1678.000000
-917.000000 1654.000000
-941.000000 1631.000000
-964.000000 1605.000000
-988.000000 1582.000000
-1016.000000 1564.000000
-1032.000000 1530.000000
-1059.000000 1513.000000
-1080.000000 1487.000000
-1101.000000 1461.000000
-1126.000000 1441.000000
-1147.000000 1416.000000
-1169.000000 1393.000000
-1195.000000 1374.000000
-1217.000000 1352.000000
-1238.000000 1327.000000
-1259.000000 1303.000000
-1282.000000 1282.000000
-1308.000000 1263.000000
-1320.000000 1231.000000
-1348.000000 1214.000000
-1371.000000 1191.000000
-1392.000000 1168.000000
-1414.000000 1145.000000
-1411.000000 1102.000000
-1436.000000 1082.000000
-1459.000000 1060.000000
-1311.000000 918.000000
-1121.000000 756.000000
-1135.000000 737.000000
-1157.000000 723.000000
-1173.000000 705.000000
-1186.000000 685.000000
-1196.000000 663.000000
-1237.000000 658.000000
-1250.000000 637.000000
-1285.000000 627.000000
-1277.000000 595.000000
-1303.000000 580.000000
-1314.000000 558.000000
-1339.000000 541.000000
-1348.000000 517.000000
-1365.000000 497.000000
-1392.000000 479.000000
-1409.000000 458.000000
-1425.000000 436.000000
-1442.000000 413.000000
-1466.000000 393.000000
-1466.000000 366.000000
-1505.000000 348.000000
-700.000000 149.000000
-618.000000 120.000000
-608.000000 107.000000
-595.000000 94.000000
-581.000000 82.000000
-565.000000 69.000000
-576.000000 61.000000
-575.000000 50.000000
-566.000000 40.000000
-570.000000 30.000000
-582.000000 20.000000
-578.000000 10.000000
-592.000000 0.000000
