181 2
4103.000000 0.000000
4167.000000 73.000000
4225.000000 148.000000
4118.000000 216.000000
4030.000000 282.000000
3969.000000 347.000000
3901.000000 410.000000
3834.000000 471.000000
3785.000000 532.000000
3704.000000 587.000000
3654.000000 644.000000
3591.000000 698.000000
3537.000000 752.000000
3475.000000 802.000000
3120.000000 778.000000
3073.000000 823.000000
3025.000000 867.000000
2977.000000 910.000000
2955.000000 960.000000
2904.000000 1000.000000
2866.000000 1043.000000
2822.000000 1083.000000
2777.000000 1122.000000
2730.000000 1159.000000
2692.000000 1199.000000
2646.000000 1234.000000
2607.000000 1272.000000
2568.000000 1308.000000
2528.000000 1344.000000
2487.000000 1378.000000
2449.000000 1414.000000
2408.000000 1447.000000
2375.000000 1484.000000
2333.000000 1515.000000
2298.000000 1550.000000
2251.000000 1576.000000
2213.000000 1608.000000
2175.000000 1639.000000
2137.000000 1670.000000
2098.000000 1699.000000
2061.000000 1730.000000
2217.000000 1927.000000
2175.000000 1959.000000
2138.000000 1994.000000
2104.000000 2032.000000
2067.000000 2067.000000
2029.000000 2101.000000
1990.000000 2134.000000
1956.000000 2172.000000
1908.000000 2195.000000
1874.000000 2233.000000
1834.000000 2265.000000
1803.000000 2307.000000
1762.000000 2338.000000
1725.000000 2374.000000
1684.000000 2405.000000
1645.000000 2439.000000
1606.000000 2472.000000
1568.000000 2509.000000
1526.000000 2539.000000
1489.000000 2580.000000
1451.000000 2618.000000
1407.000000 2646.000000
1369.000000 2687.000000
1328.000000 2722.000000
1267.000000 2716.000000
1137.000000 2554.000000
1092.000000 2572.000000
1062.000000 2629.000000
1023.000000 2666.000000
981.000000 2695.000000
944.000000 2742.000000
905.000000 2787.000000
862.000000 2821.000000
819.000000 2855.000000
776.000000 2896.000000
732.000000 2937.000000
687.000000 2977.000000
639.000000 3006.000000
569.000000 2926.000000
502.000000 2849.000000
441.000000 2782.000000
381.000000 2710.000000
325.000000 2643.000000
272.000000 2588.000000
221.000000 2527.000000
173.000000 2476.000000
127.000000 2424.000000
83.000000 2374.000000
42.000000 2403.000000
-0.000000 2437.000000
-43.000000 2483.000000
-88.000000 2518.000000
-134.000000 2564.000000
-182.000000 2609.000000
-232.000000 2651.000000
-283.000000 2692.000000
-337.000000 2741.000000
-392.000000 2790.000000
-449.000000 2837.000000
-510.000000 2894.000000
-573.000000 2950.000000
-641.000000 3014.000000
-709.000000 3073.000000
-781.000000 3131.000000
-858.000000 3202.000000
-938.000000 3271.000000
-1022.000000 3342.000000
-1114.000000 3428.000000
-1206.000000 3502.000000
-1311.000000 3602.000000
-1419.000000 3697.000000
-1535.000000 3800.000000
-1661.000000 3912.000000
-1795.000000 4031.000000
-2011.000000 4313.000000
-2183.000000 4476.000000
-2363.000000 4638.000000
-2550.000000 4796.000000
-2682.000000 4838.000000
-2858.000000 4951.000000
-2934.000000 4883.000000
-3005.000000 4809.000000
-3068.000000 4725.000000
-3135.000000 4648.000000
-3205.000000 4577.000000
-3273.000000 4505.000000
-3335.000000 4425.000000
-3400.000000 4351.000000
-3469.000000 4284.000000
-3533.000000 4211.000000
-3591.000000 4131.000000
-3680.000000 4087.000000
-3740.000000 4011.000000
-3806.000000 3941.000000
-3869.000000 3869.000000
-3936.000000 3800.000000
-3994.000000 3724.000000
-4058.000000 3654.000000
-4125.000000 3586.000000
-4189.000000 3515.000000
-4253.000000 3444.000000
-4313.000000 3370.000000
-4356.000000 3282.000000
-4272.000000 3104.000000
-3831.000000 2683.000000
-3263.000000 2201.000000
-2888.000000 1875.000000
-2629.000000 1643.000000
-2560.000000 1538.000000
-2599.000000 1501.000000
-2612.000000 1448.000000
-1907.000000 1014.000000
-1826.000000 930.000000
-1729.000000 843.000000
-1646.000000 767.000000
-1566.000000 697.000000
-1494.000000 634.000000
-1499.000000 606.000000
-1528.000000 587.000000
-1537.000000 560.000000
-1556.000000 536.000000
-1584.000000 515.000000
-1601.000000 489.000000
-1619.000000 464.000000
-1643.000000 440.000000
-1669.000000 416.000000
-1692.000000 391.000000
-1708.000000 363.000000
-1733.000000 337.000000
-1756.000000 310.000000
-1775.000000 281.000000
-1807.000000 254.000000
-1830.000000 225.000000
-1863.000000 196.000000
-1885.000000 165.000000
-1849.000000 129.000000
-1813.000000 95.000000
-1778.000000 62.000000
-1742.000000 30.000000
-1706.000000 0.000000
