181 2
429.000000 0.000000
539.000000 9.000000
566.000000 20.000000
557.000000 29.000000
547.000000 38.000000
537.000000 47.000000
537.000000 56.000000
531.000000 65.000000
530.000000 74.000000
527.000000 84.000000
511.000000 90.000000
534.000000 104.000000
544.000000 116.000000
554.000000 128.000000
571.000000 142.000000
585.000000 157.000000
601.000000 172.000000
610.000000 187.000000
631.000000 205.000000
651.000000 224.000000
672.000000 245.000000
697.000000 268.000000
719.000000 291.000000
5713.000000 2425.000000
6257.000000 2786.000000
1330.000000 620.000000
1317.000000 642.000000
7010.000000 3572.000000
914.000000 486.000000
903.000000 501.000000
888.000000 513.000000
4168.000000 2504.000000
4114.000000 2571.000000
4047.000000 2628.000000
3988.000000 2690.000000
1126.000000 788.000000
1390.000000 1010.000000
1448.000000 1091.000000
3742.000000 2924.000000
2231.000000 1807.000000
2685.000000 2253.000000
2623.000000 2280.000000
2599.000000 2340.000000
2787.000000 2599.000000
3382.000000 3266.000000
3323.000000 3323.000000
3268.000000 3384.000000
3206.000000 3438.000000
3147.000000 3495.000000
3074.000000 3536.000000
3013.000000 3590.000000
2946.000000 3639.000000
2885.000000 3693.000000
2826.000000 3750.000000
2766.000000 3807.000000
2116.000000 3022.000000
1697.000000 2516.000000
1596.000000 2458.000000
1429.000000 2286.000000
1398.000000 2327.000000
1361.000000 2357.000000
1324.000000 2388.000000
1291.000000 2427.000000
1253.000000 2458.000000
1166.000000 2391.000000
1129.000000 2422.000000
1140.000000 2560.000000
1112.000000 2621.000000
1027.000000 2542.000000
946.000000 2465.000000
866.000000 2378.000000
794.000000 2307.000000
723.000000 2225.000000
662.000000 2165.000000
604.000000 2107.000000
549.000000 2049.000000
497.000000 1994.000000
449.000000 1943.000000
404.000000 1899.000000
362.000000 1862.000000
320.000000 1812.000000
281.000000 1772.000000
244.000000 1739.000000
209.000000 1705.000000
176.000000 1672.000000
142.000000 1629.000000
112.000000 1603.000000
82.000000 1569.000000
54.000000 1541.000000
26.000000 1503.000000
-0.000000 1483.000000
-25.000000 1446.000000
-50.000000 1427.000000
-73.000000 1400.000000
-97.000000 1382.000000
-76.000000 869.000000
-87.000000 831.000000
-99.000000 807.000000
-110.000000 785.000000
-123.000000 777.000000
-135.000000 766.000000
-147.000000 755.000000
-157.000000 738.000000
-171.000000 739.000000
-181.000000 727.000000
-194.000000 724.000000
-207.000000 721.000000
-220.000000 718.000000
-232.000000 714.000000
-240.000000 697.000000
-258.000000 708.000000
-280.000000 728.000000
-305.000000 754.000000
-328.000000 772.000000
-353.000000 793.000000
-390.000000 837.000000
-407.000000 835.000000
-418.000000 820.000000
-426.000000 802.000000
-440.000000 793.000000
-453.000000 785.000000
-463.000000 770.000000
-472.000000 755.000000
-480.000000 739.000000
-571.000000 847.000000
-593.000000 846.000000
-607.000000 835.000000
-624.000000 828.000000
-638.000000 817.000000
-651.000000 804.000000
-665.000000 792.000000
-678.000000 780.000000
-692.000000 768.000000
-700.000000 751.000000
-714.000000 739.000000
-726.000000 726.000000
-739.000000 713.000000
-751.000000 700.000000
-763.000000 687.000000
-775.000000 674.000000
-794.000000 667.000000
-758.000000 614.000000
-678.000000 529.000000
-688.000000 519.000000
-704.000000 511.000000
-709.000000 497.000000
-718.000000 484.000000
-726.000000 472.000000
-737.000000 460.000000
-745.000000 448.000000
-761.000000 440.000000
-769.000000 426.000000
-783.000000 416.000000
-792.000000 404.000000
-804.000000 392.000000
-810.000000 378.000000
-826.000000 368.000000
-842.000000 358.000000
-848.000000 343.000000
-864.000000 331.000000
-869.000000 316.000000
-814.000000 280.000000
-803.000000 261.000000
-793.000000 242.000000
-778.000000 223.000000
-772.000000 207.000000
-758.000000 189.000000
-748.000000 173.000000
-735.000000 156.000000
-721.000000 140.000000
-720.000000 127.000000
-706.000000 112.000000
-708.000000 100.000000
-694.000000 85.000000
-685.000000 72.000000
-679.000000 59.000000
-669.000000 47.000000
-661.000000 35.000000
-654.000000 23.000000
-646.000000 11.000000
-638.000000 0.000000
