181 2
2059.000000 0.000000
2049.000000 36.000000
2046.000000 71.000000
2034.000000 107.000000
2023.000000 141.000000
2010.000000 176.000000
2009.000000 211.000000
1993.000000 245.000000
1988.000000 279.000000
1970.000000 312.000000
1934.000000 341.000000
1931.000000 375.000000
1921.000000 408.000000
1901.000000 439.000000
1894.000000 472.000000
1878.000000 503.000000
1871.000000 536.000000
1916.000000 586.000000
2092.000000 680.000000
2089.000000 719.000000
2064.000000 751.000000
2055.000000 789.000000
2037.000000 823.000000
2036.000000 864.000000
2018.000000 898.000000
2015.000000 939.000000
1994.000000 973.000000
1983.000000 1011.000000
1971.000000 1048.000000
1957.000000 1085.000000
1943.000000 1122.000000
1933.000000 1161.000000
1925.000000 1203.000000
1908.000000 1239.000000
1889.000000 1274.000000
1877.000000 1314.000000
1870.000000 1358.000000
1850.000000 1394.000000
1839.000000 1437.000000
1824.000000 1477.000000
1805.000000 1514.000000
1792.000000 1557.000000
1774.000000 1597.000000
1762.000000 1643.000000
1753.000000 1693.000000
1731.000000 1731.000000
1722.000000 1783.000000
1671.000000 1792.000000
1602.000000 1779.000000
1515.000000 1743.000000
1455.000000 1734.000000
1452.000000 1794.000000
1433.000000 1834.000000
1421.000000 1886.000000
1401.000000 1929.000000
1385.000000 1977.000000
1370.000000 2031.000000
1354.000000 2085.000000
1332.000000 2132.000000
1314.000000 2187.000000
1293.000000 2240.000000
1277.000000 2304.000000
1254.000000 2359.000000
1232.000000 2418.000000
1210.000000 2482.000000
1186.000000 2544.000000
1164.000000 2615.000000
1140.000000 2686.000000
1114.000000 2758.000000
1087.000000 2832.000000
1059.000000 2909.000000
1028.000000 2987.000000
1002.000000 3082.000000
968.000000 3166.000000
937.000000 3266.000000
903.000000 3370.000000
867.000000 3478.000000
829.000000 3590.000000
789.000000 3712.000000
746.000000 3838.000000
701.000000 3974.000000
653.000000 4122.000000
601.000000 4273.000000
545.000000 4436.000000
484.000000 4610.000000
420.000000 4802.000000
350.000000 5002.000000
274.000000 5231.000000
192.000000 5488.000000
96.000000 5475.000000
-0.000000 5439.000000
-94.000000 5410.000000
-188.000000 5383.000000
-280.000000 5352.000000
-372.000000 5321.000000
-465.000000 5320.000000
-557.000000 5295.000000
-645.000000 5257.000000
-735.000000 5227.000000
-824.000000 5204.000000
-912.000000 5172.000000
-1001.000000 5149.000000
-1087.000000 5115.000000
-1173.000000 5080.000000
-1247.000000 5003.000000
-1334.000000 4977.000000
-1422.000000 4958.000000
-1508.000000 4933.000000
-1595.000000 4910.000000
-1683.000000 4887.000000
-1773.000000 4870.000000
-1861.000000 4848.000000
-1947.000000 4820.000000
-2026.000000 4772.000000
-2112.000000 4744.000000
-2195.000000 4706.000000
-2284.000000 4684.000000
-2179.000000 4276.000000
-1343.000000 2526.000000
-1231.000000 2222.000000
-1127.000000 1953.000000
-1042.000000 1734.000000
-1068.000000 1709.000000
-1109.000000 1708.000000
-1144.000000 1695.000000
-1179.000000 1684.000000
-1208.000000 1663.000000
-1237.000000 1641.000000
-1437.000000 1839.000000
-1401.000000 1730.000000
-1364.000000 1626.000000
-1329.000000 1528.000000
-1320.000000 1465.000000
-1353.000000 1451.000000
-1391.000000 1441.000000
-1430.000000 1430.000000
-1467.000000 1417.000000
-1507.000000 1405.000000
-1550.000000 1396.000000
-1588.000000 1380.000000
-1629.000000 1367.000000
-1666.000000 1349.000000
-1711.000000 1337.000000
-1759.000000 1325.000000
-1803.000000 1310.000000
-1847.000000 1293.000000
-1892.000000 1276.000000
-1944.000000 1262.000000
-1988.000000 1242.000000
-2032.000000 1221.000000
-2093.000000 1209.000000
-2145.000000 1189.000000
-2205.000000 1172.000000
-2258.000000 1150.000000
-2324.000000 1134.000000
-2314.000000 1079.000000
-2297.000000 1023.000000
-2272.000000 964.000000
-2257.000000 912.000000
-2239.000000 859.000000
-2230.000000 812.000000
-2210.000000 761.000000
-2170.000000 705.000000
-2172.000000 664.000000
-2156.000000 618.000000
-2134.000000 572.000000
-2108.000000 526.000000
-2151.000000 497.000000
-2213.000000 470.000000
-2285.000000 444.000000
-2342.000000 413.000000
-2314.000000 367.000000
-2304.000000 324.000000
-2295.000000 282.000000
-2286.000000 240.000000
-2256.000000 197.000000
-2245.000000 157.000000
-2227.000000 117.000000
-2216.000000 77.000000
-2201.000000 38.000000
-2194.000000 0.000000
