181 2
632.000000 0.000000
626.000000 11.000000
623.000000 22.000000
618.000000 32.000000
602.000000 42.000000
628.000000 55.000000
667.000000 70.000000
705.000000 87.000000
723.000000 102.000000
745.000000 118.000000
796.000000 140.000000
849.000000 165.000000
872.000000 185.000000
930.000000 215.000000
978.000000 244.000000
1039.000000 278.000000
1100.000000 315.000000
1181.000000 361.000000
1261.000000 410.000000
1365.000000 470.000000
1501.000000 546.000000
1674.000000 643.000000
1886.000000 762.000000
2181.000000 926.000000
2589.000000 1153.000000
3233.000000 1507.000000
4110.000000 2005.000000
4072.000000 2075.000000
4027.000000 2141.000000
3990.000000 2212.000000
3952.000000 2282.000000
3919.000000 2355.000000
3877.000000 2423.000000
3834.000000 2490.000000
3819.000000 2576.000000
3785.000000 2650.000000
3749.000000 2724.000000
3701.000000 2789.000000
3663.000000 2862.000000
3626.000000 2936.000000
3589.000000 3011.000000
3542.000000 3079.000000
3505.000000 3156.000000
3464.000000 3231.000000
3426.000000 3309.000000
3382.000000 3382.000000
3333.000000 3451.000000
3295.000000 3533.000000
3249.000000 3608.000000
3205.000000 3687.000000
3159.000000 3765.000000
3118.000000 3850.000000
3073.000000 3933.000000
3009.000000 3993.000000
2960.000000 4074.000000
2905.000000 4148.000000
2863.000000 4244.000000
2812.000000 4330.000000
2759.000000 4415.000000
2444.000000 4068.000000
2603.000000 4509.000000
2440.000000 4402.000000
2246.000000 4225.000000
2176.000000 4271.000000
2110.000000 4327.000000
1541.000000 3304.000000
1441.000000 3237.000000
1385.000000 3263.000000
1643.000000 4067.000000
1224.000000 3188.000000
1161.000000 3190.000000
1107.000000 3216.000000
1043.000000 3211.000000
903.000000 2952.000000
837.000000 2920.000000
776.000000 2895.000000
716.000000 2871.000000
653.000000 2829.000000
597.000000 2809.000000
561.000000 2885.000000
472.000000 2679.000000
421.000000 2660.000000
370.000000 2632.000000
320.000000 2602.000000
270.000000 2571.000000
222.000000 2532.000000
176.000000 2520.000000
133.000000 2536.000000
92.000000 2639.000000
49.000000 2785.000000
-0.000000 2818.000000
-49.000000 2782.000000
-96.000000 2754.000000
-143.000000 2722.000000
-197.000000 2820.000000
-257.000000 2937.000000
-321.000000 3056.000000
-390.000000 3177.000000
-464.000000 3302.000000
-546.000000 3449.000000
-637.000000 3613.000000
-708.000000 3644.000000
-768.000000 3612.000000
-827.000000 3582.000000
-885.000000 3550.000000
-942.000000 3516.000000
-1001.000000 3490.000000
-1053.000000 3445.000000
-1111.000000 3419.000000
-1164.000000 3381.000000
-1214.000000 3336.000000
-1363.000000 3550.000000
-1421.000000 3518.000000
-1479.000000 3485.000000
-1539.000000 3457.000000
-1596.000000 3422.000000
-1654.000000 3391.000000
-1711.000000 3358.000000
-1766.000000 3321.000000
-1827.000000 3296.000000
-1885.000000 3266.000000
-1936.000000 3222.000000
-1995.000000 3193.000000
-2052.000000 3159.000000
-2113.000000 3132.000000
-2169.000000 3097.000000
-2224.000000 3061.000000
-2280.000000 3026.000000
-2343.000000 2998.000000
-2396.000000 2959.000000
-2293.000000 2733.000000
-2356.000000 2710.000000
-2414.000000 2681.000000
-2470.000000 2649.000000
-2532.000000 2622.000000
-2593.000000 2593.000000
-2651.000000 2560.000000
-2707.000000 2525.000000
-2771.000000 2495.000000
-2835.000000 2464.000000
-2891.000000 2426.000000
-2954.000000 2392.000000
-3017.000000 2357.000000
-3081.000000 2322.000000
-3143.000000 2284.000000
-3214.000000 2250.000000
-3285.000000 2216.000000
-3348.000000 2174.000000
-3402.000000 2126.000000
-3472.000000 2086.000000
-3533.000000 2040.000000
-3865.000000 2142.000000
-3943.000000 2097.000000
-4028.000000 2052.000000
-4108.000000 2004.000000
-4203.000000 1960.000000
-4294.000000 1912.000000
-4384.000000 1861.000000
-4476.000000 1809.000000
-4572.000000 1755.000000
-4677.000000 1702.000000
-4759.000000 1639.000000
-4728.000000 1536.000000
-4641.000000 1419.000000
-4766.000000 1367.000000
-4898.000000 1312.000000
-4996.000000 1246.000000
-5113.000000 1180.000000
-5236.000000 1113.000000
-5180.000000 1007.000000
-5125.000000 904.000000
-5061.000000 802.000000
-5012.000000 704.000000
-4952.000000 608.000000
-4907.000000 516.000000
-4849.000000 424.000000
-4882.000000 341.000000
-5011.000000 263.000000
-5158.000000 180.000000
-5321.000000 93.000000
-5476.000000 0.000000
