181 2
540.000000 0.000000
533.000000 9.000000
547.000000 19.000000
548.000000 29.000000
551.000000 39.000000
556.000000 49.000000
567.000000 60.000000
576.000000 71.000000
579.000000 81.000000
575.000000 91.000000
579.000000 102.000000
585.000000 114.000000
589.000000 125.000000
593.000000 137.000000
603.000000 150.000000
597.000000 160.000000
599.000000 172.000000
608.000000 186.000000
614.000000 200.000000
609.000000 210.000000
620.000000 226.000000
625.000000 240.000000
632.000000 255.000000
644.000000 274.000000
639.000000 284.000000
636.000000 297.000000
647.000000 316.000000
667.000000 340.000000
664.000000 353.000000
631.000000 350.000000
624.000000 361.000000
603.000000 362.000000
584.000000 365.000000
578.000000 375.000000
575.000000 388.000000
541.000000 379.000000
534.000000 388.000000
522.000000 394.000000
512.000000 400.000000
487.000000 395.000000
493.000000 413.000000
473.000000 411.000000
461.000000 416.000000
457.000000 426.000000
446.000000 431.000000
431.000000 431.000000
420.000000 435.000000
425.000000 456.000000
445.000000 494.000000
446.000000 513.000000
462.000000 551.000000
474.000000 585.000000
483.000000 618.000000
508.000000 674.000000
517.000000 711.000000
539.000000 770.000000
561.000000 832.000000
580.000000 893.000000
605.000000 968.000000
630.000000 1049.000000
661.000000 1145.000000
700.000000 1262.000000
755.000000 1421.000000
831.000000 1631.000000
919.000000 1884.000000
1041.000000 2233.000000
1223.000000 2747.000000
1516.000000 3571.000000
1710.000000 4232.000000
1635.000000 4259.000000
1560.000000 4285.000000
1487.000000 4318.000000
1411.000000 4343.000000
1335.000000 4366.000000
1261.000000 4397.000000
1184.000000 4418.000000
1116.000000 4477.000000
1038.000000 4498.000000
963.000000 4532.000000
886.000000 4559.000000
807.000000 4577.000000
731.000000 4616.000000
652.000000 4640.000000
573.000000 4665.000000
493.000000 4693.000000
414.000000 4728.000000
333.000000 4757.000000
251.000000 4781.000000
168.000000 4813.000000
84.000000 4834.000000
-0.000000 4861.000000
-85.000000 4892.000000
-172.000000 4928.000000
-260.000000 4953.000000
-349.000000 4987.000000
-436.000000 4987.000000
-527.000000 5016.000000
-621.000000 5061.000000
-715.000000 5091.000000
-811.000000 5120.000000
-851.000000 4826.000000
-957.000000 4926.000000
-1071.000000 5037.000000
-1109.000000 4804.000000
-1181.000000 4738.000000
-1241.000000 4633.000000
-1319.000000 4599.000000
-1032.000000 3377.000000
-1091.000000 3356.000000
-1161.000000 3372.000000
-1489.000000 4092.000000
-1215.000000 3164.000000
-1270.000000 3144.000000
-1410.000000 3322.000000
-1265.000000 2841.000000
-1297.000000 2781.000000
-1327.000000 2722.000000
-1356.000000 2661.000000
-1383.000000 2601.000000
-1402.000000 2529.000000
-1441.000000 2496.000000
-1418.000000 2361.000000
-1442.000000 2308.000000
-1462.000000 2252.000000
-1481.000000 2195.000000
-1497.000000 2138.000000
-1518.000000 2089.000000
-1523.000000 2021.000000
-1556.000000 1991.000000
-1644.000000 2031.000000
-1710.000000 2038.000000
-1864.000000 2144.000000
-1882.000000 2090.000000
-1895.000000 2032.000000
-1910.000000 1978.000000
-1954.000000 1954.000000
-2075.000000 2004.000000
-2197.000000 2049.000000
-2323.000000 2092.000000
-2463.000000 2141.000000
-2614.000000 2193.000000
-2788.000000 2257.000000
-2943.000000 2299.000000
-2964.000000 2233.000000
-2987.000000 2170.000000
-3010.000000 2107.000000
-3032.000000 2045.000000
-3051.000000 1981.000000
-3064.000000 1915.000000
-3078.000000 1850.000000
-3106.000000 1794.000000
-3118.000000 1728.000000
-3292.000000 1750.000000
-3391.000000 1728.000000
-3411.000000 1664.000000
-3438.000000 1603.000000
-3461.000000 1541.000000
-3478.000000 1476.000000
-3495.000000 1412.000000
-3522.000000 1352.000000
-3545.000000 1290.000000
-3571.000000 1230.000000
-3585.000000 1165.000000
-3606.000000 1103.000000
-3634.000000 1042.000000
-3658.000000 980.000000
-3680.000000 918.000000
-3699.000000 854.000000
-3724.000000 792.000000
-3743.000000 728.000000
-3762.000000 663.000000
-3745.000000 593.000000
-3553.000000 499.000000
-3577.000000 439.000000
-3604.000000 379.000000
-3621.000000 317.000000
-3656.000000 256.000000
-3679.000000 193.000000
-3710.000000 130.000000
-3729.000000 65.000000
-3756.000000 0.000000
