181 2
892.000000 0.000000
902.000000 16.000000
902.000000 32.000000
922.000000 48.000000
922.000000 64.000000
930.000000 81.000000
940.000000 99.000000
946.000000 116.000000
951.000000 134.000000
964.000000 153.000000
968.000000 171.000000
981.000000 191.000000
990.000000 210.000000
995.000000 230.000000
1003.000000 250.000000
1023.000000 274.000000
1022.000000 293.000000
1024.000000 313.000000
1045.000000 340.000000
1049.000000 361.000000
1065.000000 388.000000
1075.000000 412.000000
1085.000000 438.000000
1090.000000 463.000000
1101.000000 490.000000
1121.000000 523.000000
1131.000000 551.000000
1145.000000 583.000000
1156.000000 615.000000
1162.000000 644.000000
1183.000000 683.000000
1200.000000 721.000000
1217.000000 760.000000
1234.000000 801.000000
1253.000000 845.000000
1272.000000 891.000000
1287.000000 935.000000
1311.000000 988.000000
1332.000000 1040.000000
1360.000000 1101.000000
1384.000000 1162.000000
1408.000000 1224.000000
1437.000000 1294.000000
1474.000000 1375.000000
1504.000000 1453.000000
1532.000000 1532.000000
1566.000000 1622.000000
1611.000000 1727.000000
1653.000000 1836.000000
1703.000000 1959.000000
1750.000000 2086.000000
1810.000000 2235.000000
1878.000000 2403.000000
1969.000000 2613.000000
1795.000000 2470.000000
1716.000000 2450.000000
1704.000000 2526.000000
1766.000000 2719.000000
1710.000000 2737.000000
384.000000 639.000000
374.000000 649.000000
358.000000 645.000000
347.000000 652.000000
330.000000 648.000000
320.000000 656.000000
311.000000 667.000000
302.000000 678.000000
287.000000 676.000000
274.000000 679.000000
257.000000 670.000000
220.000000 603.000000
209.000000 608.000000
196.000000 602.000000
182.000000 595.000000
171.000000 597.000000
160.000000 599.000000
149.000000 598.000000
139.000000 604.000000
130.000000 613.000000
121.000000 620.000000
109.000000 618.000000
97.000000 615.000000
87.000000 620.000000
77.000000 624.000000
65.000000 620.000000
54.000000 622.000000
43.000000 616.000000
32.000000 619.000000
22.000000 617.000000
11.000000 619.000000
-0.000000 614.000000
-12.000000 661.000000
-24.000000 677.000000
-37.000000 713.000000
-50.000000 718.000000
-61.000000 699.000000
-71.000000 679.000000
-254.000000 2066.000000
-290.000000 2063.000000
-323.000000 2041.000000
-358.000000 2028.000000
-391.000000 2012.000000
-426.000000 2002.000000
-459.000000 1988.000000
-480.000000 1926.000000
-514.000000 1919.000000
-608.000000 2119.000000
-880.000000 2878.000000
-913.000000 2810.000000
-777.000000 2256.000000
-809.000000 2222.000000
-867.000000 2257.000000
-922.000000 2283.000000
-976.000000 2300.000000
-1035.000000 2325.000000
-1098.000000 2354.000000
-1146.000000 2349.000000
-1166.000000 2288.000000
-1192.000000 2243.000000
-1211.000000 2185.000000
-1237.000000 2143.000000
-1253.000000 2085.000000
-1252.000000 2004.000000
-1189.000000 1832.000000
-1284.000000 1903.000000
-1254.000000 1791.000000
-1592.000000 2191.000000
-1367.000000 1814.000000
-814.000000 1042.000000
-651.000000 804.000000
-612.000000 729.000000
-557.000000 641.000000
-563.000000 625.000000
-576.000000 618.000000
-597.000000 618.000000
-479.000000 479.000000
-396.000000 382.000000
-407.000000 379.000000
-409.000000 368.000000
-420.000000 365.000000
-418.000000 351.000000
-432.000000 350.000000
-437.000000 341.000000
-459.000000 346.000000
-684.000000 497.000000
-904.000000 633.000000
-1880.000000 1268.000000
-1745.000000 1133.000000
-1938.000000 1211.000000
-1759.000000 1057.000000
-1720.000000 993.000000
-1824.000000 1011.000000
-1781.000000 947.000000
-1769.000000 901.000000
-1767.000000 862.000000
-1827.000000 852.000000
-1820.000000 810.000000
-1815.000000 771.000000
-1815.000000 733.000000
-1862.000000 715.000000
-1769.000000 644.000000
-1678.000000 578.000000
-1693.000000 550.000000
-1899.000000 581.000000
-1907.000000 547.000000
-1913.000000 513.000000
-1937.000000 483.000000
-1799.000000 415.000000
-1950.000000 415.000000
-1963.000000 382.000000
-1978.000000 349.000000
-1722.000000 273.000000
-1722.000000 242.000000
-1741.000000 214.000000
-1793.000000 188.000000
-1711.000000 150.000000
-1625.000000 114.000000
-1561.000000 82.000000
-1570.000000 55.000000
-1576.000000 28.000000
-1589.000000 0.000000
