181 2
8135.000000 0.000000
8126.000000 142.000000
8123.000000 284.000000
8114.000000 425.000000
8133.000000 569.000000
8123.000000 711.000000
8124.000000 854.000000
8109.000000 996.000000
8104.000000 1139.000000
8092.000000 1282.000000
8083.000000 1425.000000
8068.000000 1568.000000
8051.000000 1711.000000
7384.000000 1705.000000
6555.000000 1634.000000
5932.000000 1589.000000
5549.000000 1591.000000
5546.000000 1695.000000
4652.000000 1511.000000
4318.000000 1487.000000
4123.000000 1501.000000
4123.000000 1583.000000
4130.000000 1668.000000
4127.000000 1752.000000
4121.000000 1835.000000
4115.000000 1919.000000
4104.000000 2002.000000
4093.000000 2086.000000
3903.000000 2075.000000
3731.000000 2068.000000
3595.000000 2076.000000
3429.000000 2060.000000
3431.000000 2144.000000
3419.000000 2220.000000
3394.000000 2289.000000
3269.000000 2289.000000
3140.000000 2281.000000
3012.000000 2270.000000
2888.000000 2256.000000
2775.000000 2247.000000
2676.000000 2245.000000
2574.000000 2237.000000
2172.000000 1956.000000
2098.000000 1956.000000
2020.000000 1951.000000
1955.000000 1955.000000
1888.000000 1955.000000
1821.000000 1953.000000
1757.000000 1951.000000
1692.000000 1946.000000
1634.000000 1947.000000
1575.000000 1945.000000
1514.000000 1938.000000
1459.000000 1936.000000
1405.000000 1934.000000
1351.000000 1929.000000
1302.000000 1930.000000
1254.000000 1931.000000
1206.000000 1930.000000
1153.000000 1919.000000
1111.000000 1925.000000
1064.000000 1919.000000
1020.000000 1919.000000
965.000000 1894.000000
922.000000 1891.000000
881.000000 1889.000000
838.000000 1883.000000
801.000000 1888.000000
756.000000 1871.000000
737.000000 1920.000000
739.000000 2031.000000
727.000000 2111.000000
690.000000 2124.000000
647.000000 2117.000000
609.000000 2122.000000
567.000000 2117.000000
528.000000 2116.000000
487.000000 2111.000000
450.000000 2115.000000
409.000000 2103.000000
372.000000 2110.000000
333.000000 2101.000000
296.000000 2106.000000
258.000000 2103.000000
221.000000 2105.000000
184.000000 2098.000000
147.000000 2101.000000
110.000000 2096.000000
73.000000 2094.000000
36.000000 2086.000000
-0.000000 2086.000000
-36.000000 2072.000000
-72.000000 2074.000000
-109.000000 2074.000000
-145.000000 2069.000000
-182.000000 2078.000000
-218.000000 2070.000000
-253.000000 2064.000000
-289.000000 2059.000000
-327.000000 2062.000000
-363.000000 2058.000000
-401.000000 2063.000000
-438.000000 2060.000000
-475.000000 2057.000000
-510.000000 2044.000000
-485.000000 1808.000000
-518.000000 1805.000000
-551.000000 1801.000000
-586.000000 1802.000000
-618.000000 1794.000000
-654.000000 1796.000000
-688.000000 1793.000000
-723.000000 1789.000000
-760.000000 1790.000000
-794.000000 1784.000000
-830.000000 1780.000000
-869.000000 1781.000000
-904.000000 1775.000000
-945.000000 1776.000000
-979.000000 1767.000000
-1019.000000 1765.000000
-1060.000000 1765.000000
-1102.000000 1764.000000
-1138.000000 1752.000000
-1179.000000 1748.000000
-1221.000000 1743.000000
-1267.000000 1744.000000
-1309.000000 1737.000000
-1357.000000 1737.000000
-1403.000000 1733.000000
-1446.000000 1723.000000
-1498.000000 1724.000000
-1546.000000 1717.000000
-1601.000000 1717.000000
-1656.000000 1715.000000
-1706.000000 1706.000000
-1765.000000 1705.000000
-1820.000000 1697.000000
-1884.000000 1696.000000
-1948.000000 1693.000000
-2014.000000 1690.000000
-2077.000000 1682.000000
-2150.000000 1680.000000
-2222.000000 1674.000000
-2296.000000 1668.000000
-2370.000000 1659.000000
-2453.000000 1655.000000
-2546.000000 1654.000000
-2630.000000 1643.000000
-2728.000000 1639.000000
-2828.000000 1633.000000
-2933.000000 1626.000000
-3040.000000 1616.000000
-3159.000000 1609.000000
-3286.000000 1603.000000
-3420.000000 1595.000000
-3552.000000 1581.000000
-3700.000000 1571.000000
-3860.000000 1559.000000
-4037.000000 1550.000000
-4229.000000 1539.000000
-4431.000000 1526.000000
-4498.000000 1461.000000
-4487.000000 1372.000000
-4483.000000 1286.000000
-4470.000000 1198.000000
-4472.000000 1115.000000
-4463.000000 1030.000000
-4454.000000 947.000000
-4483.000000 871.000000
-4474.000000 789.000000
-4466.000000 707.000000
-4462.000000 627.000000
-4455.000000 547.000000
-4457.000000 468.000000
-4459.000000 390.000000
-4449.000000 311.000000
-4436.000000 232.000000
-4434.000000 155.000000
-4488.000000 78.000000
-4421.000000 0.000000
