181 2
501.000000 0.000000
502.000000 9.000000
492.000000 17.000000
499.000000 26.000000
501.000000 35.000000
499.000000 44.000000
508.000000 53.000000
506.000000 62.000000
508.000000 71.000000
505.000000 80.000000
502.000000 89.000000
500.000000 97.000000
508.000000 108.000000
513.000000 118.000000
514.000000 128.000000
510.000000 137.000000
509.000000 146.000000
514.000000 157.000000
512.000000 166.000000
508.000000 175.000000
513.000000 187.000000
516.000000 198.000000
513.000000 207.000000
511.000000 217.000000
516.000000 230.000000
513.000000 239.000000
517.000000 252.000000
512.000000 261.000000
516.000000 274.000000
518.000000 287.000000
514.000000 297.000000
515.000000 310.000000
517.000000 323.000000
518.000000 337.000000
520.000000 351.000000
521.000000 365.000000
515.000000 374.000000
514.000000 388.000000
518.000000 404.000000
525.000000 425.000000
525.000000 440.000000
522.000000 454.000000
523.000000 471.000000
528.000000 492.000000
526.000000 508.000000
530.000000 530.000000
526.000000 545.000000
528.000000 566.000000
531.000000 590.000000
532.000000 612.000000
532.000000 634.000000
532.000000 657.000000
531.000000 680.000000
536.000000 712.000000
535.000000 736.000000
540.000000 772.000000
542.000000 803.000000
544.000000 837.000000
543.000000 868.000000
546.000000 909.000000
548.000000 949.000000
540.000000 974.000000
550.000000 1035.000000
543.000000 1067.000000
554.000000 1135.000000
553.000000 1185.000000
558.000000 1254.000000
571.000000 1345.000000
574.000000 1420.000000
581.000000 1514.000000
583.000000 1602.000000
592.000000 1718.000000
596.000000 1836.000000
565.000000 1849.000000
544.000000 1896.000000
522.000000 1947.000000
488.000000 1958.000000
503.000000 2177.000000
526.000000 2476.000000
1279.000000 6580.000000
1163.000000 6593.000000
867.000000 5475.000000
867.000000 6169.000000
690.000000 5623.000000
996.000000 9478.000000
832.000000 9509.000000
638.000000 9131.000000
479.000000 9135.000000
314.000000 8983.000000
148.000000 8495.000000
-0.000000 8533.000000
-160.000000 9168.000000
-304.000000 8695.000000
-454.000000 8662.000000
-607.000000 8676.000000
-406.000000 4639.000000
-458.000000 4358.000000
-538.000000 4384.000000
-616.000000 4384.000000
-307.000000 1938.000000
-340.000000 1927.000000
-375.000000 1931.000000
-411.000000 1933.000000
-447.000000 1937.000000
-483.000000 1939.000000
-520.000000 1941.000000
-540.000000 1882.000000
-548.000000 1792.000000
-550.000000 1693.000000
-555.000000 1613.000000
-562.000000 1543.000000
-564.000000 1469.000000
-569.000000 1407.000000
-572.000000 1348.000000
-574.000000 1290.000000
-578.000000 1239.000000
-580.000000 1188.000000
-585.000000 1148.000000
-588.000000 1105.000000
-589.000000 1063.000000
-594.000000 1030.000000
-595.000000 991.000000
-598.000000 957.000000
-599.000000 923.000000
-606.000000 898.000000
-606.000000 865.000000
-608.000000 837.000000
-613.000000 814.000000
-609.000000 779.000000
-611.000000 755.000000
-618.000000 737.000000
-619.000000 712.000000
-619.000000 687.000000
-617.000000 662.000000
-615.000000 637.000000
-614.000000 614.000000
-619.000000 597.000000
-622.000000 580.000000
-620.000000 558.000000
-624.000000 543.000000
-624.000000 524.000000
-628.000000 508.000000
-630.000000 492.000000
-630.000000 475.000000
-629.000000 457.000000
-629.000000 441.000000
-631.000000 426.000000
-632.000000 410.000000
-632.000000 395.000000
-639.000000 384.000000
-637.000000 368.000000
-637.000000 353.000000
-644.000000 342.000000
-642.000000 327.000000
-637.000000 311.000000
-643.000000 300.000000
-647.000000 288.000000
-644.000000 274.000000
-640.000000 258.000000
-646.000000 248.000000
-641.000000 233.000000
-646.000000 222.000000
-650.000000 211.000000
-645.000000 197.000000
-648.000000 186.000000
-650.000000 174.000000
-644.000000 161.000000
-646.000000 149.000000
-649.000000 138.000000
-651.000000 127.000000
-654.000000 115.000000
-655.000000 104.000000
-648.000000 91.000000
-650.000000 80.000000
-651.000000 68.000000
-653.000000 57.000000
-652.000000 46.000000
-653.000000 34.000000
-654.000000 23.000000
-654.000000 11.000000
-655.000000 0.000000
