181 2
3464.000000 0.000000
3491.000000 61.000000
3519.000000 123.000000
3551.000000 186.000000
3567.000000 249.000000
3595.000000 315.000000
3627.000000 381.000000
3644.000000 447.000000
3655.000000 514.000000
3693.000000 585.000000
3710.000000 654.000000
3719.000000 723.000000
4050.000000 861.000000
4080.000000 942.000000
4110.000000 1025.000000
4135.000000 1108.000000
4180.000000 1198.000000
4205.000000 1286.000000
4238.000000 1377.000000
4267.000000 1469.000000
4318.000000 1572.000000
4356.000000 1672.000000
4380.000000 1770.000000
4335.000000 1840.000000
4228.000000 1882.000000
4175.000000 1947.000000
4222.000000 2059.000000
4260.000000 2171.000000
4297.000000 2285.000000
4338.000000 2405.000000
4376.000000 2527.000000
4415.000000 2653.000000
4473.000000 2795.000000
4522.000000 2937.000000
4575.000000 3086.000000
4634.000000 3245.000000
4683.000000 3403.000000
4757.000000 3584.000000
4815.000000 3762.000000
4896.000000 3965.000000
4967.000000 4168.000000
5050.000000 4390.000000
5136.000000 4624.000000
5231.000000 4878.000000
5325.000000 5142.000000
5444.000000 5444.000000
5470.000000 5665.000000
5330.000000 5716.000000
5191.000000 5765.000000
5059.000000 5820.000000
4944.000000 5892.000000
4811.000000 5941.000000
4677.000000 5986.000000
4548.000000 6035.000000
4423.000000 6088.000000
4294.000000 6133.000000
4167.000000 6178.000000
4042.000000 6224.000000
2165.000000 3464.000000
2101.000000 3496.000000
2032.000000 3520.000000
1979.000000 3569.000000
1822.000000 3428.000000
1761.000000 3456.000000
1700.000000 3486.000000
1638.000000 3514.000000
1575.000000 3537.000000
1510.000000 3558.000000
1448.000000 3584.000000
1385.000000 3608.000000
1322.000000 3631.000000
1258.000000 3653.000000
1193.000000 3671.000000
1131.000000 3700.000000
1066.000000 3719.000000
1001.000000 3736.000000
938.000000 3763.000000
875.000000 3788.000000
793.000000 3731.000000
639.000000 3287.000000
563.000000 3194.000000
509.000000 3214.000000
455.000000 3235.000000
400.000000 3257.000000
340.000000 3231.000000
174.000000 1983.000000
130.000000 1854.000000
95.000000 1806.000000
60.000000 1726.000000
29.000000 1641.000000
-0.000000 1563.000000
-26.000000 1497.000000
-50.000000 1433.000000
-72.000000 1379.000000
-93.000000 1324.000000
-112.000000 1280.000000
-129.000000 1231.000000
-145.000000 1183.000000
-161.000000 1145.000000
-175.000000 1103.000000
-189.000000 1073.000000
-201.000000 1035.000000
-213.000000 1001.000000
-224.000000 969.000000
-236.000000 947.000000
-238.000000 888.000000
-247.000000 861.000000
-253.000000 827.000000
-264.000000 812.000000
-269.000000 781.000000
-277.000000 762.000000
-284.000000 739.000000
-295.000000 731.000000
-302.000000 711.000000
-305.000000 685.000000
-311.000000 668.000000
-313.000000 643.000000
-333.000000 653.000000
-356.000000 670.000000
-374.000000 674.000000
-396.000000 686.000000
-416.000000 693.000000
-442.000000 707.000000
-461.000000 710.000000
-486.000000 721.000000
-508.000000 726.000000
-531.000000 731.000000
-555.000000 737.000000
-567.000000 726.000000
-563.000000 695.000000
-569.000000 678.000000
-577.000000 664.000000
-580.000000 644.000000
-592.000000 635.000000
-597.000000 618.000000
-605.000000 605.000000
-614.000000 593.000000
-612.000000 571.000000
-620.000000 558.000000
-621.000000 540.000000
-630.000000 529.000000
-638.000000 517.000000
-644.000000 503.000000
-643.000000 484.000000
-650.000000 472.000000
-659.000000 462.000000
-661.000000 446.000000
-672.000000 436.000000
-675.000000 422.000000
-678.000000 407.000000
-674.000000 389.000000
-683.000000 379.000000
-680.000000 361.000000
-685.000000 349.000000
-698.000000 341.000000
-702.000000 328.000000
-705.000000 314.000000
-706.000000 300.000000
-716.000000 289.000000
-718.000000 276.000000
-725.000000 264.000000
-730.000000 251.000000
-740.000000 240.000000
-744.000000 227.000000
-740.000000 212.000000
-751.000000 201.000000
-753.000000 188.000000
-758.000000 175.000000
-762.000000 162.000000
-775.000000 151.000000
-772.000000 136.000000
-784.000000 124.000000
-786.000000 111.000000
-793.000000 97.000000
-797.000000 84.000000
-799.000000 70.000000
-813.000000 57.000000
-809.000000 42.000000
-811.000000 28.000000
-810.000000 14.000000
-812.000000 0.000000
