181 2
591.000000 0.000000
599.000000 10.000000
601.000000 21.000000
611.000000 32.000000
616.000000 43.000000
627.000000 55.000000
635.000000 67.000000
641.000000 79.000000
639.000000 90.000000
655.000000 104.000000
657.000000 116.000000
662.000000 129.000000
674.000000 143.000000
680.000000 157.000000
691.000000 172.000000
710.000000 190.000000
724.000000 208.000000
715.000000 219.000000
699.000000 227.000000
679.000000 234.000000
664.000000 242.000000
653.000000 250.000000
638.000000 258.000000
628.000000 266.000000
620.000000 276.000000
605.000000 282.000000
597.000000 291.000000
585.000000 298.000000
570.000000 303.000000
557.000000 309.000000
549.000000 317.000000
539.000000 324.000000
530.000000 331.000000
518.000000 337.000000
505.000000 341.000000
501.000000 351.000000
506.000000 367.000000
522.000000 394.000000
532.000000 416.000000
558.000000 452.000000
572.000000 480.000000
589.000000 512.000000
619.000000 557.000000
641.000000 597.000000
667.000000 644.000000
702.000000 702.000000
734.000000 760.000000
772.000000 828.000000
812.000000 901.000000
855.000000 983.000000
914.000000 1089.000000
988.000000 1220.000000
1086.000000 1390.000000
1217.000000 1615.000000
1381.000000 1901.000000
1617.000000 2310.000000
1986.000000 2945.000000
2487.000000 3829.000000
2417.000000 3869.000000
2350.000000 3910.000000
2280.000000 3950.000000
2212.000000 3990.000000
2145.000000 4035.000000
2075.000000 4072.000000
2007.000000 4115.000000
1949.000000 4179.000000
1880.000000 4222.000000
1808.000000 4260.000000
1738.000000 4301.000000
1667.000000 4344.000000
1596.000000 4386.000000
1522.000000 4421.000000
1453.000000 4471.000000
1380.000000 4513.000000
1305.000000 4553.000000
1232.000000 4599.000000
1156.000000 4638.000000
1082.000000 4685.000000
1004.000000 4723.000000
926.000000 4765.000000
848.000000 4811.000000
770.000000 4861.000000
689.000000 4905.000000
608.000000 4951.000000
522.000000 4969.000000
439.000000 5013.000000
354.000000 5065.000000
268.000000 5113.000000
181.000000 5169.000000
87.000000 4993.000000
-0.000000 4704.000000
-90.000000 5173.000000
-174.000000 4982.000000
-250.000000 4775.000000
-334.000000 4781.000000
-419.000000 4789.000000
-372.000000 3538.000000
-428.000000 3490.000000
-492.000000 3503.000000
-686.000000 4334.000000
-595.000000 3372.000000
-646.000000 3326.000000
-709.000000 3336.000000
-715.000000 3098.000000
-745.000000 2989.000000
-786.000000 2933.000000
-826.000000 2882.000000
-865.000000 2829.000000
-896.000000 2759.000000
-940.000000 2729.000000
-995.000000 2735.000000
-976.000000 2543.000000
-1009.000000 2498.000000
-1035.000000 2438.000000
-1066.000000 2394.000000
-1092.000000 2341.000000
-1113.000000 2283.000000
-1147.000000 2251.000000
-1205.000000 2266.000000
-1288.000000 2323.000000
-1418.000000 2456.000000
-1449.000000 2412.000000
-1477.000000 2364.000000
-1503.000000 2314.000000
-1532.000000 2271.000000
-1633.000000 2332.000000
-1742.000000 2398.000000
-1859.000000 2467.000000
-1986.000000 2542.000000
-2120.000000 2617.000000
-2270.000000 2705.000000
-2437.000000 2803.000000
-2484.000000 2759.000000
-2519.000000 2701.000000
-2554.000000 2644.000000
-2587.000000 2587.000000
-2618.000000 2529.000000
-2647.000000 2468.000000
-2677.000000 2410.000000
-2711.000000 2357.000000
-2739.000000 2299.000000
-2760.000000 2235.000000
-3002.000000 2345.000000
-3036.000000 2287.000000
-3061.000000 2224.000000
-3091.000000 2165.000000
-3117.000000 2103.000000
-3161.000000 2053.000000
-3201.000000 2000.000000
-3227.000000 1939.000000
-3267.000000 1886.000000
-3301.000000 1830.000000
-3333.000000 1772.000000
-3369.000000 1717.000000
-3403.000000 1660.000000
-3431.000000 1600.000000
-3460.000000 1540.000000
-3498.000000 1485.000000
-3527.000000 1425.000000
-3559.000000 1366.000000
-3592.000000 1307.000000
-3382.000000 1165.000000
-3426.000000 1113.000000
-3461.000000 1058.000000
-3488.000000 1000.000000
-3530.000000 946.000000
-3563.000000 888.000000
-3605.000000 832.000000
-3645.000000 775.000000
-3674.000000 714.000000
-3714.000000 655.000000
-3744.000000 593.000000
-3781.000000 531.000000
-3817.000000 469.000000
-3854.000000 405.000000
-3901.000000 341.000000
-3934.000000 275.000000
-3970.000000 208.000000
-4008.000000 140.000000
-4025.000000 70.000000
-4073.000000 0.000000
