181 2
2428.000000 0.000000
3020.000000 53.000000
3836.000000 134.000000
3717.000000 195.000000
3585.000000 251.000000
1707.000000 149.000000
924.000000 97.000000
896.000000 110.000000
870.000000 122.000000
879.000000 139.000000
885.000000 156.000000
903.000000 176.000000
918.000000 195.000000
925.000000 213.000000
925.000000 231.000000
946.000000 253.000000
953.000000 273.000000
960.000000 294.000000
977.000000 317.000000
978.000000 337.000000
998.000000 363.000000
1014.000000 389.000000
1012.000000 409.000000
1027.000000 436.000000
1045.000000 465.000000
1060.000000 494.000000
1070.000000 522.000000
1091.000000 556.000000
1102.000000 586.000000
1115.000000 618.000000
1134.000000 655.000000
1152.000000 692.000000
1173.000000 733.000000
1192.000000 774.000000
1215.000000 819.000000
1234.000000 864.000000
1261.000000 916.000000
1289.000000 971.000000
1321.000000 1032.000000
1345.000000 1089.000000
1385.000000 1162.000000
1413.000000 1228.000000
1383.000000 1245.000000
1349.000000 1258.000000
1306.000000 1261.000000
1306.000000 1306.000000
1315.000000 1362.000000
1279.000000 1372.000000
1301.000000 1445.000000
1335.000000 1536.000000
1373.000000 1636.000000
1418.000000 1751.000000
1462.000000 1871.000000
1511.000000 2005.000000
1569.000000 2160.000000
2476.000000 3535.000000
2869.000000 4254.000000
2885.000000 4443.000000
5503.000000 8807.000000
5989.000000 9967.000000
6768.000000 11723.000000
6953.000000 12544.000000
6724.000000 12646.000000
6499.000000 12755.000000
6270.000000 12855.000000
6044.000000 12962.000000
5814.000000 13058.000000
5587.000000 13162.000000
5360.000000 13266.000000
5131.000000 13368.000000
4898.000000 13456.000000
3621.000000 10515.000000
3444.000000 10599.000000
3217.000000 10521.000000
3040.000000 10603.000000
2863.000000 10684.000000
2684.000000 10766.000000
2504.000000 10846.000000
366.000000 1721.000000
332.000000 1710.000000
306.000000 1734.000000
275.000000 1739.000000
246.000000 1754.000000
217.000000 1765.000000
188.000000 1786.000000
157.000000 1798.000000
127.000000 1810.000000
95.000000 1822.000000
64.000000 1836.000000
32.000000 1852.000000
-0.000000 1862.000000
-33.000000 1881.000000
-66.000000 1890.000000
-100.000000 1907.000000
-135.000000 1925.000000
-170.000000 1941.000000
-206.000000 1957.000000
-242.000000 1973.000000
-278.000000 1979.000000
-317.000000 2002.000000
-357.000000 2025.000000
-396.000000 2038.000000
-438.000000 2059.000000
-480.000000 2079.000000
-523.000000 2099.000000
-567.000000 2117.000000
-612.000000 2134.000000
-662.000000 2166.000000
-706.000000 2173.000000
-755.000000 2193.000000
-806.000000 2215.000000
-860.000000 2242.000000
-916.000000 2267.000000
-970.000000 2285.000000
-1032.000000 2318.000000
-1092.000000 2342.000000
-1156.000000 2371.000000
-1223.000000 2399.000000
-1289.000000 2424.000000
-1362.000000 2458.000000
-1437.000000 2490.000000
-1520.000000 2530.000000
-1599.000000 2559.000000
-1689.000000 2602.000000
-1780.000000 2640.000000
-1882.000000 2688.000000
-1986.000000 2734.000000
-2095.000000 2780.000000
-2200.000000 2816.000000
-2306.000000 2847.000000
-2451.000000 2921.000000
-2612.000000 3005.000000
-2316.000000 2572.000000
-2450.000000 2627.000000
-3120.000000 3231.000000
-3327.000000 3327.000000
-3223.000000 3112.000000
-3260.000000 3040.000000
-3289.000000 2962.000000
-3322.000000 2888.000000
-3382.000000 2838.000000
-3754.000000 3040.000000
-4557.000000 3560.000000
-4874.000000 3673.000000
-6471.000000 4702.000000
-8778.000000 6146.000000
-8860.000000 5976.000000
-8930.000000 5799.000000
-9000.000000 5624.000000
-9083.000000 5457.000000
-9121.000000 5266.000000
-9198.000000 5098.000000
-9291.000000 4940.000000
-9371.000000 4775.000000
-9445.000000 4606.000000
-9520.000000 4439.000000
-9585.000000 4267.000000
-6088.000000 2584.000000
-5603.000000 2264.000000
-3625.000000 1392.000000
-3647.000000 1327.000000
-3620.000000 1247.000000
-3603.000000 1171.000000
-3093.000000 946.000000
-3109.000000 891.000000
-3082.000000 826.000000
-3051.000000 761.000000
-3022.000000 698.000000
-2996.000000 637.000000
-2969.000000 577.000000
-2943.000000 519.000000
-2924.000000 463.000000
-2895.000000 407.000000
-2871.000000 353.000000
-2849.000000 299.000000
-2826.000000 247.000000
-2800.000000 196.000000
-2746.000000 144.000000
-2720.000000 95.000000
-2713.000000 47.000000
-2685.000000 0.000000
