181 2
498.000000 0.000000
500.000000 9.000000
496.000000 17.000000
490.000000 26.000000
503.000000 35.000000
492.000000 43.000000
489.000000 51.000000
490.000000 60.000000
485.000000 68.000000
486.000000 77.000000
482.000000 85.000000
476.000000 93.000000
476.000000 101.000000
470.000000 108.000000
457.000000 114.000000
464.000000 124.000000
472.000000 135.000000
459.000000 140.000000
462.000000 150.000000
455.000000 157.000000
478.000000 174.000000
491.000000 189.000000
487.000000 197.000000
527.000000 224.000000
521.000000 232.000000
519.000000 242.000000
505.000000 246.000000
471.000000 240.000000
1148.000000 610.000000
1148.000000 637.000000
1141.000000 659.000000
1220.000000 733.000000
1655.000000 1034.000000
1617.000000 1050.000000
1591.000000 1073.000000
1565.000000 1096.000000
1540.000000 1119.000000
1513.000000 1140.000000
1490.000000 1164.000000
1461.000000 1183.000000
1437.000000 1206.000000
1371.000000 1192.000000
1349.000000 1214.000000
1473.000000 1374.000000
2054.000000 1984.000000
1988.000000 1988.000000
1913.000000 1981.000000
1489.000000 1597.000000
1484.000000 1648.000000
1479.000000 1701.000000
1471.000000 1753.000000
1468.000000 1812.000000
1462.000000 1872.000000
1456.000000 1933.000000
1439.000000 1980.000000
1374.000000 1963.000000
1323.000000 1962.000000
1268.000000 1952.000000
1223.000000 1956.000000
1174.000000 1953.000000
1127.000000 1953.000000
979.000000 1766.000000
946.000000 1780.000000
996.000000 1954.000000
932.000000 1912.000000
1068.000000 2291.000000
469.000000 1054.000000
400.000000 942.000000
302.000000 747.000000
283.000000 738.000000
263.000000 724.000000
214.000000 621.000000
203.000000 626.000000
192.000000 627.000000
177.000000 616.000000
168.000000 626.000000
155.000000 623.000000
144.000000 626.000000
113.000000 533.000000
103.000000 528.000000
82.000000 466.000000
61.000000 388.000000
53.000000 374.000000
47.000000 383.000000
41.000000 389.000000
34.000000 384.000000
27.000000 385.000000
20.000000 376.000000
13.000000 371.000000
6.000000 371.000000
-0.000000 369.000000
-6.000000 370.000000
-14.000000 405.000000
-29.000000 552.000000
-63.000000 895.000000
-81.000000 924.000000
-100.000000 947.000000
-0.000000 0.000000
-258.000000 1833.000000
-288.000000 1819.000000
-318.000000 1805.000000
-357.000000 1836.000000
-369.000000 1735.000000
-372.000000 1613.000000
-399.000000 1602.000000
-488.000000 1820.000000
-516.000000 1800.000000
-547.000000 1789.000000
-585.000000 1800.000000
-619.000000 1798.000000
-653.000000 1793.000000
-675.000000 1758.000000
-718.000000 1777.000000
-769.000000 1812.000000
-672.000000 1509.000000
-695.000000 1490.000000
-725.000000 1487.000000
-778.000000 1526.000000
-773.000000 1454.000000
-772.000000 1392.000000
-769.000000 1332.000000
-768.000000 1279.000000
-786.000000 1259.000000
-819.000000 1261.000000
-851.000000 1262.000000
-879.000000 1256.000000
-912.000000 1256.000000
-946.000000 1255.000000
-979.000000 1253.000000
-1013.000000 1250.000000
-1050.000000 1252.000000
-1084.000000 1248.000000
-1118.000000 1242.000000
-1153.000000 1236.000000
-1199.000000 1242.000000
-1727.000000 1727.000000
-1745.000000 1685.000000
-1824.000000 1701.000000
-1867.000000 1681.000000
-1915.000000 1665.000000
-1976.000000 1658.000000
-2035.000000 1648.000000
-2120.000000 1656.000000
-0.000000 0.000000
-0.000000 0.000000
-2317.000000 1623.000000
-2405.000000 1622.000000
-2487.000000 1615.000000
-2461.000000 1538.000000
-2193.000000 1318.000000
-2235.000000 1291.000000
-2628.000000 1457.000000
-2629.000000 1398.000000
-2616.000000 1333.000000
-2616.000000 1276.000000
-2604.000000 1214.000000
-2582.000000 1149.000000
-0.000000 0.000000
-2576.000000 1041.000000
-2578.000000 989.000000
-2568.000000 935.000000
-2566.000000 884.000000
-2556.000000 831.000000
-2065.000000 631.000000
-1669.000000 479.000000
-1624.000000 435.000000
-1581.000000 394.000000
-1597.000000 369.000000
-1662.000000 353.000000
-1614.000000 314.000000
-1643.000000 290.000000
-1770.000000 280.000000
-1871.000000 263.000000
-1988.000000 244.000000
-2385.000000 251.000000
-2481.000000 217.000000
-2471.000000 173.000000
-2467.000000 129.000000
-2460.000000 86.000000
-2448.000000 43.000000
-2450.000000 0.000000
