181 2
1296.000000 0.000000
1302.000000 23.000000
1320.000000 46.000000
1329.000000 70.000000
1346.000000 94.000000
1342.000000 117.000000
1350.000000 142.000000
1371.000000 168.000000
1391.000000 196.000000
1400.000000 222.000000
1413.000000 249.000000
1416.000000 275.000000
1421.000000 302.000000
1443.000000 333.000000
1780.000000 444.000000
1800.000000 482.000000
1811.000000 519.000000
1839.000000 562.000000
1855.000000 603.000000
1877.000000 646.000000
1905.000000 693.000000
1932.000000 741.000000
1947.000000 787.000000
1977.000000 839.000000
1994.000000 888.000000
2025.000000 944.000000
2063.000000 1006.000000
2102.000000 1071.000000
2129.000000 1132.000000
2163.000000 1199.000000
2198.000000 1269.000000
2198.000000 1321.000000
2141.000000 1338.000000
2101.000000 1364.000000
2050.000000 1383.000000
2013.000000 1409.000000
1992.000000 1447.000000
2033.000000 1532.000000
2091.000000 1634.000000
2135.000000 1729.000000
2184.000000 1833.000000
2236.000000 1944.000000
2301.000000 2072.000000
2366.000000 2206.000000
2435.000000 2351.000000
2523.000000 2523.000000
2611.000000 2704.000000
2721.000000 2918.000000
2834.000000 3148.000000
2970.000000 3417.000000
3125.000000 3724.000000
3307.000000 4084.000000
3506.000000 4488.000000
3762.000000 4992.000000
3674.000000 5057.000000
3575.000000 5106.000000
3475.000000 5152.000000
3375.000000 5197.000000
3284.000000 5256.000000
3198.000000 5323.000000
3102.000000 5374.000000
3007.000000 5425.000000
2911.000000 5475.000000
2812.000000 5519.000000
2720.000000 5577.000000
2621.000000 5620.000000
2524.000000 5669.000000
2427.000000 5718.000000
2328.000000 5762.000000
2232.000000 5814.000000
2135.000000 5867.000000
2034.000000 5907.000000
1592.000000 4899.000000
1498.000000 4898.000000
1498.000000 5224.000000
1631.000000 6087.000000
1529.000000 6132.000000
1428.000000 6185.000000
1229.000000 5784.000000
1222.000000 6288.000000
1090.000000 6180.000000
935.000000 5905.000000
554.000000 3944.000000
466.000000 3797.000000
370.000000 3518.000000
294.000000 3363.000000
225.000000 3215.000000
170.000000 3242.000000
114.000000 3269.000000
57.000000 3283.000000
-0.000000 3518.000000
-54.000000 3067.000000
-107.000000 3069.000000
-166.000000 3172.000000
-208.000000 2972.000000
-260.000000 2975.000000
-327.000000 3108.000000
-413.000000 3363.000000
-478.000000 3398.000000
-544.000000 3432.000000
-610.000000 3461.000000
-679.000000 3496.000000
-752.000000 3536.000000
-823.000000 3566.000000
-899.000000 3605.000000
-978.000000 3650.000000
-1058.000000 3688.000000
-1124.000000 3678.000000
-1167.000000 3593.000000
-1206.000000 3503.000000
-1249.000000 3431.000000
-1286.000000 3350.000000
-1323.000000 3275.000000
-1360.000000 3204.000000
-1384.000000 3108.000000
-1479.000000 3172.000000
-1563.000000 3205.000000
-1630.000000 3199.000000
-1666.000000 3134.000000
-1694.000000 3057.000000
-1728.000000 2993.000000
-1755.000000 2921.000000
-1783.000000 2853.000000
-1815.000000 2795.000000
-1846.000000 2737.000000
-1885.000000 2693.000000
-1903.000000 2620.000000
-1932.000000 2564.000000
-1962.000000 2511.000000
-1991.000000 2458.000000
-2016.000000 2403.000000
-2045.000000 2352.000000
-2071.000000 2300.000000
-2098.000000 2250.000000
-1935.000000 2004.000000
-1968.000000 1968.000000
-1985.000000 1917.000000
-2008.000000 1873.000000
-2034.000000 1831.000000
-2072.000000 1801.000000
-2096.000000 1759.000000
-2112.000000 1710.000000
-2132.000000 1666.000000
-2155.000000 1624.000000
-2183.000000 1586.000000
-2203.000000 1542.000000
-2228.000000 1503.000000
-2245.000000 1458.000000
-2264.000000 1415.000000
-2292.000000 1377.000000
-2308.000000 1333.000000
-2331.000000 1292.000000
-2353.000000 1251.000000
-2373.000000 1209.000000
-2395.000000 1168.000000
-2413.000000 1125.000000
-2433.000000 1083.000000
-2460.000000 1044.000000
-2477.000000 1001.000000
-2493.000000 957.000000
-2495.000000 908.000000
-2521.000000 868.000000
-2545.000000 827.000000
-2566.000000 784.000000
-2570.000000 737.000000
-2627.000000 704.000000
-2875.000000 717.000000
-2899.000000 669.000000
-2912.000000 619.000000
-2951.000000 574.000000
-2972.000000 524.000000
-2990.000000 474.000000
-3023.000000 425.000000
-3047.000000 374.000000
-3068.000000 322.000000
-3101.000000 271.000000
-3123.000000 218.000000
-3155.000000 165.000000
-3180.000000 111.000000
-3201.000000 56.000000
-3234.000000 0.000000
