181 2
571.000000 0.000000
580.000000 10.000000
588.000000 21.000000
571.000000 30.000000
3077.000000 215.000000
3114.000000 272.000000
2663.000000 280.000000
2202.000000 270.000000
2152.000000 302.000000
2176.000000 345.000000
2258.000000 398.000000
2197.000000 427.000000
3335.000000 709.000000
3365.000000 777.000000
4011.000000 1000.000000
4063.000000 1089.000000
2602.000000 746.000000
4161.000000 1272.000000
4207.000000 1367.000000
4265.000000 1469.000000
4316.000000 1571.000000
4371.000000 1678.000000
2407.000000 972.000000
4496.000000 1908.000000
4551.000000 2026.000000
4624.000000 2156.000000
4694.000000 2289.000000
4764.000000 2427.000000
4801.000000 2553.000000
4499.000000 2494.000000
4437.000000 2562.000000
3708.000000 2228.000000
3645.000000 2278.000000
2987.000000 1940.000000
3334.000000 2249.000000
4881.000000 3418.000000
4801.000000 3488.000000
4726.000000 3561.000000
3285.000000 2567.000000
4571.000000 3702.000000
2395.000000 2009.000000
2379.000000 2068.000000
2235.000000 2013.000000
2325.000000 2168.000000
2247.000000 2170.000000
2353.000000 2353.000000
3009.000000 3116.000000
2220.000000 2381.000000
2167.000000 2406.000000
2110.000000 2427.000000
2005.000000 2390.000000
2025.000000 2501.000000
1986.000000 2541.000000
1966.000000 2609.000000
1956.000000 2692.000000
1936.000000 2765.000000
4219.000000 6255.000000
3872.000000 5962.000000
3748.000000 5997.000000
3650.000000 6074.000000
3292.000000 5702.000000
3428.000000 6184.000000
3325.000000 6254.000000
2811.000000 5516.000000
2696.000000 5528.000000
2559.000000 5487.000000
2515.000000 5648.000000
2843.000000 6698.000000
2598.000000 6431.000000
2226.000000 5799.000000
2129.000000 5851.000000
2032.000000 5900.000000
1933.000000 5948.000000
1711.000000 5596.000000
1221.000000 4258.000000
1124.000000 4194.000000
992.000000 3979.000000
855.000000 3706.000000
463.000000 2176.000000
392.000000 2019.000000
334.000000 1895.000000
299.000000 1890.000000
270.000000 1921.000000
239.000000 1944.000000
205.000000 1953.000000
172.000000 1971.000000
139.000000 1985.000000
103.000000 1963.000000
73.000000 2077.000000
35.000000 2000.000000
-0.000000 1916.000000
-33.000000 1868.000000
-64.000000 1826.000000
-96.000000 1822.000000
-128.000000 1831.000000
-161.000000 1843.000000
-196.000000 1867.000000
-231.000000 1880.000000
-268.000000 1904.000000
-305.000000 1925.000000
-342.000000 1942.000000
-383.000000 1972.000000
-422.000000 1987.000000
-1465.000000 6347.000000
-1677.000000 6727.000000
-1623.000000 6058.000000
-1677.000000 5848.000000
-1755.000000 5742.000000
-1851.000000 5698.000000
-1937.000000 5626.000000
-1990.000000 5468.000000
-1935.000000 5040.000000
-1842.000000 4560.000000
-1455.000000 3427.000000
-1397.000000 3138.000000
-1417.000000 3040.000000
-1298.000000 2660.000000
-1475.000000 2894.000000
-1566.000000 2946.000000
-1639.000000 2957.000000
-1716.000000 2973.000000
-1807.000000 3008.000000
-1491.000000 2386.000000
-1517.000000 2336.000000
-1543.000000 2287.000000
-1566.000000 2237.000000
-1589.000000 2187.000000
-1611.000000 2138.000000
-1636.000000 2094.000000
-1654.000000 2043.000000
-1680.000000 2002.000000
-1696.000000 1951.000000
-2580.000000 2866.000000
-1852.000000 1986.000000
-1840.000000 1906.000000
-1850.000000 1850.000000
-1863.000000 1799.000000
-1884.000000 1757.000000
-1897.000000 1708.000000
-1917.000000 1666.000000
-1943.000000 1631.000000
-1978.000000 1602.000000
-2060.000000 1609.000000
-2195.000000 1654.000000
-3334.000000 2422.000000
-3362.000000 2354.000000
-3390.000000 2287.000000
-3091.000000 2008.000000
-549.000000 343.000000
-550.000000 331.000000
-606.000000 350.000000
-976.000000 541.000000
-3340.000000 1776.000000
-2928.000000 1492.000000
-2955.000000 1441.000000
-2980.000000 1390.000000
-3003.000000 1337.000000
-3031.000000 1287.000000
-3060.000000 1236.000000
-3087.000000 1185.000000
-3115.000000 1134.000000
-3146.000000 1083.000000
-2872.000000 933.000000
-2618.000000 801.000000
-2411.000000 691.000000
-2239.000000 600.000000
-2081.000000 519.000000
-1683.000000 388.000000
-1783.000000 379.000000
-1750.000000 340.000000
-1657.000000 292.000000
-1571.000000 249.000000
-1263.000000 177.000000
-1264.000000 155.000000
-1199.000000 126.000000
-1294.000000 113.000000
-1264.000000 88.000000
-1200.000000 63.000000
-1157.000000 40.000000
-1136.000000 20.000000
-1098.000000 0.000000
