181 2
1812.000000 0.000000
1706.000000 30.000000
1583.000000 55.000000
1478.000000 77.000000
1384.000000 97.000000
1301.000000 114.000000
1241.000000 130.000000
1176.000000 144.000000
1121.000000 158.000000
1062.000000 168.000000
1011.000000 178.000000
980.000000 190.000000
990.000000 210.000000
985.000000 227.000000
990.000000 247.000000
1124.000000 301.000000
1130.000000 324.000000
1117.000000 341.000000
1157.000000 376.000000
1156.000000 398.000000
1144.000000 416.000000
1147.000000 440.000000
1115.000000 451.000000
1075.000000 456.000000
1044.000000 465.000000
1149.000000 536.000000
1133.000000 553.000000
1132.000000 577.000000
1134.000000 603.000000
1366.000000 757.000000
1678.000000 969.000000
1629.000000 979.000000
1586.000000 991.000000
1174.000000 762.000000
997.000000 673.000000
718.000000 502.000000
701.000000 510.000000
1068.000000 805.000000
1248.000000 975.000000
1277.000000 1034.000000
1262.000000 1059.000000
1227.000000 1067.000000
1195.000000 1076.000000
1152.000000 1074.000000
709.000000 685.000000
714.000000 714.000000
1166.000000 1207.000000
1161.000000 1245.000000
1070.000000 1188.000000
628.000000 722.000000
1035.000000 1233.000000
1019.000000 1259.000000
752.000000 963.000000
-0.000000 0.000000
809.000000 1114.000000
1015.000000 1450.000000
992.000000 1471.000000
986.000000 1518.000000
951.000000 1521.000000
919.000000 1530.000000
888.000000 1538.000000
857.000000 1545.000000
824.000000 1550.000000
805.000000 1581.000000
779.000000 1596.000000
747.000000 1601.000000
715.000000 1605.000000
684.000000 1611.000000
652.000000 1614.000000
624.000000 1625.000000
592.000000 1627.000000
564.000000 1639.000000
536.000000 1649.000000
503.000000 1646.000000
475.000000 1657.000000
445.000000 1660.000000
414.000000 1662.000000
386.000000 1674.000000
357.000000 1680.000000
327.000000 1684.000000
298.000000 1692.000000
268.000000 1693.000000
184.000000 1307.000000
209.000000 1698.000000
140.000000 1331.000000
146.000000 1668.000000
121.000000 1730.000000
91.000000 1731.000000
61.000000 1735.000000
30.000000 1742.000000
-0.000000 1736.000000
-30.000000 1714.000000
-60.000000 1724.000000
-90.000000 1723.000000
-96.000000 1374.000000
-152.000000 1737.000000
-184.000000 1753.000000
-211.000000 1717.000000
-199.000000 1415.000000
-280.000000 1771.000000
-313.000000 1775.000000
-347.000000 1788.000000
-382.000000 1798.000000
-416.000000 1802.000000
-450.000000 1804.000000
-486.000000 1814.000000
-523.000000 1824.000000
-558.000000 1824.000000
-595.000000 1832.000000
-633.000000 1837.000000
-674.000000 1853.000000
-712.000000 1854.000000
-746.000000 1846.000000
-789.000000 1859.000000
-838.000000 1882.000000
-879.000000 1884.000000
-869.000000 1781.000000
-888.000000 1742.000000
-837.000000 1573.000000
-872.000000 1573.000000
-923.000000 1599.000000
-927.000000 1543.000000
-944.000000 1510.000000
-954.000000 1469.000000
-960.000000 1423.000000
-961.000000 1372.000000
-969.000000 1334.000000
-1022.000000 1356.000000
-1069.000000 1368.000000
-1115.000000 1377.000000
-1163.000000 1387.000000
-1217.000000 1400.000000
-1270.000000 1410.000000
-1331.000000 1427.000000
-1386.000000 1435.000000
-1450.000000 1450.000000
-1521.000000 1469.000000
-4744.000000 4424.000000
-4735.000000 4264.000000
-4881.000000 4243.000000
-5063.000000 4248.000000
-5093.000000 4124.000000
-4937.000000 3857.000000
-4921.000000 3708.000000
-4367.000000 3173.000000
-3014.000000 2111.000000
-3221.000000 2172.000000
-3215.000000 2088.000000
-3216.000000 2009.000000
-819.000000 492.000000
-831.000000 480.000000
-888.000000 492.000000
-951.000000 506.000000
-1034.000000 527.000000
-964.000000 470.000000
-962.000000 449.000000
-975.000000 434.000000
-970.000000 412.000000
-972.000000 393.000000
-976.000000 374.000000
-972.000000 354.000000
-981.000000 338.000000
-981.000000 319.000000
-1019.000000 312.000000
-891.000000 256.000000
-1118.000000 299.000000
-4866.000000 1213.000000
-5175.000000 1195.000000
-5192.000000 1104.000000
-5257.000000 1022.000000
-5294.000000 934.000000
-5490.000000 869.000000
-6228.000000 875.000000
-6252.000000 768.000000
-2635.000000 277.000000
-2312.000000 202.000000
-2042.000000 143.000000
-0.000000 0.000000
-1043.000000 36.000000
-1032.000000 18.000000
-1053.000000 0.000000
