181 2
563.000000 0.000000
576.000000 10.000000
600.000000 21.000000
609.000000 32.000000
601.000000 42.000000
598.000000 52.000000
579.000000 61.000000
579.000000 71.000000
565.000000 79.000000
563.000000 89.000000
559.000000 99.000000
566.000000 110.000000
572.000000 122.000000
588.000000 136.000000
596.000000 149.000000
614.000000 165.000000
642.000000 184.000000
643.000000 196.000000
613.000000 199.000000
609.000000 210.000000
593.000000 216.000000
585.000000 225.000000
592.000000 239.000000
619.000000 263.000000
638.000000 284.000000
666.000000 311.000000
692.000000 338.000000
724.000000 369.000000
756.000000 402.000000
797.000000 442.000000
837.000000 483.000000
884.000000 531.000000
940.000000 588.000000
1001.000000 650.000000
1077.000000 726.000000
1173.000000 821.000000
1277.000000 928.000000
1417.000000 1068.000000
1620.000000 1266.000000
1627.000000 1317.000000
1601.000000 1343.000000
1566.000000 1361.000000
1536.000000 1383.000000
1510.000000 1408.000000
1490.000000 1439.000000
1475.000000 1475.000000
1450.000000 1501.000000
1432.000000 1535.000000
3653.000000 4058.000000
3582.000000 4121.000000
3518.000000 4193.000000
3452.000000 4263.000000
3381.000000 4327.000000
1889.000000 2507.000000
1813.000000 2496.000000
1755.000000 2506.000000
1725.000000 2558.000000
1629.000000 2508.000000
1591.000000 2546.000000
1555.000000 2589.000000
1536.000000 2660.000000
1472.000000 2656.000000
1474.000000 2772.000000
2622.000000 5146.000000
2394.000000 4908.000000
2460.000000 5276.000000
2281.000000 5123.000000
2111.000000 4973.000000
1076.000000 2663.000000
956.000000 2491.000000
942.000000 2587.000000
885.000000 2570.000000
831.000000 2558.000000
781.000000 2553.000000
738.000000 2575.000000
699.000000 2607.000000
662.000000 2656.000000
631.000000 2735.000000
601.000000 2828.000000
812.000000 4175.000000
766.000000 4346.000000
680.000000 4291.000000
599.000000 4265.000000
493.000000 4013.000000
414.000000 3938.000000
334.000000 3812.000000
265.000000 3793.000000
198.000000 3775.000000
131.000000 3738.000000
58.000000 3338.000000
-0.000000 3676.000000
-62.000000 3529.000000
-111.000000 3177.000000
-169.000000 3227.000000
-188.000000 2683.000000
-231.000000 2643.000000
-275.000000 2613.000000
-316.000000 2573.000000
-354.000000 2520.000000
-287.000000 1814.000000
-241.000000 1365.000000
-280.000000 1439.000000
-294.000000 1384.000000
-312.000000 1352.000000
-339.000000 1360.000000
-0.000000 0.000000
-0.000000 0.000000
-0.000000 0.000000
-236.000000 728.000000
-248.000000 720.000000
-262.000000 719.000000
-269.000000 700.000000
-286.000000 708.000000
-313.000000 736.000000
-530.000000 1189.000000
-1150.000000 2465.000000
-1184.000000 2427.000000
-1230.000000 2415.000000
-1276.000000 2399.000000
-1302.000000 2348.000000
-1328.000000 2301.000000
-1358.000000 2260.000000
-1395.000000 2233.000000
-1431.000000 2204.000000
-1468.000000 2176.000000
-1506.000000 2150.000000
-1529.000000 2104.000000
-1352.000000 1794.000000
-1381.000000 1768.000000
-1620.000000 2000.000000
-1658.000000 1976.000000
-1693.000000 1948.000000
-1727.000000 1918.000000
-1754.000000 1881.000000
-1789.000000 1853.000000
-530.000000 530.000000
-533.000000 515.000000
-541.000000 505.000000
-552.000000 497.000000
-565.000000 491.000000
-571.000000 480.000000
-579.000000 469.000000
-592.000000 462.000000
-598.000000 451.000000
-612.000000 444.000000
-618.000000 432.000000
-631.000000 426.000000
-637.000000 414.000000
-645.000000 403.000000
-658.000000 396.000000
-663.000000 383.000000
-677.000000 375.000000
-683.000000 363.000000
-687.000000 350.000000
-697.000000 340.000000
-702.000000 328.000000
-716.000000 319.000000
-724.000000 308.000000
-735.000000 297.000000
-751.000000 288.000000
-755.000000 275.000000
-769.000000 265.000000
-783.000000 254.000000
-785.000000 240.000000
-798.000000 229.000000
-810.000000 217.000000
-823.000000 205.000000
-835.000000 193.000000
-845.000000 180.000000
-858.000000 167.000000
-867.000000 153.000000
-1239.000000 196.000000
-1275.000000 179.000000
-1193.000000 146.000000
-1136.000000 119.000000
-0.000000 0.000000
-1189.000000 83.000000
-2165.000000 113.000000
-2229.000000 78.000000
-2258.000000 39.000000
-2302.000000 0.000000
