181 2
999.000000 0.000000
1018.000000 18.000000
1027.000000 36.000000
1046.000000 55.000000
1063.000000 74.000000
1082.000000 95.000000
1098.000000 115.000000
1124.000000 138.000000
1146.000000 161.000000
1140.000000 181.000000
1134.000000 200.000000
1195.000000 232.000000
1227.000000 261.000000
1246.000000 288.000000
1162.000000 290.000000
1261.000000 338.000000
1331.000000 382.000000
1365.000000 417.000000
1367.000000 444.000000
1415.000000 487.000000
1459.000000 531.000000
1493.000000 573.000000
1522.000000 615.000000
1572.000000 667.000000
1460.000000 650.000000
1508.000000 703.000000
1712.000000 835.000000
1773.000000 903.000000
1832.000000 974.000000
1900.000000 1053.000000
1862.000000 1075.000000
2054.000000 1234.000000
2873.000000 1795.000000
2826.000000 1835.000000
2778.000000 1874.000000
2681.000000 1877.000000
2595.000000 1885.000000
791.000000 596.000000
780.000000 610.000000
2465.000000 1996.000000
2427.000000 2036.000000
1097.000000 954.000000
1330.000000 1198.000000
1522.000000 1419.000000
2261.000000 2183.000000
2218.000000 2218.000000
2181.000000 2259.000000
2143.000000 2298.000000
2100.000000 2333.000000
2058.000000 2368.000000
2077.000000 2476.000000
3612.000000 4461.000000
3535.000000 4524.000000
3463.000000 4595.000000
3385.000000 4659.000000
3308.000000 4724.000000
3232.000000 4792.000000
3153.000000 4855.000000
3062.000000 4901.000000
2985.000000 4967.000000
2907.000000 5035.000000
2693.000000 4859.000000
2300.000000 4326.000000
2009.000000 3944.000000
1943.000000 3984.000000
2272.000000 4872.000000
2189.000000 4918.000000
2182.000000 5141.000000
2146.000000 5312.000000
2032.000000 5293.000000
1935.000000 5318.000000
2003.000000 5817.000000
1915.000000 5894.000000
1825.000000 5968.000000
1733.000000 6043.000000
1641.000000 6123.000000
1547.000000 6206.000000
1451.000000 6286.000000
1354.000000 6372.000000
1256.000000 6460.000000
1153.000000 6537.000000
1050.000000 6631.000000
730.000000 5195.000000
836.000000 6808.000000
465.000000 4428.000000
394.000000 4507.000000
177.000000 2537.000000
112.000000 2142.000000
73.000000 2080.000000
35.000000 2034.000000
-0.000000 1997.000000
-34.000000 1972.000000
-67.000000 1929.000000
-100.000000 1903.000000
-132.000000 1885.000000
-166.000000 1898.000000
-202.000000 1922.000000
-239.000000 1948.000000
-278.000000 1976.000000
-319.000000 2012.000000
-366.000000 2078.000000
-404.000000 2077.000000
-443.000000 2083.000000
-491.000000 2127.000000
-541.000000 2171.000000
-554.000000 2069.000000
-593.000000 2069.000000
-648.000000 2120.000000
-701.000000 2158.000000
-763.000000 2216.000000
-824.000000 2263.000000
-889.000000 2317.000000
-956.000000 2367.000000
-1034.000000 2436.000000
-1114.000000 2503.000000
-1197.000000 2568.000000
-1292.000000 2650.000000
-1387.000000 2722.000000
-1498.000000 2817.000000
-1620.000000 2923.000000
-1746.000000 3025.000000
-373.000000 621.000000
-387.000000 620.000000
-413.000000 636.000000
-451.000000 669.000000
-493.000000 704.000000
-540.000000 743.000000
-593.000000 787.000000
-646.000000 827.000000
-725.000000 895.000000
-752.000000 896.000000
-766.000000 882.000000
-776.000000 862.000000
-792.000000 850.000000
-802.000000 831.000000
-818.000000 818.000000
-829.000000 801.000000
-844.000000 787.000000
-858.000000 773.000000
-872.000000 758.000000
-879.000000 738.000000
-894.000000 724.000000
-906.000000 708.000000
-922.000000 694.000000
-930.000000 676.000000
-946.000000 662.000000
-957.000000 645.000000
-965.000000 627.000000
-982.000000 614.000000
-990.000000 595.000000
-1008.000000 582.000000
-1015.000000 563.000000
-1032.000000 549.000000
-1045.000000 533.000000
-1052.000000 513.000000
-1069.000000 498.000000
-1085.000000 483.000000
-1091.000000 463.000000
-1105.000000 447.000000
-1122.000000 431.000000
-1130.000000 411.000000
-1144.000000 394.000000
-1169.000000 380.000000
-1177.000000 360.000000
-1192.000000 342.000000
-1205.000000 323.000000
-1220.000000 304.000000
-1232.000000 284.000000
-1251.000000 266.000000
-1256.000000 244.000000
-1276.000000 225.000000
-1297.000000 205.000000
-1307.000000 184.000000
-1328.000000 163.000000
-1127.000000 118.000000
-1341.000000 117.000000
-1377.000000 96.000000
-1397.000000 73.000000
-891.000000 31.000000
-801.000000 14.000000
-885.000000 0.000000
