181 2
429.000000 0.000000
427.000000 7.000000
436.000000 15.000000
434.000000 23.000000
433.000000 30.000000
442.000000 39.000000
444.000000 47.000000
453.000000 56.000000
455.000000 64.000000
456.000000 72.000000
452.000000 80.000000
465.000000 90.000000
460.000000 98.000000
466.000000 108.000000
468.000000 117.000000
467.000000 125.000000
474.000000 136.000000
475.000000 145.000000
482.000000 157.000000
479.000000 165.000000
485.000000 176.000000
490.000000 188.000000
495.000000 200.000000
491.000000 208.000000
497.000000 221.000000
505.000000 235.000000
501.000000 244.000000
503.000000 256.000000
513.000000 273.000000
516.000000 286.000000
517.000000 299.000000
519.000000 312.000000
519.000000 324.000000
527.000000 342.000000
528.000000 356.000000
3891.000000 2724.000000
3925.000000 2852.000000
3967.000000 2989.000000
2133.000000 1667.000000
4043.000000 3274.000000
4090.000000 3432.000000
4133.000000 3593.000000
4003.000000 3605.000000
3838.000000 3579.000000
3771.000000 3642.000000
3135.000000 3135.000000
2926.000000 3030.000000
2522.000000 2705.000000
2873.000000 3190.000000
3989.000000 4589.000000
3897.000000 4645.000000
3804.000000 4697.000000
2660.000000 3405.000000
3628.000000 4815.000000
1922.000000 2645.000000
1861.000000 2657.000000
1902.000000 2820.000000
1723.000000 2654.000000
1722.000000 2756.000000
1681.000000 2798.000000
2245.000000 3888.000000
1733.000000 3126.000000
1604.000000 3016.000000
1539.000000 3021.000000
1448.000000 2970.000000
1430.000000 3067.000000
1387.000000 3114.000000
1359.000000 3202.000000
1290.000000 3192.000000
1281.000000 3338.000000
2494.000000 6852.000000
2369.000000 6879.000000
2248.000000 6918.000000
2142.000000 7006.000000
2019.000000 7040.000000
1862.000000 6949.000000
1553.000000 6229.000000
1405.000000 6087.000000
1373.000000 6462.000000
1296.000000 6669.000000
1295.000000 7346.000000
1020.000000 6441.000000
893.000000 6358.000000
785.000000 6397.000000
675.000000 6427.000000
560.000000 6397.000000
333.000000 4764.000000
238.000000 4545.000000
157.000000 4484.000000
72.000000 4146.000000
-0.000000 3918.000000
-41.000000 2336.000000
-77.000000 2197.000000
-111.000000 2109.000000
-150.000000 2145.000000
-189.000000 2155.000000
-228.000000 2166.000000
-267.000000 2172.000000
-307.000000 2183.000000
-361.000000 2278.000000
-396.000000 2247.000000
-415.000000 2137.000000
-439.000000 2066.000000
-463.000000 2007.000000
-496.000000 1990.000000
-531.000000 1980.000000
-571.000000 1991.000000
-613.000000 2004.000000
-655.000000 2016.000000
-696.000000 2021.000000
-743.000000 2040.000000
-790.000000 2059.000000
-839.000000 2077.000000
-2638.000000 6215.000000
-2759.000000 6197.000000
-2915.000000 6251.000000
-2850.000000 5844.000000
-2877.000000 5646.000000
-2913.000000 5478.000000
-2999.000000 5410.000000
-3068.000000 5315.000000
-3079.000000 5125.000000
-2961.000000 4738.000000
-2768.000000 4262.000000
-2042.000000 3027.000000
-2048.000000 2924.000000
-1854.000000 2552.000000
-2108.000000 2798.000000
-2172.000000 2780.000000
-2246.000000 2774.000000
-2329.000000 2776.000000
-1991.000000 2291.000000
-1987.000000 2207.000000
-2001.000000 2146.000000
-2020.000000 2092.000000
-2030.000000 2030.000000
-2046.000000 1976.000000
-2059.000000 1920.000000
-2073.000000 1866.000000
-2083.000000 1811.000000
-2482.000000 2083.000000
-3058.000000 2476.000000
-2219.000000 1734.000000
-2231.000000 1681.000000
-2223.000000 1615.000000
-639.000000 447.000000
-639.000000 431.000000
-645.000000 419.000000
-2269.000000 1418.000000
-2304.000000 1384.000000
-2384.000000 1377.000000
-2519.000000 1396.000000
-3758.000000 1998.000000
-1103.000000 562.000000
-1181.000000 576.000000
-3808.000000 1776.000000
-1674.000000 745.000000
-3813.000000 1618.000000
-3603.000000 1456.000000
-3630.000000 1393.000000
-3645.000000 1327.000000
-3660.000000 1260.000000
-3207.000000 1042.000000
-3228.000000 987.000000
-3245.000000 931.000000
-3261.000000 874.000000
-3280.000000 818.000000
-3291.000000 760.000000
-3311.000000 704.000000
-3327.000000 647.000000
-2944.000000 519.000000
-2522.000000 399.000000
-1763.000000 248.000000
-1945.000000 239.000000
-1681.000000 177.000000
-1227.000000 107.000000
-1240.000000 87.000000
-1366.000000 72.000000
-1269.000000 44.000000
-1178.000000 21.000000
-1142.000000 0.000000
