181 2
1135.000000 0.000000
2170.000000 38.000000
2148.000000 75.000000
2115.000000 111.000000
2087.000000 146.000000
2064.000000 181.000000
2039.000000 214.000000
2004.000000 246.000000
1990.000000 280.000000
1956.000000 310.000000
1931.000000 341.000000
1906.000000 371.000000
1891.000000 402.000000
1864.000000 430.000000
1838.000000 458.000000
1811.000000 485.000000
1794.000000 514.000000
1768.000000 541.000000
1739.000000 565.000000
1713.000000 590.000000
1697.000000 618.000000
1666.000000 640.000000
1647.000000 665.000000
1626.000000 690.000000
1605.000000 715.000000
1584.000000 739.000000
1562.000000 762.000000
1549.000000 789.000000
1517.000000 807.000000
1503.000000 833.000000
1480.000000 855.000000
1460.000000 877.000000
1444.000000 902.000000
1428.000000 928.000000
1404.000000 947.000000
1387.000000 971.000000
1371.000000 996.000000
1346.000000 1014.000000
1328.000000 1037.000000
1310.000000 1061.000000
1292.000000 1084.000000
1273.000000 1107.000000
1254.000000 1129.000000
1234.000000 1151.000000
1215.000000 1173.000000
1194.000000 1194.000000
1179.000000 1221.000000
1157.000000 1241.000000
1135.000000 1260.000000
1119.000000 1288.000000
1100.000000 1311.000000
1077.000000 1330.000000
1060.000000 1356.000000
1036.000000 1374.000000
1023.000000 1408.000000
998.000000 1425.000000
979.000000 1451.000000
958.000000 1475.000000
933.000000 1493.000000
911.000000 1516.000000
890.000000 1542.000000
871.000000 1572.000000
848.000000 1595.000000
828.000000 1625.000000
807.000000 1655.000000
782.000000 1677.000000
760.000000 1707.000000
737.000000 1737.000000
711.000000 1759.000000
686.000000 1787.000000
661.000000 1817.000000
636.000000 1846.000000
609.000000 1875.000000
582.000000 1904.000000
557.000000 1942.000000
528.000000 1970.000000
500.000000 2007.000000
469.000000 2034.000000
441.000000 2073.000000
409.000000 2107.000000
378.000000 2142.000000
345.000000 2177.000000
312.000000 2220.000000
278.000000 2261.000000
242.000000 2302.000000
205.000000 2344.000000
167.000000 2388.000000
127.000000 2425.000000
87.000000 2479.000000
44.000000 2524.000000
-0.000000 2571.000000
-46.000000 2625.000000
-94.000000 2679.000000
-144.000000 2742.000000
-196.000000 2804.000000
-251.000000 2867.000000
-309.000000 2940.000000
-368.000000 2998.000000
-434.000000 3085.000000
-483.000000 3050.000000
-531.000000 3014.000000
-579.000000 2977.000000
-625.000000 2938.000000
-669.000000 2899.000000
-713.000000 2859.000000
-755.000000 2820.000000
-799.000000 2787.000000
-842.000000 2753.000000
-884.000000 2722.000000
-933.000000 2710.000000
-974.000000 2676.000000
-1015.000000 2644.000000
-1053.000000 2606.000000
-1094.000000 2578.000000
-1129.000000 2536.000000
-1169.000000 2507.000000
-1205.000000 2471.000000
-1243.000000 2440.000000
-1282.000000 2410.000000
-1319.000000 2380.000000
-1355.000000 2348.000000
-1388.000000 2309.000000
-1429.000000 2286.000000
-1458.000000 2245.000000
-1498.000000 2221.000000
-1534.000000 2190.000000
-1576.000000 2169.000000
-1607.000000 2132.000000
-1640.000000 2098.000000
-1677.000000 2071.000000
-1715.000000 2044.000000
-1746.000000 2008.000000
-1781.000000 1978.000000
-1818.000000 1949.000000
-1849.000000 1915.000000
-1887.000000 1887.000000
-1924.000000 1858.000000
-1959.000000 1827.000000
-1989.000000 1791.000000
-2026.000000 1761.000000
-2065.000000 1733.000000
-2101.000000 1701.000000
-2136.000000 1668.000000
-2177.000000 1641.000000
-2188.000000 1589.000000
-2223.000000 1557.000000
-2263.000000 1527.000000
-2298.000000 1492.000000
-2331.000000 1457.000000
-2373.000000 1426.000000
-2413.000000 1393.000000
-2455.000000 1361.000000
-2493.000000 1326.000000
-2531.000000 1290.000000
-2223.000000 1084.000000
-2609.000000 1217.000000
-2659.000000 1184.000000
-2620.000000 1112.000000
-2553.000000 1031.000000
-2438.000000 936.000000
-2309.000000 840.000000
-2372.000000 817.000000
-2308.000000 750.000000
-2303.000000 704.000000
-2322.000000 666.000000
-2316.000000 621.000000
-2268.000000 565.000000
-2224.000000 513.000000
-2179.000000 463.000000
-2131.000000 414.000000
-2103.000000 371.000000
-2060.000000 326.000000
-2028.000000 285.000000
-1984.000000 244.000000
-1948.000000 205.000000
-1928.000000 169.000000
-1893.000000 132.000000
-1856.000000 97.000000
-1832.000000 64.000000
-1798.000000 31.000000
-1364.000000 0.000000
