181 2
4997.000000 0.000000
5008.000000 87.000000
5008.000000 175.000000
4998.000000 262.000000
5005.000000 350.000000
5004.000000 438.000000
5003.000000 526.000000
5001.000000 614.000000
5008.000000 704.000000
5005.000000 793.000000
4933.000000 870.000000
4932.000000 959.000000
4928.000000 1047.000000
4548.000000 1050.000000
4105.000000 1024.000000
3747.000000 1004.000000
3450.000000 989.000000
3178.000000 972.000000
2963.000000 963.000000
2768.000000 953.000000
2593.000000 944.000000
2435.000000 935.000000
2299.000000 929.000000
2171.000000 922.000000
2056.000000 916.000000
1949.000000 909.000000
1859.000000 907.000000
1762.000000 898.000000
1678.000000 892.000000
1636.000000 907.000000
1603.000000 926.000000
1579.000000 949.000000
1555.000000 972.000000
1530.000000 993.000000
1511.000000 1019.000000
1484.000000 1039.000000
1472.000000 1069.000000
1496.000000 1127.000000
1484.000000 1159.000000
2711.000000 2196.000000
2838.000000 2382.000000
2752.000000 2392.000000
2576.000000 2320.000000
2475.000000 2308.000000
2244.000000 2167.000000
2169.000000 2169.000000
4362.000000 4517.000000
4203.000000 4507.000000
4051.000000 4499.000000
3901.000000 4488.000000
3763.000000 4484.000000
3208.000000 3961.000000
3180.000000 4070.000000
3172.000000 4210.000000
3162.000000 4352.000000
3148.000000 4496.000000
3136.000000 4649.000000
3027.000000 4660.000000
3120.000000 4993.000000
3012.000000 5014.000000
1626.000000 2816.000000
1586.000000 2862.000000
-0.000000 0.000000
837.000000 1643.000000
804.000000 1649.000000
779.000000 1670.000000
753.000000 1692.000000
731.000000 1722.000000
704.000000 1743.000000
677.000000 1764.000000
639.000000 1755.000000
605.000000 1758.000000
569.000000 1750.000000
536.000000 1753.000000
502.000000 1752.000000
469.000000 1752.000000
434.000000 1743.000000
402.000000 1740.000000
370.000000 1739.000000
338.000000 1736.000000
307.000000 1742.000000
274.000000 1730.000000
244.000000 1735.000000
212.000000 1730.000000
181.000000 1726.000000
151.000000 1729.000000
121.000000 1732.000000
90.000000 1722.000000
60.000000 1722.000000
30.000000 1722.000000
-0.000000 1710.000000
-30.000000 1710.000000
-60.000000 1711.000000
-90.000000 1710.000000
-119.000000 1708.000000
-149.000000 1706.000000
-179.000000 1704.000000
-209.000000 1701.000000
-237.000000 1687.000000
-274.000000 1727.000000
-305.000000 1729.000000
-337.000000 1732.000000
-367.000000 1725.000000
-399.000000 1729.000000
-429.000000 1721.000000
-461.000000 1722.000000
-494.000000 1722.000000
-524.000000 1713.000000
-556.000000 1712.000000
-589.000000 1710.000000
-622.000000 1708.000000
-655.000000 1707.000000
-688.000000 1702.000000
-721.000000 1698.000000
-758.000000 1703.000000
-792.000000 1698.000000
-825.000000 1692.000000
-863.000000 1693.000000
-897.000000 1686.000000
-935.000000 1687.000000
-973.000000 1686.000000
-1007.000000 1676.000000
-1041.000000 1666.000000
-1083.000000 1667.000000
-1099.000000 1629.000000
-1148.000000 1639.000000
-1187.000000 1634.000000
-1233.000000 1636.000000
-1275.000000 1632.000000
-1322.000000 1632.000000
-1367.000000 1629.000000
-1414.000000 1627.000000
-1461.000000 1622.000000
-1509.000000 1618.000000
-1555.000000 1611.000000
-1609.000000 1609.000000
-1663.000000 1606.000000
-1717.000000 1601.000000
-1771.000000 1595.000000
-1832.000000 1593.000000
-1894.000000 1589.000000
-1956.000000 1584.000000
-2026.000000 1583.000000
-2098.000000 1581.000000
-2163.000000 1571.000000
-2240.000000 1569.000000
-2312.000000 1560.000000
-2399.000000 1558.000000
-2489.000000 1555.000000
-2574.000000 1547.000000
-2673.000000 1544.000000
-2772.000000 1536.000000
-2870.000000 1526.000000
-2980.000000 1519.000000
-3094.000000 1509.000000
-3227.000000 1505.000000
-3352.000000 1492.000000
-3503.000000 1487.000000
-3649.000000 1474.000000
-3815.000000 1464.000000
-3992.000000 1453.000000
-4181.000000 1440.000000
-1150.000000 374.000000
-1148.000000 351.000000
-1154.000000 331.000000
-1148.000000 307.000000
-1144.000000 285.000000
-1148.000000 265.000000
-1145.000000 243.000000
-1141.000000 222.000000
-1134.000000 200.000000
-1148.000000 182.000000
-1141.000000 160.000000
-1144.000000 141.000000
-1139.000000 120.000000
-1144.000000 100.000000
-1145.000000 80.000000
-1135.000000 60.000000
-1135.000000 40.000000
-1137.000000 20.000000
-1129.000000 0.000000
