181 2
3549.000000 0.000000
3589.000000 63.000000
3620.000000 126.000000
3653.000000 191.000000
3687.000000 258.000000
3724.000000 326.000000
3767.000000 396.000000
3801.000000 467.000000
3837.000000 539.000000
3883.000000 615.000000
3911.000000 690.000000
3957.000000 769.000000
3872.000000 823.000000
3779.000000 872.000000
3773.000000 941.000000
3808.000000 1020.000000
3875.000000 1111.000000
3919.000000 1198.000000
3964.000000 1288.000000
4014.000000 1382.000000
4062.000000 1479.000000
4121.000000 1582.000000
4178.000000 1688.000000
4231.000000 1796.000000
4295.000000 1912.000000
4319.000000 2014.000000
4390.000000 2141.000000
4842.000000 2467.000000
4918.000000 2615.000000
5022.000000 2784.000000
5117.000000 2955.000000
5192.000000 3120.000000
5119.000000 3199.000000
5014.000000 3256.000000
5057.000000 3411.000000
5157.000000 3611.000000
5275.000000 3832.000000
5187.000000 3909.000000
5081.000000 3970.000000
4969.000000 4024.000000
4863.000000 4080.000000
4757.000000 4135.000000
4651.000000 4187.000000
4548.000000 4241.000000
4663.000000 4503.000000
4844.000000 4844.000000
5041.000000 5220.000000
5243.000000 5623.000000
5500.000000 6108.000000
5994.000000 6896.000000
6292.000000 7498.000000
6271.000000 7743.000000
6118.000000 7830.000000
5965.000000 7916.000000
5810.000000 7997.000000
5655.000000 8076.000000
5502.000000 8158.000000
5358.000000 8250.000000
5212.000000 8341.000000
5059.000000 8419.000000
4905.000000 8497.000000
4755.000000 8577.000000
4601.000000 8653.000000
4450.000000 8735.000000
4282.000000 8779.000000
2520.000000 5405.000000
2388.000000 5364.000000
2298.000000 5413.000000
2207.000000 5462.000000
2114.000000 5507.000000
2024.000000 5560.000000
1926.000000 5594.000000
1625.000000 5001.000000
1543.000000 5046.000000
1460.000000 5093.000000
1044.000000 3896.000000
908.000000 3643.000000
789.000000 3418.000000
686.000000 3229.000000
593.000000 3049.000000
512.000000 2903.000000
428.000000 2704.000000
368.000000 2618.000000
324.000000 2637.000000
280.000000 2664.000000
235.000000 2682.000000
190.000000 2713.000000
142.000000 2717.000000
91.000000 2619.000000
44.000000 2526.000000
-0.000000 2440.000000
-41.000000 2351.000000
-80.000000 2277.000000
-116.000000 2212.000000
-150.000000 2145.000000
-182.000000 2081.000000
-212.000000 2018.000000
-187.000000 1523.000000
-210.000000 1491.000000
-231.000000 1456.000000
-251.000000 1421.000000
-268.000000 1381.000000
-288.000000 1353.000000
-302.000000 1307.000000
-318.000000 1276.000000
-336.000000 1254.000000
-351.000000 1223.000000
-366.000000 1197.000000
-378.000000 1164.000000
-392.000000 1139.000000
-405.000000 1114.000000
-419.000000 1090.000000
-430.000000 1065.000000
-442.000000 1042.000000
-453.000000 1018.000000
-463.000000 992.000000
-475.000000 974.000000
-483.000000 949.000000
-496.000000 932.000000
-502.000000 906.000000
-513.000000 889.000000
-524.000000 873.000000
-529.000000 847.000000
-545.000000 839.000000
-548.000000 812.000000
-562.000000 803.000000
-571.000000 786.000000
-572.000000 760.000000
-580.000000 742.000000
-593.000000 732.000000
-600.000000 715.000000
-612.000000 704.000000
-619.000000 687.000000
-624.000000 669.000000
-637.000000 660.000000
-640.000000 640.000000
-651.000000 629.000000
-655.000000 610.000000
-665.000000 599.000000
-669.000000 581.000000
-679.000000 570.000000
-689.000000 558.000000
-690.000000 539.000000
-701.000000 528.000000
-701.000000 510.000000
-710.000000 497.000000
-719.000000 485.000000
-730.000000 474.000000
-738.000000 461.000000
-739.000000 444.000000
-747.000000 431.000000
-754.000000 418.000000
-770.000000 409.000000
-766.000000 390.000000
-782.000000 381.000000
-788.000000 367.000000
-794.000000 353.000000
-800.000000 340.000000
-806.000000 326.000000
-812.000000 312.000000
-819.000000 298.000000
-824.000000 284.000000
-838.000000 272.000000
-843.000000 258.000000
-845.000000 242.000000
-859.000000 230.000000
-862.000000 215.000000
-865.000000 200.000000
-875.000000 186.000000
-886.000000 172.000000
-889.000000 157.000000
-899.000000 142.000000
-901.000000 127.000000
-917.000000 113.000000
-919.000000 97.000000
-928.000000 81.000000
-941.000000 66.000000
-949.000000 50.000000
-957.000000 33.000000
-960.000000 17.000000
-961.000000 0.000000
