181 2
2523.000000 0.000000
1554.000000 27.000000
1645.000000 57.000000
2349.000000 123.000000
2301.000000 161.000000
2252.000000 197.000000
2205.000000 232.000000
2154.000000 264.000000
2113.000000 297.000000
2070.000000 328.000000
2029.000000 358.000000
1995.000000 388.000000
1933.000000 411.000000
1866.000000 431.000000
1850.000000 461.000000
1148.000000 307.000000
1278.000000 367.000000
1771.000000 541.000000
1162.000000 378.000000
1069.000000 368.000000
1681.000000 612.000000
1635.000000 628.000000
1601.000000 647.000000
1597.000000 678.000000
1558.000000 693.000000
1530.000000 713.000000
1434.000000 699.000000
1447.000000 737.000000
1444.000000 768.000000
1341.000000 743.000000
1399.000000 808.000000
1364.000000 819.000000
1342.000000 838.000000
1328.000000 862.000000
1305.000000 880.000000
1281.000000 897.000000
1260.000000 915.000000
1228.000000 926.000000
1212.000000 947.000000
1190.000000 963.000000
1164.000000 976.000000
1143.000000 994.000000
715.000000 644.000000
682.000000 636.000000
1078.000000 1041.000000
1053.000000 1053.000000
1034.000000 1071.000000
957.000000 1026.000000
990.000000 1100.000000
970.000000 1116.000000
951.000000 1133.000000
924.000000 1142.000000
905.000000 1158.000000
885.000000 1175.000000
865.000000 1190.000000
844.000000 1205.000000
823.000000 1220.000000
801.000000 1234.000000
781.000000 1249.000000
759.000000 1263.000000
730.000000 1264.000000
742.000000 1338.000000
3426.000000 6443.000000
3272.000000 6422.000000
2911.000000 5968.000000
2526.000000 5416.000000
2150.000000 4830.000000
1901.000000 4478.000000
1731.000000 4285.000000
1642.000000 4278.000000
1573.000000 4322.000000
1502.000000 4364.000000
1083.000000 3334.000000
972.000000 3180.000000
873.000000 3045.000000
779.000000 2906.000000
696.000000 2791.000000
618.000000 2678.000000
549.000000 2584.000000
483.000000 2484.000000
424.000000 2402.000000
368.000000 2322.000000
317.000000 2258.000000
269.000000 2192.000000
224.000000 2131.000000
182.000000 2080.000000
141.000000 2016.000000
91.000000 1735.000000
59.000000 1697.000000
29.000000 1647.000000
-0.000000 1619.000000
-27.000000 1575.000000
-54.000000 1538.000000
-79.000000 1511.000000
-104.000000 1482.000000
-126.000000 1444.000000
-149.000000 1417.000000
-170.000000 1388.000000
-192.000000 1367.000000
-212.000000 1337.000000
-231.000000 1309.000000
-252.000000 1297.000000
-269.000000 1268.000000
-288.000000 1246.000000
-305.000000 1223.000000
-322.000000 1202.000000
-337.000000 1177.000000
-353.000000 1154.000000
-370.000000 1138.000000
-384.000000 1115.000000
-401.000000 1101.000000
-471.000000 1228.000000
-505.000000 1249.000000
-544.000000 1282.000000
-578.000000 1299.000000
-642.000000 1378.000000
-687.000000 1408.000000
-733.000000 1438.000000
-783.000000 1473.000000
-840.000000 1515.000000
-898.000000 1556.000000
-963.000000 1603.000000
-1026.000000 1643.000000
-1102.000000 1697.000000
-1185.000000 1757.000000
-1270.000000 1814.000000
-1367.000000 1881.000000
-1479.000000 1963.000000
-1601.000000 2049.000000
-1746.000000 2157.000000
-1841.000000 2194.000000
-1992.000000 2291.000000
-1886.000000 2094.000000
-2036.000000 2184.000000
-2356.000000 2439.000000
-3537.000000 3537.000000
-3546.000000 3425.000000
-3742.000000 3490.000000
-5765.000000 5191.000000
-6197.000000 5387.000000
-6611.000000 5547.000000
-6697.000000 5423.000000
-6789.000000 5304.000000
-6869.000000 5176.000000
-6674.000000 4849.000000
-4752.000000 3327.000000
-3933.000000 2653.000000
-2974.000000 1931.000000
-3002.000000 1876.000000
-2649.000000 1591.000000
-2679.000000 1547.000000
-2696.000000 1495.000000
-2736.000000 1455.000000
-1986.000000 1012.000000
-2007.000000 979.000000
-2020.000000 942.000000
-2073.000000 923.000000
-2891.000000 1227.000000
-2928.000000 1183.000000
-2963.000000 1137.000000
-2999.000000 1091.000000
-3026.000000 1042.000000
-3058.000000 993.000000
-3085.000000 943.000000
-3117.000000 894.000000
-3157.000000 846.000000
-3188.000000 795.000000
-3219.000000 743.000000
-3379.000000 718.000000
-3808.000000 740.000000
-2434.000000 429.000000
-2329.000000 369.000000
-3943.000000 554.000000
-3989.000000 490.000000
-4034.000000 424.000000
-4086.000000 358.000000
-4129.000000 289.000000
-4178.000000 219.000000
-4224.000000 148.000000
-4280.000000 75.000000
-4324.000000 0.000000
