181 2
2234.000000 0.000000
2184.000000 38.000000
2108.000000 74.000000
2049.000000 107.000000
1989.000000 139.000000
1929.000000 169.000000
1888.000000 198.000000
873.000000 107.000000
860.000000 121.000000
849.000000 135.000000
860.000000 152.000000
864.000000 168.000000
871.000000 185.000000
872.000000 201.000000
884.000000 220.000000
884.000000 237.000000
888.000000 255.000000
895.000000 274.000000
898.000000 292.000000
903.000000 311.000000
902.000000 328.000000
907.000000 348.000000
919.000000 371.000000
923.000000 392.000000
923.000000 411.000000
933.000000 435.000000
934.000000 455.000000
950.000000 484.000000
944.000000 502.000000
959.000000 531.000000
957.000000 553.000000
963.000000 579.000000
969.000000 606.000000
981.000000 637.000000
984.000000 664.000000
989.000000 692.000000
993.000000 722.000000
1005.000000 757.000000
1009.000000 788.000000
1023.000000 828.000000
1030.000000 865.000000
1045.000000 908.000000
1052.000000 947.000000
1060.000000 988.000000
1073.000000 1036.000000
1082.000000 1082.000000
1097.000000 1136.000000
1107.000000 1187.000000
1119.000000 1243.000000
1144.000000 1316.000000
1109.000000 1321.000000
1077.000000 1330.000000
1032.000000 1321.000000
1027.000000 1362.000000
1012.000000 1392.000000
1001.000000 1430.000000
973.000000 1443.000000
983.000000 1514.000000
991.000000 1587.000000
1007.000000 1677.000000
1015.000000 1759.000000
1028.000000 1854.000000
1047.000000 1970.000000
1064.000000 2089.000000
1081.000000 2216.000000
1106.000000 2371.000000
1668.000000 3747.000000
1944.000000 4580.000000
1856.000000 4593.000000
1914.000000 4987.000000
3509.000000 9642.000000
3626.000000 10531.000000
3949.000000 12155.000000
4145.000000 13558.000000
3902.000000 13608.000000
3657.000000 13647.000000
3419.000000 13713.000000
3176.000000 13758.000000
2936.000000 13810.000000
2695.000000 13865.000000
2452.000000 13907.000000
2210.000000 13955.000000
1966.000000 13991.000000
1408.000000 11464.000000
1144.000000 10888.000000
957.000000 10939.000000
755.000000 10796.000000
568.000000 10832.000000
380.000000 10876.000000
191.000000 10916.000000
-0.000000 1562.000000
-27.000000 1541.000000
-54.000000 1553.000000
-82.000000 1561.000000
-110.000000 1569.000000
-138.000000 1576.000000
-167.000000 1585.000000
-195.000000 1591.000000
-224.000000 1597.000000
-255.000000 1612.000000
-283.000000 1607.000000
-315.000000 1621.000000
-345.000000 1625.000000
-378.000000 1638.000000
-407.000000 1631.000000
-440.000000 1642.000000
-473.000000 1650.000000
-507.000000 1659.000000
-539.000000 1659.000000
-574.000000 1668.000000
-609.000000 1674.000000
-648.000000 1689.000000
-684.000000 1693.000000
-721.000000 1698.000000
-762.000000 1711.000000
-799.000000 1714.000000
-842.000000 1726.000000
-880.000000 1727.000000
-923.000000 1737.000000
-968.000000 1746.000000
-1011.000000 1752.000000
-1058.000000 1761.000000
-1100.000000 1761.000000
-1152.000000 1774.000000
-1205.000000 1786.000000
-1257.000000 1796.000000
-1314.000000 1809.000000
-1367.000000 1814.000000
-1426.000000 1825.000000
-1492.000000 1843.000000
-1554.000000 1852.000000
-1618.000000 1862.000000
-1695.000000 1882.000000
-1765.000000 1893.000000
-1842.000000 1908.000000
-1926.000000 1926.000000
-2012.000000 1943.000000
-2100.000000 1958.000000
-2191.000000 1973.000000
-2297.000000 1996.000000
-2408.000000 2021.000000
-2522.000000 2042.000000
-2646.000000 2067.000000
-2739.000000 2064.000000
-2876.000000 2090.000000
-3060.000000 2142.000000
-3227.000000 2177.000000
-2810.000000 1825.000000
-2929.000000 1830.000000
-3825.000000 2298.000000
-4063.000000 2346.000000
-3810.000000 2112.000000
-3822.000000 2032.000000
-3837.000000 1955.000000
-3849.000000 1877.000000
-3964.000000 1849.000000
-5092.000000 2267.000000
-5436.000000 2307.000000
-5778.000000 2335.000000
-9902.000000 3801.000000
-9932.000000 3615.000000
-9976.000000 3435.000000
-10017.000000 3255.000000
-10010.000000 3060.000000
-10043.000000 2880.000000
-10088.000000 2703.000000
-10140.000000 2528.000000
-10173.000000 2349.000000
-10217.000000 2172.000000
-10252.000000 1993.000000
-10258.000000 1809.000000
-7383.000000 1169.000000
-5913.000000 831.000000
-10388.000000 1275.000000
-3662.000000 385.000000
-3699.000000 324.000000
-3703.000000 259.000000
-3712.000000 195.000000
-3732.000000 130.000000
-3183.000000 56.000000
-3201.000000 0.000000
