181 2
1221.000000 0.000000
1202.000000 21.000000
1182.000000 41.000000
1155.000000 61.000000
1148.000000 80.000000
1134.000000 99.000000
1112.000000 117.000000
1100.000000 135.000000
1076.000000 151.000000
1058.000000 168.000000
1040.000000 183.000000
1023.000000 199.000000
1012.000000 215.000000
995.000000 230.000000
985.000000 246.000000
967.000000 259.000000
953.000000 273.000000
941.000000 288.000000
923.000000 300.000000
908.000000 313.000000
894.000000 325.000000
889.000000 341.000000
868.000000 351.000000
861.000000 365.000000
842.000000 375.000000
830.000000 387.000000
812.000000 396.000000
808.000000 412.000000
793.000000 422.000000
786.000000 436.000000
775.000000 448.000000
758.000000 455.000000
743.000000 464.000000
737.000000 479.000000
726.000000 490.000000
713.000000 500.000000
700.000000 508.000000
688.000000 519.000000
679.000000 531.000000
668.000000 541.000000
656.000000 550.000000
645.000000 561.000000
638.000000 574.000000
628.000000 586.000000
613.000000 592.000000
607.000000 607.000000
593.000000 614.000000
587.000000 630.000000
573.000000 637.000000
565.000000 650.000000
553.000000 660.000000
539.000000 665.000000
533.000000 682.000000
520.000000 690.000000
511.000000 703.000000
500.000000 713.000000
487.000000 722.000000
475.000000 731.000000
467.000000 747.000000
454.000000 756.000000
444.000000 769.000000
431.000000 778.000000
434.000000 817.000000
411.000000 807.000000
388.000000 795.000000
367.000000 787.000000
349.000000 785.000000
338.000000 797.000000
331.000000 820.000000
320.000000 834.000000
309.000000 849.000000
301.000000 874.000000
290.000000 894.000000
278.000000 910.000000
267.000000 932.000000
258.000000 961.000000
245.000000 983.000000
232.000000 1006.000000
221.000000 1038.000000
206.000000 1060.000000
570.000000 3233.000000
522.000000 3297.000000
476.000000 3384.000000
429.000000 3496.000000
310.000000 2954.000000
264.000000 3015.000000
217.000000 3103.000000
169.000000 3216.000000
114.000000 3272.000000
40.000000 2268.000000
-0.000000 2760.000000
-39.000000 2210.000000
-94.000000 2704.000000
-140.000000 2677.000000
-186.000000 2658.000000
-230.000000 2626.000000
-275.000000 2615.000000
-317.000000 2582.000000
-376.000000 2675.000000
-443.000000 2796.000000
-517.000000 2931.000000
-633.000000 3254.000000
-684.000000 3219.000000
-736.000000 3189.000000
-788.000000 3160.000000
-838.000000 3129.000000
-888.000000 3096.000000
-939.000000 3072.000000
-989.000000 3045.000000
-1041.000000 3022.000000
-1087.000000 2986.000000
-1138.000000 2964.000000
-1184.000000 2930.000000
-1078.000000 2539.000000
-0.000000 0.000000
-1325.000000 2841.000000
-1368.000000 2805.000000
-1395.000000 2737.000000
-1471.000000 2766.000000
-1519.000000 2740.000000
-1558.000000 2699.000000
-1607.000000 2674.000000
-1631.000000 2610.000000
-1712.000000 2636.000000
-1762.000000 2612.000000
-1811.000000 2586.000000
-1861.000000 2561.000000
-1905.000000 2528.000000
-1953.000000 2500.000000
-2004.000000 2474.000000
-2055.000000 2449.000000
-1968.000000 2263.000000
-1881.000000 2089.000000
-1833.000000 1966.000000
-1876.000000 1943.000000
-1921.000000 1921.000000
-1958.000000 1891.000000
-2005.000000 1869.000000
-2049.000000 1845.000000
-2090.000000 1817.000000
-2216.000000 1860.000000
-2254.000000 1825.000000
-2300.000000 1797.000000
-2351.000000 1772.000000
-2404.000000 1747.000000
-2464.000000 1725.000000
-2505.000000 1689.000000
-2553.000000 1658.000000
-2603.000000 1626.000000
-1064.000000 639.000000
-1071.000000 619.000000
-1120.000000 621.000000
-1101.000000 585.000000
-1085.000000 553.000000
-1077.000000 525.000000
-1055.000000 492.000000
-1054.000000 469.000000
-1040.000000 442.000000
-1024.000000 414.000000
-1015.000000 390.000000
-1007.000000 367.000000
-997.000000 343.000000
-985.000000 320.000000
-974.000000 298.000000
-969.000000 278.000000
-965.000000 259.000000
-949.000000 237.000000
-944.000000 218.000000
-930.000000 198.000000
-927.000000 180.000000
-920.000000 162.000000
-914.000000 145.000000
-909.000000 128.000000
-899.000000 110.000000
-893.000000 94.000000
-848.000000 74.000000
-798.000000 56.000000
-793.000000 42.000000
-776.000000 27.000000
-774.000000 14.000000
-770.000000 0.000000
