181 2
1233.000000 0.000000
1243.000000 22.000000
1259.000000 44.000000
1278.000000 67.000000
1294.000000 90.000000
1307.000000 114.000000
1321.000000 139.000000
1338.000000 164.000000
1308.000000 184.000000
1276.000000 202.000000
1261.000000 222.000000
1235.000000 240.000000
1213.000000 258.000000
1195.000000 276.000000
1177.000000 293.000000
1148.000000 307.000000
1132.000000 325.000000
1114.000000 341.000000
1088.000000 354.000000
1071.000000 369.000000
1056.000000 384.000000
1033.000000 397.000000
1017.000000 411.000000
1002.000000 425.000000
980.000000 436.000000
960.000000 448.000000
949.000000 463.000000
931.000000 474.000000
915.000000 486.000000
899.000000 498.000000
883.000000 510.000000
864.000000 519.000000
851.000000 532.000000
834.000000 542.000000
820.000000 553.000000
804.000000 563.000000
795.000000 578.000000
773.000000 583.000000
764.000000 597.000000
752.000000 609.000000
737.000000 618.000000
720.000000 626.000000
710.000000 640.000000
700.000000 653.000000
686.000000 662.000000
672.000000 672.000000
659.000000 683.000000
644.000000 690.000000
629.000000 699.000000
619.000000 712.000000
609.000000 725.000000
590.000000 729.000000
579.000000 742.000000
564.000000 748.000000
553.000000 761.000000
541.000000 772.000000
527.000000 782.000000
516.000000 794.000000
497.000000 795.000000
488.000000 812.000000
473.000000 820.000000
461.000000 832.000000
446.000000 839.000000
433.000000 850.000000
419.000000 859.000000
406.000000 871.000000
400.000000 899.000000
380.000000 896.000000
1825.000000 4518.000000
1770.000000 4611.000000
1566.000000 4302.000000
1498.000000 4350.000000
-0.000000 0.000000
1335.000000 4367.000000
1259.000000 4392.000000
2213.000000 8261.000000
1961.000000 7863.000000
1732.000000 7502.000000
1525.000000 7176.000000
1337.000000 6877.000000
1165.000000 6605.000000
1006.000000 6355.000000
861.000000 6125.000000
725.000000 5909.000000
601.000000 5719.000000
484.000000 5531.000000
375.000000 5363.000000
272.000000 5194.000000
176.000000 5039.000000
85.000000 4893.000000
-0.000000 4761.000000
-81.000000 4629.000000
-158.000000 4512.000000
-231.000000 4399.000000
-300.000000 4287.000000
-366.000000 4185.000000
-434.000000 4131.000000
-496.000000 4042.000000
-555.000000 3952.000000
-613.000000 3869.000000
-668.000000 3789.000000
-721.000000 3712.000000
-771.000000 3629.000000
-821.000000 3555.000000
-856.000000 3432.000000
-899.000000 3357.000000
-945.000000 3295.000000
-987.000000 3228.000000
-1027.000000 3162.000000
-1068.000000 3102.000000
-1107.000000 3043.000000
-1148.000000 2990.000000
-1183.000000 2928.000000
-1219.000000 2872.000000
-1254.000000 2816.000000
-1287.000000 2760.000000
-1323.000000 2712.000000
-1352.000000 2653.000000
-1385.000000 2606.000000
-1437.000000 2592.000000
-1491.000000 2583.000000
-1546.000000 2573.000000
-1601.000000 2562.000000
-1655.000000 2549.000000
-1710.000000 2535.000000
-1764.000000 2520.000000
-1824.000000 2510.000000
-1879.000000 2494.000000
-1896.000000 2427.000000
-1873.000000 2313.000000
-1845.000000 2199.000000
-1823.000000 2097.000000
-1852.000000 2057.000000
-1826.000000 1958.000000
-1802.000000 1866.000000
-1783.000000 1783.000000
-1767.000000 1707.000000
-1752.000000 1634.000000
-1737.000000 1564.000000
-1723.000000 1498.000000
-1708.000000 1433.000000
-1692.000000 1370.000000
-1676.000000 1310.000000
-1673.000000 1261.000000
-1660.000000 1206.000000
-1644.000000 1151.000000
-1639.000000 1106.000000
-1625.000000 1056.000000
-1617.000000 1011.000000
-1613.000000 969.000000
-1605.000000 927.000000
-1590.000000 881.000000
-1580.000000 840.000000
-1570.000000 800.000000
-1559.000000 760.000000
-1557.000000 726.000000
-1551.000000 691.000000
-1539.000000 653.000000
-1531.000000 618.000000
-1526.000000 586.000000
-1519.000000 553.000000
-1510.000000 520.000000
-1504.000000 489.000000
-1460.000000 446.000000
-1451.000000 416.000000
-1451.000000 389.000000
-1439.000000 359.000000
-1437.000000 332.000000
-1396.000000 297.000000
-1339.000000 260.000000
-1288.000000 227.000000
-1239.000000 196.000000
-1195.000000 168.000000
-1161.000000 143.000000
-1120.000000 118.000000
-1086.000000 95.000000
-1049.000000 73.000000
-1019.000000 53.000000
-990.000000 35.000000
-953.000000 17.000000
-927.000000 0.000000
