23 4
-4947.0000000000 0.0000000000 -4411.0000000000 620.0000000000
-4411.0000000000 620.0000000000 -4018.0000000000 708.0000000000
-4018.0000000000 708.0000000000 -3127.0000000000 1733.0000000000
-3127.0000000000 1733.0000000000 -3267.0000000000 1963.0000000000
-3267.0000000000 1963.0000000000 -2483.0000000000 2857.0000000000
-2483.0000000000 2857.0000000000 -2285.0000000000 2723.0000000000
-2285.0000000000 2723.0000000000 -1919.0000000000 3193.0000000000
-1919.0000000000 3193.0000000000 -1131.0000000000 2541.0000000000
-1131.0000000000 2541.0000000000 -969.0000000000 2662.0000000000
-969.0000000000 2662.0000000000 -738.0000000000 2414.0000000000
-738.0000000000 2414.0000000000 -161.0000000000 3078.0000000000
-161.0000000000 3078.0000000000 -127.0000000000 3625.0000000000
-127.0000000000 3625.0000000000 -0.0000000000 3376.0000000000
130.0000000000 3728.0000000000 246.0000000000 3523.0000000000
416.0000000000 4750.0000000000 682.0000000000 4852.0000000000
682.0000000000 4852.0000000000 916.0000000000 5196.0000000000
916.0000000000 5196.0000000000 930.0000000000 4784.0000000000
930.0000000000 4784.0000000000 1078.0000000000 5072.0000000000
1078.0000000000 5072.0000000000 1463.0000000000 4785.0000000000
1463.0000000000 4785.0000000000 3115.0000000000 3340.0000000000
3115.0000000000 3340.0000000000 2763.0000000000 2861.0000000000
2197.0000000000 2197.0000000000 560.0000000000 261.0000000000
560.0000000000 261.0000000000 753.0000000000 92.0000000000
