19 4
-423.0000000000 0.0000000000 196.0000000000 3749.0000000000
500.0000000000 5714.0000000000 660.0000000000 6283.0000000000
660.0000000000 6283.0000000000 1623.0000000000 7029.0000000000
3774.0000000000 14086.0000000000 5062.0000000000 13908.0000000000
3385.0000000000 7975.0000000000 3452.0000000000 7752.0000000000
3607.0000000000 7735.0000000000 3870.0000000000 7935.0000000000
3870.0000000000 7935.0000000000 3551.0000000000 5910.0000000000
1862.0000000000 2980.0000000000 1704.0000000000 2624.0000000000
1704.0000000000 2624.0000000000 1730.0000000000 2295.0000000000
1590.0000000000 1705.0000000000 1375.0000000000 1424.0000000000
1375.0000000000 1424.0000000000 1674.0000000000 1674.0000000000
1674.0000000000 1674.0000000000 1831.0000000000 1592.0000000000
1831.0000000000 1592.0000000000 1704.0000000000 1238.0000000000
1704.0000000000 1238.0000000000 2213.0000000000 1437.0000000000
2773.0000000000 1733.0000000000 2905.0000000000 1611.0000000000
2905.0000000000 1611.0000000000 2779.0000000000 745.0000000000
2779.0000000000 745.0000000000 2415.0000000000 558.0000000000
2415.0000000000 558.0000000000 2749.0000000000 584.0000000000
2749.0000000000 584.0000000000 2658.0000000000 0.0000000000
