25 4
-635.0000000000 56.0000000000 -610.0000000000 352.0000000000
-610.0000000000 352.0000000000 -1129.0000000000 762.0000000000
-1129.0000000000 762.0000000000 -1077.0000000000 1330.0000000000
-1077.0000000000 1330.0000000000 -684.0000000000 908.0000000000
-1067.0000000000 1469.0000000000 -1021.0000000000 2093.0000000000
-1021.0000000000 2093.0000000000 -772.0000000000 1655.0000000000
-1015.0000000000 2280.0000000000 -1004.0000000000 2485.0000000000
-1004.0000000000 2485.0000000000 -778.0000000000 2028.0000000000
-778.0000000000 2028.0000000000 -311.0000000000 1963.0000000000
-311.0000000000 1963.0000000000 -210.0000000000 3004.0000000000
-210.0000000000 3004.0000000000 -100.0000000000 2851.0000000000
-100.0000000000 2851.0000000000 149.0000000000 2841.0000000000
247.0000000000 2820.0000000000 595.0000000000 2801.0000000000
595.0000000000 2801.0000000000 768.0000000000 3079.0000000000
768.0000000000 3079.0000000000 732.0000000000 2253.0000000000
732.0000000000 2253.0000000000 954.0000000000 2769.0000000000
1067.0000000000 2778.0000000000 1301.0000000000 3219.0000000000
1439.0000000000 3231.0000000000 1541.0000000000 2898.0000000000
1541.0000000000 2898.0000000000 1264.0000000000 1561.0000000000
1264.0000000000 1561.0000000000 1582.0000000000 1528.0000000000
1582.0000000000 1528.0000000000 3019.0000000000 1887.0000000000
3019.0000000000 1887.0000000000 2978.0000000000 1326.0000000000
2978.0000000000 1326.0000000000 2463.0000000000 1046.0000000000
2463.0000000000 1046.0000000000 2821.0000000000 917.0000000000
932.0000000000 285.0000000000 836.0000000000 0.0000000000
