20 4
-2325.0000000000 0.0000000000 -2209.0000000000 116.0000000000
-2209.0000000000 116.0000000000 -1608.0000000000 141.0000000000
-1608.0000000000 141.0000000000 -1408.0000000000 404.0000000000
-1351.0000000000 492.0000000000 -1608.0000000000 683.0000000000
-1475.0000000000 719.0000000000 -1697.0000000000 865.0000000000
-1697.0000000000 865.0000000000 -1578.0000000000 1065.0000000000
-1578.0000000000 1065.0000000000 -1370.0000000000 995.0000000000
-1370.0000000000 995.0000000000 -1507.0000000000 1178.0000000000
-1507.0000000000 1178.0000000000 -1352.0000000000 1501.0000000000
-697.0000000000 995.0000000000 -199.0000000000 519.0000000000
-199.0000000000 519.0000000000 -104.0000000000 743.0000000000
-312.0000000000 2538.0000000000 -131.0000000000 2498.0000000000
-131.0000000000 2498.0000000000 -108.0000000000 3085.0000000000
-108.0000000000 3085.0000000000 -0.0000000000 3237.0000000000
36.0000000000 2070.0000000000 213.0000000000 2431.0000000000
213.0000000000 2431.0000000000 434.0000000000 2233.0000000000
412.0000000000 1537.0000000000 251.0000000000 822.0000000000
323.0000000000 692.0000000000 685.0000000000 639.0000000000
2380.0000000000 2143.0000000000 2549.0000000000 2139.0000000000
2549.0000000000 2139.0000000000 1107.0000000000 0.0000000000
