21 4
-1539.0000000000 0.0000000000 -1848.0000000000 129.0000000000
-955.0000000000 84.0000000000 -1525.0000000000 160.0000000000
-1641.0000000000 260.0000000000 -1477.0000000000 452.0000000000
-1477.0000000000 452.0000000000 -1698.0000000000 552.0000000000
-1691.0000000000 683.0000000000 -1562.0000000000 796.0000000000
-1562.0000000000 796.0000000000 -247.0000000000 366.0000000000
-247.0000000000 366.0000000000 -179.0000000000 667.0000000000
-179.0000000000 667.0000000000 -342.0000000000 2160.0000000000
-342.0000000000 2160.0000000000 458.0000000000 1986.0000000000
458.0000000000 1986.0000000000 572.0000000000 2294.0000000000
406.0000000000 1517.0000000000 810.0000000000 2225.0000000000
810.0000000000 2225.0000000000 1019.0000000000 2185.0000000000
1019.0000000000 2185.0000000000 1184.0000000000 2323.0000000000
1184.0000000000 2323.0000000000 1369.0000000000 2279.0000000000
1369.0000000000 2279.0000000000 1500.0000000000 1852.0000000000
1500.0000000000 1852.0000000000 1669.0000000000 1853.0000000000
1669.0000000000 1853.0000000000 2002.0000000000 2147.0000000000
2002.0000000000 2147.0000000000 2443.0000000000 2050.0000000000
1313.0000000000 954.0000000000 1200.0000000000 809.0000000000
1200.0000000000 809.0000000000 1249.0000000000 430.0000000000
1249.0000000000 430.0000000000 1103.0000000000 0.0000000000
