22 4
-1145.0000000000 141.0000000000 -1555.0000000000 246.0000000000
-1555.0000000000 246.0000000000 -769.0000000000 221.0000000000
-769.0000000000 221.0000000000 -1288.0000000000 418.0000000000
-1288.0000000000 418.0000000000 -880.0000000000 320.0000000000
-880.0000000000 320.0000000000 -1251.0000000000 480.0000000000
-1251.0000000000 480.0000000000 -494.0000000000 1059.0000000000
-494.0000000000 1059.0000000000 -204.0000000000 710.0000000000
-893.0000000000 3334.0000000000 -37.0000000000 2133.0000000000
39.0000000000 2223.0000000000 363.0000000000 1867.0000000000
363.0000000000 1867.0000000000 614.0000000000 2008.0000000000
614.0000000000 2008.0000000000 829.0000000000 2407.0000000000
2646.0000000000 6233.0000000000 3431.0000000000 5087.0000000000
3431.0000000000 5087.0000000000 3284.0000000000 4690.0000000000
3284.0000000000 4690.0000000000 3447.0000000000 4574.0000000000
3447.0000000000 4574.0000000000 3383.0000000000 4178.0000000000
3727.0000000000 3997.0000000000 3876.0000000000 3876.0000000000
3876.0000000000 3876.0000000000 4167.0000000000 4024.0000000000
4167.0000000000 4024.0000000000 4648.0000000000 3377.0000000000
2575.0000000000 1803.0000000000 2730.0000000000 1576.0000000000
3001.0000000000 1152.0000000000 3247.0000000000 993.0000000000
2176.0000000000 583.0000000000 1408.0000000000 49.0000000000
1408.0000000000 49.0000000000 1186.0000000000 0.0000000000
