31 4
-1742.0000000000 91.0000000000 -1600.0000000000 311.0000000000
-1600.0000000000 311.0000000000 -2591.0000000000 1154.0000000000
-3785.0000000000 1846.0000000000 -3643.0000000000 2019.0000000000
-3643.0000000000 2019.0000000000 -4134.0000000000 2484.0000000000
-4134.0000000000 2484.0000000000 -3805.0000000000 2867.0000000000
-3805.0000000000 2867.0000000000 -4193.0000000000 3276.0000000000
-6748.0000000000 5464.0000000000 -5356.0000000000 7107.0000000000
-5356.0000000000 7107.0000000000 -5208.0000000000 7169.0000000000
-5208.0000000000 7169.0000000000 -4926.0000000000 7036.0000000000
-4926.0000000000 7036.0000000000 -4484.0000000000 6647.0000000000
-3985.0000000000 6136.0000000000 -2312.0000000000 4741.0000000000
-2312.0000000000 4741.0000000000 -1737.0000000000 5347.0000000000
-1737.0000000000 5347.0000000000 -1226.0000000000 4918.0000000000
-1226.0000000000 4918.0000000000 -1079.0000000000 5078.0000000000
-1079.0000000000 5078.0000000000 -877.0000000000 4973.0000000000
-877.0000000000 4973.0000000000 -399.0000000000 4559.0000000000
-399.0000000000 4559.0000000000 -213.0000000000 4070.0000000000
-213.0000000000 4070.0000000000 854.0000000000 3186.0000000000
854.0000000000 3186.0000000000 1029.0000000000 3364.0000000000
1029.0000000000 3364.0000000000 1515.0000000000 2973.0000000000
1515.0000000000 2973.0000000000 1912.0000000000 2632.0000000000
1912.0000000000 2632.0000000000 1803.0000000000 2393.0000000000
1803.0000000000 2393.0000000000 2302.0000000000 2001.0000000000
2302.0000000000 2001.0000000000 1616.0000000000 1174.0000000000
1616.0000000000 1174.0000000000 1761.0000000000 1058.0000000000
1761.0000000000 1058.0000000000 1527.0000000000 812.0000000000
1527.0000000000 812.0000000000 1822.0000000000 557.0000000000
1822.0000000000 557.0000000000 2039.0000000000 585.0000000000
1965.0000000000 490.0000000000 2223.0000000000 234.0000000000
2223.0000000000 234.0000000000 2725.0000000000 238.0000000000
2725.0000000000 238.0000000000 3396.0000000000 59.0000000000
