23 4
-2969.0000000000 208.0000000000 -3152.0000000000 331.0000000000
-3152.0000000000 331.0000000000 -2556.0000000000 314.0000000000
-2556.0000000000 314.0000000000 -2914.0000000000 410.0000000000
-2914.0000000000 410.0000000000 -2742.0000000000 583.0000000000
-2630.0000000000 656.0000000000 -2255.0000000000 865.0000000000
-1625.0000000000 657.0000000000 -1237.0000000000 866.0000000000
-1237.0000000000 866.0000000000 -1339.0000000000 1084.0000000000
-1238.0000000000 1115.0000000000 -1610.0000000000 1501.0000000000
-1610.0000000000 1501.0000000000 -1392.0000000000 1344.0000000000
-1392.0000000000 1344.0000000000 -1192.0000000000 1472.0000000000
-1192.0000000000 1472.0000000000 -1031.0000000000 1320.0000000000
-1031.0000000000 1320.0000000000 -1086.0000000000 1551.0000000000
-1086.0000000000 1551.0000000000 -884.0000000000 1662.0000000000
-261.0000000000 512.0000000000 -112.0000000000 391.0000000000
-112.0000000000 391.0000000000 -0.0000000000 1260.0000000000
143.0000000000 2043.0000000000 197.0000000000 2253.0000000000
197.0000000000 2253.0000000000 515.0000000000 2422.0000000000
515.0000000000 2422.0000000000 683.0000000000 2102.0000000000
683.0000000000 2102.0000000000 1095.0000000000 2710.0000000000
713.0000000000 1680.0000000000 857.0000000000 1758.0000000000
857.0000000000 1758.0000000000 1067.0000000000 1643.0000000000
352.0000000000 340.0000000000 646.0000000000 114.0000000000
2580.0000000000 409.0000000000 1895.0000000000 0.0000000000
