19 4
-1131.0000000000 139.0000000000 -1783.0000000000 282.0000000000
-1783.0000000000 282.0000000000 -949.0000000000 202.0000000000
-949.0000000000 202.0000000000 -1391.0000000000 347.0000000000
-1391.0000000000 347.0000000000 -1249.0000000000 976.0000000000
-743.0000000000 826.0000000000 -585.0000000000 697.0000000000
-534.0000000000 683.0000000000 -371.0000000000 617.0000000000
-378.0000000000 712.0000000000 -403.0000000000 1171.0000000000
-403.0000000000 1171.0000000000 220.0000000000 1133.0000000000
361.0000000000 1112.0000000000 332.0000000000 652.0000000000
1592.0000000000 2993.0000000000 1436.0000000000 1652.0000000000
1541.0000000000 1595.0000000000 1514.0000000000 1183.0000000000
1514.0000000000 1183.0000000000 1837.0000000000 1061.0000000000
1837.0000000000 1061.0000000000 2243.0000000000 1243.0000000000
6160.0000000000 2743.0000000000 6016.0000000000 1725.0000000000
4512.0000000000 1125.0000000000 5469.0000000000 1162.0000000000
5469.0000000000 1162.0000000000 5413.0000000000 761.0000000000
4645.0000000000 570.0000000000 4436.0000000000 466.0000000000
5392.0000000000 377.0000000000 5341.0000000000 187.0000000000
5341.0000000000 187.0000000000 5790.0000000000 101.0000000000
