16 4
-2194.0000000000 0.0000000000 -2342.0000000000 413.0000000000
-2342.0000000000 413.0000000000 -2108.0000000000 526.0000000000
-2108.0000000000 526.0000000000 -2324.0000000000 1134.0000000000
-2324.0000000000 1134.0000000000 -1320.0000000000 1465.0000000000
-1320.0000000000 1465.0000000000 -1437.0000000000 1839.0000000000
-1437.0000000000 1839.0000000000 -1237.0000000000 1641.0000000000
-1237.0000000000 1641.0000000000 -1042.0000000000 1734.0000000000
-1042.0000000000 1734.0000000000 -1343.0000000000 2526.0000000000
-2179.0000000000 4276.0000000000 -2284.0000000000 4684.0000000000
-2284.0000000000 4684.0000000000 192.0000000000 5488.0000000000
192.0000000000 5488.0000000000 1455.0000000000 1734.0000000000
1455.0000000000 1734.0000000000 1722.0000000000 1783.0000000000
1722.0000000000 1783.0000000000 2015.0000000000 939.0000000000
2015.0000000000 939.0000000000 2092.0000000000 680.0000000000
2092.0000000000 680.0000000000 1871.0000000000 536.0000000000
1871.0000000000 536.0000000000 2059.0000000000 0.0000000000
