17 4
-2233.0000000000 0.0000000000 -2616.0000000000 800.0000000000
-2616.0000000000 800.0000000000 -2426.0000000000 931.0000000000
-2426.0000000000 931.0000000000 -2689.0000000000 1553.0000000000
-2689.0000000000 1553.0000000000 -2149.0000000000 1803.0000000000
-2149.0000000000 1803.0000000000 -2854.0000000000 2956.0000000000
-2772.0000000000 3079.0000000000 -3767.0000000000 5380.0000000000
-3767.0000000000 5380.0000000000 -1805.0000000000 6295.0000000000
-1805.0000000000 6295.0000000000 -1525.0000000000 6115.0000000000
-1525.0000000000 6115.0000000000 -1320.0000000000 5717.0000000000
-1040.0000000000 4895.0000000000 -49.0000000000 2809.0000000000
-49.0000000000 2809.0000000000 730.0000000000 3160.0000000000
730.0000000000 3160.0000000000 1002.0000000000 2609.0000000000
1002.0000000000 2609.0000000000 1237.0000000000 2652.0000000000
1237.0000000000 2652.0000000000 1689.0000000000 1689.0000000000
1689.0000000000 1689.0000000000 1532.0000000000 1429.0000000000
1579.0000000000 1325.0000000000 2147.0000000000 113.0000000000
2147.0000000000 113.0000000000 2470.0000000000 0.0000000000
