22 4
-4324.0000000000 0.0000000000 -3943.0000000000 554.0000000000
-3808.0000000000 740.0000000000 -3219.0000000000 743.0000000000
-3219.0000000000 743.0000000000 -2891.0000000000 1227.0000000000
-2736.0000000000 1455.0000000000 -2649.0000000000 1591.0000000000
-2649.0000000000 1591.0000000000 -2974.0000000000 1931.0000000000
-6674.0000000000 4849.0000000000 -6869.0000000000 5176.0000000000
-6869.0000000000 5176.0000000000 -6611.0000000000 5547.0000000000
-6611.0000000000 5547.0000000000 -5765.0000000000 5191.0000000000
-3742.0000000000 3490.0000000000 -3546.0000000000 3425.0000000000
-2356.0000000000 2439.0000000000 -1886.0000000000 2094.0000000000
-1746.0000000000 2157.0000000000 -401.0000000000 1101.0000000000
-401.0000000000 1101.0000000000 1083.0000000000 3334.0000000000
1502.0000000000 4364.0000000000 1731.0000000000 4285.0000000000
1731.0000000000 4285.0000000000 2150.0000000000 4830.0000000000
2911.0000000000 5968.0000000000 3272.0000000000 6422.0000000000
742.0000000000 1338.0000000000 957.0000000000 1026.0000000000
1078.0000000000 1041.0000000000 682.0000000000 636.0000000000
682.0000000000 636.0000000000 1143.0000000000 994.0000000000
1143.0000000000 994.0000000000 1399.0000000000 808.0000000000
1341.0000000000 743.0000000000 1681.0000000000 612.0000000000
1771.0000000000 541.0000000000 1148.0000000000 307.0000000000
1850.0000000000 461.0000000000 2349.0000000000 123.0000000000
