39 4
-1098.0000000000 0.0000000000 -1263.0000000000 177.0000000000
-1263.0000000000 177.0000000000 -3146.0000000000 1083.0000000000
-3146.0000000000 1083.0000000000 -2928.0000000000 1492.0000000000
-2928.0000000000 1492.0000000000 -3340.0000000000 1776.0000000000
-976.0000000000 541.0000000000 -549.0000000000 343.0000000000
-3091.0000000000 2008.0000000000 -3390.0000000000 2287.0000000000
-2195.0000000000 1654.0000000000 -1943.0000000000 1631.0000000000
-1943.0000000000 1631.0000000000 -1852.0000000000 1986.0000000000
-1696.0000000000 1951.0000000000 -1491.0000000000 2386.0000000000
-1807.0000000000 3008.0000000000 -1475.0000000000 2894.0000000000
-1475.0000000000 2894.0000000000 -1298.0000000000 2660.0000000000
-1298.0000000000 2660.0000000000 -1455.0000000000 3427.0000000000
-1842.0000000000 4560.0000000000 -1990.0000000000 5468.0000000000
-1990.0000000000 5468.0000000000 -1623.0000000000 6058.0000000000
-1677.0000000000 6727.0000000000 -1465.0000000000 6347.0000000000
-422.0000000000 1987.0000000000 -64.0000000000 1826.0000000000
-64.0000000000 1826.0000000000 73.0000000000 2077.0000000000
103.0000000000 1963.0000000000 334.0000000000 1895.0000000000
334.0000000000 1895.0000000000 463.0000000000 2176.0000000000
855.0000000000 3706.0000000000 1221.0000000000 4258.0000000000
1711.0000000000 5596.0000000000 1933.0000000000 5948.0000000000
1933.0000000000 5948.0000000000 2226.0000000000 5799.0000000000
2598.0000000000 6431.0000000000 2843.0000000000 6698.0000000000
2515.0000000000 5648.0000000000 2559.0000000000 5487.0000000000
2559.0000000000 5487.0000000000 2811.0000000000 5516.0000000000
3428.0000000000 6184.0000000000 3292.0000000000 5702.0000000000
3292.0000000000 5702.0000000000 3650.0000000000 6074.0000000000
3650.0000000000 6074.0000000000 3872.0000000000 5962.0000000000
3872.0000000000 5962.0000000000 4219.0000000000 6255.0000000000
1936.0000000000 2765.0000000000 2005.0000000000 2390.0000000000
2005.0000000000 2390.0000000000 2220.0000000000 2381.0000000000
2353.0000000000 2353.0000000000 2235.0000000000 2013.0000000000
2235.0000000000 2013.0000000000 2395.0000000000 2009.0000000000
4726.0000000000 3561.0000000000 4881.0000000000 3418.0000000000
3334.0000000000 2249.0000000000 2987.0000000000 1940.0000000000
4437.0000000000 2562.0000000000 4801.0000000000 2553.0000000000
4801.0000000000 2553.0000000000 4496.0000000000 1908.0000000000
4371.0000000000 1678.0000000000 4161.0000000000 1272.0000000000
2202.0000000000 270.0000000000 3077.0000000000 215.0000000000
