19 4
-2679.0000000000 94.0000000000 -3218.0000000000 395.0000000000
-3218.0000000000 395.0000000000 -2991.0000000000 972.0000000000
-2991.0000000000 972.0000000000 -3566.0000000000 1298.0000000000
-4173.0000000000 1602.0000000000 -4820.0000000000 2046.0000000000
-6277.0000000000 2927.0000000000 -5084.0000000000 4910.0000000000
-5084.0000000000 4910.0000000000 -4534.0000000000 4695.0000000000
-3967.0000000000 4254.0000000000 -1785.0000000000 2970.0000000000
-1785.0000000000 2970.0000000000 -1324.0000000000 3638.0000000000
-1324.0000000000 3638.0000000000 -715.0000000000 3362.0000000000
-715.0000000000 3362.0000000000 -556.0000000000 3511.0000000000
-556.0000000000 3511.0000000000 314.0000000000 2988.0000000000
314.0000000000 2988.0000000000 330.0000000000 2689.0000000000
330.0000000000 2689.0000000000 1422.0000000000 2031.0000000000
1422.0000000000 2031.0000000000 1577.0000000000 1948.0000000000
1577.0000000000 1948.0000000000 1784.0000000000 2127.0000000000
1784.0000000000 2127.0000000000 2718.0000000000 1569.0000000000
2718.0000000000 1569.0000000000 2680.0000000000 1307.0000000000
2680.0000000000 1307.0000000000 3198.0000000000 978.0000000000
3198.0000000000 978.0000000000 2670.0000000000 93.0000000000
