21 4
-1880.0000000000 0.0000000000 -1644.0000000000 598.0000000000
-868.0000000000 333.0000000000 -745.0000000000 466.0000000000
-6176.0000000000 4011.0000000000 -5666.0000000000 3822.0000000000
-5666.0000000000 3822.0000000000 -6044.0000000000 4232.0000000000
-5173.0000000000 3758.0000000000 -4770.0000000000 3595.0000000000
-3071.0000000000 2577.0000000000 -2903.0000000000 2524.0000000000
-2903.0000000000 2524.0000000000 -2809.0000000000 2908.0000000000
-2809.0000000000 2908.0000000000 -3035.0000000000 3371.0000000000
-1550.0000000000 1848.0000000000 -923.0000000000 1537.0000000000
-918.0000000000 1657.0000000000 -680.0000000000 1603.0000000000
-680.0000000000 1603.0000000000 741.0000000000 949.0000000000
741.0000000000 949.0000000000 877.0000000000 1083.0000000000
877.0000000000 1083.0000000000 799.0000000000 856.0000000000
2877.0000000000 2980.0000000000 2303.0000000000 1673.0000000000
2303.0000000000 1673.0000000000 1865.0000000000 1258.0000000000
1865.0000000000 1258.0000000000 2172.0000000000 1107.0000000000
2125.0000000000 1036.0000000000 2631.0000000000 906.0000000000
2631.0000000000 906.0000000000 1997.0000000000 610.0000000000
2841.0000000000 815.0000000000 3241.0000000000 630.0000000000
3533.0000000000 497.0000000000 3876.0000000000 339.0000000000
4147.0000000000 217.0000000000 4549.0000000000 0.0000000000
