19 4
-640.0000000000 0.0000000000 -814.0000000000 2236.0000000000
-803.0000000000 2333.0000000000 -592.0000000000 2373.0000000000
-1098.0000000000 4754.0000000000 -1075.0000000000 5059.0000000000
-1752.0000000000 9011.0000000000 -1592.0000000000 9030.0000000000
-1592.0000000000 9030.0000000000 -1513.0000000000 9553.0000000000
-1513.0000000000 9553.0000000000 -1341.0000000000 9539.0000000000
-1002.0000000000 9532.0000000000 -672.0000000000 9609.0000000000
-672.0000000000 9609.0000000000 -525.0000000000 10020.0000000000
-525.0000000000 10020.0000000000 -350.0000000000 10029.0000000000
-0.0000000000 6753.0000000000 110.0000000000 6294.0000000000
157.0000000000 3000.0000000000 324.0000000000 2305.0000000000
324.0000000000 2305.0000000000 486.0000000000 486.0000000000
1362.0000000000 1064.0000000000 1818.0000000000 1370.0000000000
1818.0000000000 1370.0000000000 2130.0000000000 1331.0000000000
2130.0000000000 1331.0000000000 2454.0000000000 1475.0000000000
2454.0000000000 1475.0000000000 2662.0000000000 1357.0000000000
3305.0000000000 1612.0000000000 3679.0000000000 1638.0000000000
3679.0000000000 1638.0000000000 3727.0000000000 1139.0000000000
3019.0000000000 809.0000000000 3055.0000000000 321.0000000000
