11 4
-1465.0000000000 0.0000000000 -1624.0000000000 624.0000000000
-1624.0000000000 624.0000000000 -1038.0000000000 782.0000000000
-1038.0000000000 782.0000000000 -1469.0000000000 2098.0000000000
-1340.0000000000 2145.0000000000 -1859.0000000000 4601.0000000000
-1859.0000000000 4601.0000000000 356.0000000000 5085.0000000000
356.0000000000 5085.0000000000 573.0000000000 4665.0000000000
573.0000000000 4665.0000000000 1271.0000000000 1271.0000000000
1271.0000000000 1271.0000000000 2078.0000000000 1455.0000000000
2078.0000000000 1455.0000000000 2200.0000000000 845.0000000000
2200.0000000000 845.0000000000 2473.0000000000 852.0000000000
2473.0000000000 852.0000000000 2631.0000000000 46.0000000000
