15 4
-3608.0000000000 0.0000000000 -3721.0000000000 391.0000000000
-3721.0000000000 391.0000000000 -2706.0000000000 625.0000000000
-2706.0000000000 625.0000000000 -2723.0000000000 832.0000000000
-2723.0000000000 832.0000000000 -2378.0000000000 866.0000000000
-2378.0000000000 866.0000000000 -2573.0000000000 1736.0000000000
-2573.0000000000 1736.0000000000 -2978.0000000000 2086.0000000000
-2978.0000000000 2086.0000000000 -2719.0000000000 2049.0000000000
-3552.0000000000 3198.0000000000 -3472.0000000000 3472.0000000000
-3472.0000000000 3472.0000000000 -3604.0000000000 3864.0000000000
-3604.0000000000 3864.0000000000 -3273.0000000000 3635.0000000000
-3273.0000000000 3635.0000000000 -3402.0000000000 3914.0000000000
-3402.0000000000 3914.0000000000 -793.0000000000 4496.0000000000
-419.0000000000 2984.0000000000 102.0000000000 642.0000000000
102.0000000000 642.0000000000 381.0000000000 634.0000000000
381.0000000000 634.0000000000 505.0000000000 0.0000000000
