23 4
-5470.0000000000 0.0000000000 -5404.0000000000 189.0000000000
-5404.0000000000 189.0000000000 -4892.0000000000 256.0000000000
-4892.0000000000 256.0000000000 -5165.0000000000 452.0000000000
-5036.0000000000 529.0000000000 -5521.0000000000 776.0000000000
-5521.0000000000 776.0000000000 -5285.0000000000 932.0000000000
-5285.0000000000 932.0000000000 -5593.0000000000 1087.0000000000
-8333.0000000000 1771.0000000000 -8200.0000000000 2351.0000000000
-3830.0000000000 1171.0000000000 -3747.0000000000 1438.0000000000
-7882.0000000000 3185.0000000000 -7426.0000000000 4288.0000000000
-5560.0000000000 3610.0000000000 -3755.0000000000 2934.0000000000
-3755.0000000000 2934.0000000000 -3473.0000000000 3127.0000000000
-3473.0000000000 3127.0000000000 -3017.0000000000 2913.0000000000
-2428.0000000000 2428.0000000000 -1173.0000000000 1952.0000000000
-1173.0000000000 1952.0000000000 -1060.0000000000 2174.0000000000
-1060.0000000000 2174.0000000000 -63.0000000000 1802.0000000000
-63.0000000000 1802.0000000000 -0.0000000000 1509.0000000000
-0.0000000000 1509.0000000000 607.0000000000 1302.0000000000
607.0000000000 1302.0000000000 404.0000000000 729.0000000000
404.0000000000 729.0000000000 977.0000000000 498.0000000000
977.0000000000 498.0000000000 1219.0000000000 568.0000000000
1219.0000000000 568.0000000000 1591.0000000000 426.0000000000
1591.0000000000 426.0000000000 1773.0000000000 345.0000000000
1746.0000000000 214.0000000000 2289.0000000000 0.0000000000
