14 4
-3163.0000000000 110.0000000000 -385.0000000000 259.0000000000
-1596.0000000000 1541.0000000000 -1695.0000000000 4196.0000000000
-3014.0000000000 8754.0000000000 -2848.0000000000 8765.0000000000
-2848.0000000000 8765.0000000000 -2695.0000000000 9397.0000000000
-2695.0000000000 9397.0000000000 -1836.0000000000 9447.0000000000
-1776.0000000000 10071.0000000000 -1525.0000000000 9626.0000000000
-1575.0000000000 12827.0000000000 678.0000000000 12939.0000000000
973.0000000000 9260.0000000000 1106.0000000000 9010.0000000000
611.0000000000 4350.0000000000 650.0000000000 3686.0000000000
786.0000000000 3698.0000000000 805.0000000000 3488.0000000000
703.0000000000 2820.0000000000 719.0000000000 2509.0000000000
575.0000000000 1881.0000000000 497.0000000000 1364.0000000000
497.0000000000 1364.0000000000 594.0000000000 431.0000000000
800.0000000000 323.0000000000 793.0000000000 0.0000000000
