36 4
-1789.0000000000 125.0000000000 -2013.0000000000 428.0000000000
-1360.0000000000 314.0000000000 -2066.0000000000 554.0000000000
-2056.0000000000 629.0000000000 -2320.0000000000 1131.0000000000
-2320.0000000000 1131.0000000000 -1578.0000000000 839.0000000000
-2410.0000000000 1336.0000000000 -2727.0000000000 2055.0000000000
-2727.0000000000 2055.0000000000 -2334.0000000000 2254.0000000000
-2334.0000000000 2254.0000000000 -2470.0000000000 2743.0000000000
-2470.0000000000 2743.0000000000 -2283.0000000000 2819.0000000000
-2283.0000000000 2819.0000000000 -2123.0000000000 2718.0000000000
-2123.0000000000 2718.0000000000 -2278.0000000000 3136.0000000000
-2278.0000000000 3136.0000000000 -2094.0000000000 3224.0000000000
-1533.0000000000 2453.0000000000 -1044.0000000000 1884.0000000000
-1044.0000000000 1884.0000000000 -638.0000000000 2087.0000000000
-1108.0000000000 3865.0000000000 -954.0000000000 3561.0000000000
-954.0000000000 3561.0000000000 -981.0000000000 3935.0000000000
-981.0000000000 3935.0000000000 -778.0000000000 4003.0000000000
-481.0000000000 2727.0000000000 -345.0000000000 2176.0000000000
-345.0000000000 2176.0000000000 -311.0000000000 2534.0000000000
-311.0000000000 2534.0000000000 -139.0000000000 2649.0000000000
-38.0000000000 1086.0000000000 95.0000000000 772.0000000000
95.0000000000 772.0000000000 300.0000000000 825.0000000000
300.0000000000 825.0000000000 392.0000000000 484.0000000000
392.0000000000 484.0000000000 837.0000000000 702.0000000000
2125.0000000000 1721.0000000000 2667.0000000000 1868.0000000000
4212.0000000000 2841.0000000000 3839.0000000000 2493.0000000000
3839.0000000000 2493.0000000000 4283.0000000000 2677.0000000000
4283.0000000000 2677.0000000000 4391.0000000000 2434.0000000000
5107.0000000000 2715.0000000000 5280.0000000000 2690.0000000000
5280.0000000000 2690.0000000000 5354.0000000000 2497.0000000000
5442.0000000000 2310.0000000000 5569.0000000000 2027.0000000000
5569.0000000000 2027.0000000000 5866.0000000000 2020.0000000000
5134.0000000000 1668.0000000000 5705.0000000000 1744.0000000000
5705.0000000000 1744.0000000000 5780.0000000000 1549.0000000000
6409.0000000000 1598.0000000000 5951.0000000000 1265.0000000000
3597.0000000000 634.0000000000 3158.0000000000 444.0000000000
2255.0000000000 158.0000000000 2382.0000000000 42.0000000000
