21 4
-2375.0000000000 0.0000000000 -2102.0000000000 892.0000000000
-2102.0000000000 892.0000000000 -1849.0000000000 823.0000000000
-1849.0000000000 823.0000000000 -1452.0000000000 2073.0000000000
-1452.0000000000 2073.0000000000 -1407.0000000000 2252.0000000000
-1407.0000000000 2252.0000000000 -1553.0000000000 2585.0000000000
-1553.0000000000 2585.0000000000 -1307.0000000000 3404.0000000000
-1307.0000000000 3404.0000000000 -1042.0000000000 3407.0000000000
-1042.0000000000 3407.0000000000 -858.0000000000 4038.0000000000
-858.0000000000 4038.0000000000 -270.0000000000 3858.0000000000
-270.0000000000 3858.0000000000 -77.0000000000 4436.0000000000
-0.0000000000 5189.0000000000 186.0000000000 5330.0000000000
186.0000000000 5330.0000000000 933.0000000000 7596.0000000000
933.0000000000 7596.0000000000 2958.0000000000 6968.0000000000
3079.0000000000 6916.0000000000 3113.0000000000 6675.0000000000
2474.0000000000 4856.0000000000 1977.0000000000 3163.0000000000
1977.0000000000 3163.0000000000 2735.0000000000 2933.0000000000
2735.0000000000 2933.0000000000 2568.0000000000 2313.0000000000
2568.0000000000 2313.0000000000 2786.0000000000 2177.0000000000
2786.0000000000 2177.0000000000 2524.0000000000 1342.0000000000
2524.0000000000 1342.0000000000 2185.0000000000 1113.0000000000
2185.0000000000 1113.0000000000 1871.0000000000 0.0000000000
