26 4
-1814.0000000000 0.0000000000 -1721.0000000000 151.0000000000
-1721.0000000000 151.0000000000 -2088.0000000000 256.0000000000
-1450.0000000000 204.0000000000 -1005.0000000000 159.0000000000
-1987.0000000000 350.0000000000 -2293.0000000000 446.0000000000
-2260.0000000000 563.0000000000 -2516.0000000000 721.0000000000
-1659.0000000000 774.0000000000 -1413.0000000000 751.0000000000
-1413.0000000000 751.0000000000 -1376.0000000000 928.0000000000
-875.0000000000 709.0000000000 -1225.0000000000 1103.0000000000
-1225.0000000000 1103.0000000000 -1104.0000000000 1315.0000000000
-1104.0000000000 1315.0000000000 -1332.0000000000 1644.0000000000
-1405.0000000000 1864.0000000000 -1107.0000000000 1704.0000000000
-1107.0000000000 1704.0000000000 -930.0000000000 1825.0000000000
-930.0000000000 1825.0000000000 -719.0000000000 1475.0000000000
-719.0000000000 1475.0000000000 14.0000000000 808.0000000000
14.0000000000 808.0000000000 230.0000000000 1080.0000000000
230.0000000000 1080.0000000000 709.0000000000 2472.0000000000
709.0000000000 2472.0000000000 1355.0000000000 2010.0000000000
1355.0000000000 2010.0000000000 1110.0000000000 1585.0000000000
1110.0000000000 1585.0000000000 1737.0000000000 2070.0000000000
1737.0000000000 2070.0000000000 1949.0000000000 1949.0000000000
1949.0000000000 1949.0000000000 2111.0000000000 2038.0000000000
2111.0000000000 2038.0000000000 2321.0000000000 1879.0000000000
2321.0000000000 1879.0000000000 2206.0000000000 1545.0000000000
2206.0000000000 1545.0000000000 2327.0000000000 1398.0000000000
2327.0000000000 1398.0000000000 2782.0000000000 1542.0000000000
1621.0000000000 622.0000000000 1170.0000000000 0.0000000000
