14 4
-660.0000000000 0.0000000000 -1864.0000000000 329.0000000000
-1763.0000000000 472.0000000000 -1393.0000000000 1012.0000000000
-1270.0000000000 1184.0000000000 -976.0000000000 943.0000000000
-2080.0000000000 2231.0000000000 -1755.0000000000 2507.0000000000
-1537.0000000000 2773.0000000000 -1271.0000000000 2606.0000000000
-1271.0000000000 2606.0000000000 -939.0000000000 2109.0000000000
-939.0000000000 2109.0000000000 -748.0000000000 2172.0000000000
-748.0000000000 2172.0000000000 -750.0000000000 2452.0000000000
-750.0000000000 2452.0000000000 931.0000000000 1330.0000000000
931.0000000000 1330.0000000000 877.0000000000 1083.0000000000
877.0000000000 1083.0000000000 1074.0000000000 1235.0000000000
1074.0000000000 1235.0000000000 826.0000000000 826.0000000000
826.0000000000 826.0000000000 1636.0000000000 288.0000000000
2614.0000000000 183.0000000000 2735.0000000000 48.0000000000
