10 4
-3104.0000000000 108.0000000000 -3615.0000000000 189.0000000000
-3615.0000000000 189.0000000000 -3378.0000000000 296.0000000000
-4735.0000000000 920.0000000000 -4681.0000000000 1081.0000000000
-4681.0000000000 1081.0000000000 -5046.0000000000 1352.0000000000
-5046.0000000000 1352.0000000000 -4589.0000000000 1316.0000000000
-4589.0000000000 1316.0000000000 -4994.0000000000 1527.0000000000
-4994.0000000000 1527.0000000000 -2967.0000000000 3414.0000000000
-1643.0000000000 2029.0000000000 -214.0000000000 558.0000000000
-214.0000000000 558.0000000000 -25.0000000000 725.0000000000
-25.0000000000 725.0000000000 676.0000000000 0.0000000000
