16 4
-560.0000000000 0.0000000000 294.0000000000 807.0000000000
1401.0000000000 2873.0000000000 1811.0000000000 3268.0000000000
2172.0000000000 3616.0000000000 2392.0000000000 3828.0000000000
2847.0000000000 3645.0000000000 3206.0000000000 3959.0000000000
3206.0000000000 3959.0000000000 3402.0000000000 3778.0000000000
3402.0000000000 3778.0000000000 3368.0000000000 3611.0000000000
2783.0000000000 2882.0000000000 2679.0000000000 2679.0000000000
2679.0000000000 2679.0000000000 2814.0000000000 2533.0000000000
2944.0000000000 2470.0000000000 3238.0000000000 2622.0000000000
3238.0000000000 2622.0000000000 2942.0000000000 2299.0000000000
2942.0000000000 2299.0000000000 3279.0000000000 1970.0000000000
4059.0000000000 2158.0000000000 3478.0000000000 1696.0000000000
3478.0000000000 1696.0000000000 3849.0000000000 1714.0000000000
2493.0000000000 1058.0000000000 2136.0000000000 454.0000000000
2136.0000000000 454.0000000000 2492.0000000000 131.0000000000
2492.0000000000 131.0000000000 2953.0000000000 103.0000000000
