19 4
-1870.0000000000 0.0000000000 -2162.0000000000 113.0000000000
-2162.0000000000 113.0000000000 -2427.0000000000 1184.0000000000
-2427.0000000000 1184.0000000000 -2195.0000000000 1268.0000000000
-2195.0000000000 1268.0000000000 -2350.0000000000 1903.0000000000
-2350.0000000000 1903.0000000000 -1775.0000000000 2042.0000000000
-1775.0000000000 2042.0000000000 -1901.0000000000 2617.0000000000
-1901.0000000000 2617.0000000000 -2160.0000000000 3084.0000000000
-2160.0000000000 3084.0000000000 -2133.0000000000 3550.0000000000
-2133.0000000000 3550.0000000000 -2680.0000000000 5747.0000000000
-2680.0000000000 5747.0000000000 -2517.0000000000 5929.0000000000
-2517.0000000000 5929.0000000000 -447.0000000000 6396.0000000000
-447.0000000000 6396.0000000000 -204.0000000000 5837.0000000000
-87.0000000000 4978.0000000000 508.0000000000 2612.0000000000
508.0000000000 2612.0000000000 1313.0000000000 2816.0000000000
1313.0000000000 2816.0000000000 1472.0000000000 2182.0000000000
1472.0000000000 2182.0000000000 1727.0000000000 2210.0000000000
1727.0000000000 2210.0000000000 1988.0000000000 1148.0000000000
1988.0000000000 1148.0000000000 1770.0000000000 981.0000000000
1770.0000000000 981.0000000000 2029.0000000000 0.0000000000
