20 4
-1358.0000000000 0.0000000000 -642.0000000000 1113.0000000000
-1081.0000000000 1950.0000000000 -975.0000000000 2090.0000000000
-975.0000000000 2090.0000000000 -1072.0000000000 2407.0000000000
-1072.0000000000 2407.0000000000 -847.0000000000 2771.0000000000
-847.0000000000 2771.0000000000 -518.0000000000 3271.0000000000
-518.0000000000 3271.0000000000 -278.0000000000 3172.0000000000
-278.0000000000 3172.0000000000 450.0000000000 4283.0000000000
616.0000000000 5017.0000000000 971.0000000000 5504.0000000000
971.0000000000 5504.0000000000 1145.0000000000 5388.0000000000
1145.0000000000 5388.0000000000 1466.0000000000 5881.0000000000
1466.0000000000 5881.0000000000 2390.0000000000 5369.0000000000
2738.0000000000 5871.0000000000 2634.0000000000 5401.0000000000
4450.0000000000 8028.0000000000 6471.0000000000 6701.0000000000
5723.0000000000 5527.0000000000 4341.0000000000 3392.0000000000
4341.0000000000 3392.0000000000 4531.0000000000 3172.0000000000
4531.0000000000 3172.0000000000 4281.0000000000 2780.0000000000
3614.0000000000 2258.0000000000 2846.0000000000 1093.0000000000
2846.0000000000 1093.0000000000 3071.0000000000 939.0000000000
3071.0000000000 939.0000000000 2501.0000000000 87.0000000000
2501.0000000000 87.0000000000 2149.0000000000 0.0000000000
