14 4
-1221.0000000000 0.0000000000 -1538.0000000000 560.0000000000
-1538.0000000000 560.0000000000 -1813.0000000000 696.0000000000
-1813.0000000000 696.0000000000 -2005.0000000000 978.0000000000
-2005.0000000000 978.0000000000 -2046.0000000000 1279.0000000000
-2046.0000000000 1279.0000000000 -3392.0000000000 3276.0000000000
-3392.0000000000 3276.0000000000 -1489.0000000000 4584.0000000000
-1489.0000000000 4584.0000000000 -898.0000000000 3888.0000000000
-898.0000000000 3888.0000000000 720.0000000000 1413.0000000000
720.0000000000 1413.0000000000 1443.0000000000 1847.0000000000
1443.0000000000 1847.0000000000 1801.0000000000 1308.0000000000
1801.0000000000 1308.0000000000 2056.0000000000 1387.0000000000
2056.0000000000 1387.0000000000 2630.0000000000 559.0000000000
2711.0000000000 429.0000000000 2504.0000000000 263.0000000000
2504.0000000000 263.0000000000 2683.0000000000 47.0000000000
