25 4
-3054.0000000000 0.0000000000 -2956.0000000000 363.0000000000
-2956.0000000000 363.0000000000 -2687.0000000000 378.0000000000
-2687.0000000000 378.0000000000 -2269.0000000000 1772.0000000000
-2269.0000000000 1772.0000000000 -2466.0000000000 1997.0000000000
-2466.0000000000 1997.0000000000 -2177.0000000000 2996.0000000000
-2177.0000000000 2996.0000000000 -1922.0000000000 2960.0000000000
-1922.0000000000 2960.0000000000 -1752.0000000000 3592.0000000000
-1752.0000000000 3592.0000000000 -964.0000000000 3362.0000000000
-964.0000000000 3362.0000000000 -754.0000000000 3025.0000000000
-754.0000000000 3025.0000000000 -614.0000000000 3157.0000000000
-614.0000000000 3157.0000000000 -635.0000000000 3601.0000000000
-635.0000000000 3601.0000000000 -536.0000000000 3384.0000000000
-536.0000000000 3384.0000000000 -352.0000000000 3345.0000000000
-352.0000000000 3345.0000000000 -145.0000000000 4153.0000000000
-107.0000000000 6130.0000000000 -0.0000000000 6478.0000000000
-0.0000000000 6478.0000000000 339.0000000000 6468.0000000000
369.0000000000 5275.0000000000 445.0000000000 5090.0000000000
445.0000000000 5090.0000000000 662.0000000000 5393.0000000000
891.0000000000 6340.0000000000 2799.0000000000 5738.0000000000
2799.0000000000 5738.0000000000 1709.0000000000 1966.0000000000
1709.0000000000 1966.0000000000 1937.0000000000 1807.0000000000
1937.0000000000 1807.0000000000 1899.0000000000 1651.0000000000
1899.0000000000 1651.0000000000 1657.0000000000 918.0000000000
1657.0000000000 918.0000000000 1339.0000000000 712.0000000000
1339.0000000000 712.0000000000 1146.0000000000 0.0000000000
