14 4
-1757.0000000000 0.0000000000 -1844.0000000000 259.0000000000
-1844.0000000000 259.0000000000 -1599.0000000000 340.0000000000
-1599.0000000000 340.0000000000 -1756.0000000000 973.0000000000
-1756.0000000000 973.0000000000 -932.0000000000 1193.0000000000
-932.0000000000 1193.0000000000 -685.0000000000 979.0000000000
-685.0000000000 979.0000000000 -723.0000000000 1203.0000000000
-567.0000000000 1215.0000000000 -618.0000000000 1455.0000000000
-618.0000000000 1455.0000000000 -454.0000000000 1486.0000000000
-1310.0000000000 4570.0000000000 1004.0000000000 5164.0000000000
1004.0000000000 5164.0000000000 2067.0000000000 1291.0000000000
2067.0000000000 1291.0000000000 2321.0000000000 1340.0000000000
2321.0000000000 1340.0000000000 2482.0000000000 759.0000000000
2482.0000000000 759.0000000000 2616.0000000000 183.0000000000
2616.0000000000 183.0000000000 2373.0000000000 83.0000000000
