12 4
-3500.0000000000 808.0000000000 -3323.0000000000 1209.0000000000
-868.0000000000 351.0000000000 -1293.0000000000 549.0000000000
-1293.0000000000 549.0000000000 -788.0000000000 419.0000000000
-788.0000000000 419.0000000000 -694.0000000000 719.0000000000
-2164.0000000000 2871.0000000000 -2187.0000000000 3368.0000000000
-2507.0000000000 4012.0000000000 -2607.0000000000 4339.0000000000
-2607.0000000000 4339.0000000000 -2376.0000000000 4287.0000000000
-1179.0000000000 2314.0000000000 -200.0000000000 2282.0000000000
-110.0000000000 1572.0000000000 503.0000000000 1245.0000000000
265.0000000000 624.0000000000 211.0000000000 301.0000000000
211.0000000000 301.0000000000 585.0000000000 338.0000000000
585.0000000000 338.0000000000 486.0000000000 0.0000000000
