25 4
-2132.0000000000 0.0000000000 -1602.0000000000 28.0000000000
-1602.0000000000 28.0000000000 -2090.0000000000 73.0000000000
-2090.0000000000 73.0000000000 -2033.0000000000 395.0000000000
-2022.0000000000 467.0000000000 -1547.0000000000 444.0000000000
-1547.0000000000 444.0000000000 -1420.0000000000 820.0000000000
-1420.0000000000 820.0000000000 -1855.0000000000 1205.0000000000
-1855.0000000000 1205.0000000000 -1816.0000000000 1369.0000000000
-1816.0000000000 1369.0000000000 -1619.0000000000 1311.0000000000
-1619.0000000000 1311.0000000000 -1976.0000000000 1908.0000000000
-1976.0000000000 1908.0000000000 -1724.0000000000 1849.0000000000
-1724.0000000000 1849.0000000000 -1636.0000000000 2252.0000000000
-1560.0000000000 2227.0000000000 -1842.0000000000 2948.0000000000
-1842.0000000000 2948.0000000000 -1545.0000000000 2571.0000000000
-849.0000000000 1471.0000000000 -359.0000000000 1342.0000000000
-359.0000000000 1342.0000000000 -334.0000000000 1571.0000000000
-539.0000000000 3403.0000000000 -451.0000000000 3673.0000000000
-64.0000000000 1842.0000000000 89.0000000000 1699.0000000000
89.0000000000 1699.0000000000 410.0000000000 1777.0000000000
1033.0000000000 4142.0000000000 1397.0000000000 4057.0000000000
1397.0000000000 4057.0000000000 1405.0000000000 3861.0000000000
1405.0000000000 3861.0000000000 1545.0000000000 4024.0000000000
1564.0000000000 3870.0000000000 1229.0000000000 2217.0000000000
670.0000000000 1160.0000000000 589.0000000000 781.0000000000
589.0000000000 781.0000000000 909.0000000000 710.0000000000
909.0000000000 710.0000000000 753.0000000000 0.0000000000
