27 4
-4877.0000000000 0.0000000000 -5707.0000000000 199.0000000000
-1732.0000000000 121.0000000000 -1633.0000000000 438.0000000000
-1633.0000000000 438.0000000000 -1093.0000000000 334.0000000000
-1093.0000000000 334.0000000000 -1606.0000000000 522.0000000000
-1606.0000000000 522.0000000000 -1516.0000000000 911.0000000000
-1427.0000000000 892.0000000000 -1465.0000000000 1104.0000000000
-1465.0000000000 1104.0000000000 -975.0000000000 789.0000000000
-957.0000000000 862.0000000000 -1397.0000000000 1397.0000000000
-1288.0000000000 1431.0000000000 -1269.0000000000 1881.0000000000
-1269.0000000000 1881.0000000000 -835.0000000000 1337.0000000000
-1229.0000000000 2045.0000000000 -983.0000000000 3024.0000000000
-983.0000000000 3024.0000000000 -567.0000000000 2914.0000000000
-567.0000000000 2914.0000000000 -413.0000000000 3364.0000000000
-413.0000000000 3364.0000000000 -174.0000000000 3319.0000000000
-174.0000000000 3319.0000000000 -111.0000000000 3167.0000000000
-111.0000000000 3167.0000000000 -0.0000000000 3567.0000000000
-0.0000000000 3567.0000000000 185.0000000000 3536.0000000000
225.0000000000 1829.0000000000 718.0000000000 1777.0000000000
1318.0000000000 3105.0000000000 1516.0000000000 3405.0000000000
1516.0000000000 3405.0000000000 1852.0000000000 3341.0000000000
1199.0000000000 2077.0000000000 976.0000000000 1624.0000000000
976.0000000000 1624.0000000000 1231.0000000000 1895.0000000000
1231.0000000000 1895.0000000000 1498.0000000000 1850.0000000000
1962.0000000000 2338.0000000000 2405.0000000000 2671.0000000000
535.0000000000 574.0000000000 454.0000000000 232.0000000000
454.0000000000 232.0000000000 775.0000000000 151.0000000000
775.0000000000 151.0000000000 534.0000000000 0.0000000000
