23 4
-2299.0000000000 0.0000000000 -2262.0000000000 522.0000000000
-2262.0000000000 522.0000000000 -1997.0000000000 535.0000000000
-1997.0000000000 535.0000000000 -1868.0000000000 1934.0000000000
-1868.0000000000 1934.0000000000 -2088.0000000000 2319.0000000000
-2088.0000000000 2319.0000000000 -2017.0000000000 3228.0000000000
-2017.0000000000 3228.0000000000 -1774.0000000000 3201.0000000000
-1774.0000000000 3201.0000000000 -1717.0000000000 3857.0000000000
-1717.0000000000 3857.0000000000 -1105.0000000000 3853.0000000000
-1105.0000000000 3853.0000000000 -1071.0000000000 4294.0000000000
-1151.0000000000 4987.0000000000 -965.0000000000 5476.0000000000
-965.0000000000 5476.0000000000 -786.0000000000 7474.0000000000
-786.0000000000 7474.0000000000 -675.0000000000 7721.0000000000
-675.0000000000 7721.0000000000 1464.0000000000 7534.0000000000
1464.0000000000 7534.0000000000 1551.0000000000 7299.0000000000
1363.0000000000 5465.0000000000 1247.0000000000 3621.0000000000
1247.0000000000 3621.0000000000 2050.0000000000 3552.0000000000
2050.0000000000 3552.0000000000 2014.0000000000 2876.0000000000
2014.0000000000 2876.0000000000 2250.0000000000 2778.0000000000
2250.0000000000 2778.0000000000 2142.0000000000 1929.0000000000
2142.0000000000 1929.0000000000 1874.0000000000 1629.0000000000
1874.0000000000 1629.0000000000 1769.0000000000 217.0000000000
1769.0000000000 217.0000000000 2018.0000000000 177.0000000000
2018.0000000000 177.0000000000 1993.0000000000 0.0000000000
