14 4
-655.0000000000 0.0000000000 -540.0000000000 1882.0000000000
-540.0000000000 1882.0000000000 -307.0000000000 1938.0000000000
-616.0000000000 4384.0000000000 -458.0000000000 4358.0000000000
-458.0000000000 4358.0000000000 -406.0000000000 4639.0000000000
-607.0000000000 8676.0000000000 -304.0000000000 8695.0000000000
-304.0000000000 8695.0000000000 -160.0000000000 9168.0000000000
148.0000000000 8495.0000000000 314.0000000000 8983.0000000000
314.0000000000 8983.0000000000 638.0000000000 9131.0000000000
638.0000000000 9131.0000000000 832.0000000000 9509.0000000000
832.0000000000 9509.0000000000 996.0000000000 9478.0000000000
690.0000000000 5623.0000000000 867.0000000000 6169.0000000000
526.0000000000 2476.0000000000 488.0000000000 1958.0000000000
488.0000000000 1958.0000000000 596.0000000000 1836.0000000000
596.0000000000 1836.0000000000 501.0000000000 0.0000000000
