18 4
-7457.0000000000 0.0000000000 -4801.0000000000 675.0000000000
-4801.0000000000 675.0000000000 -4845.0000000000 942.0000000000
-4845.0000000000 942.0000000000 -4272.0000000000 1065.0000000000
-3586.0000000000 961.0000000000 -2166.0000000000 1302.0000000000
-2166.0000000000 1302.0000000000 -2228.0000000000 1560.0000000000
-2228.0000000000 1560.0000000000 -1178.0000000000 1814.0000000000
-1178.0000000000 1814.0000000000 -966.0000000000 1607.0000000000
-966.0000000000 1607.0000000000 -379.0000000000 1784.0000000000
-379.0000000000 1784.0000000000 -190.0000000000 1198.0000000000
-190.0000000000 1198.0000000000 406.0000000000 1329.0000000000
406.0000000000 1329.0000000000 557.0000000000 1530.0000000000
557.0000000000 1530.0000000000 1124.0000000000 1666.0000000000
1195.0000000000 1530.0000000000 3506.0000000000 2107.0000000000
3506.0000000000 2107.0000000000 3681.0000000000 1957.0000000000
3681.0000000000 1957.0000000000 3447.0000000000 988.0000000000
3287.0000000000 759.0000000000 3495.0000000000 616.0000000000
3495.0000000000 616.0000000000 3997.0000000000 633.0000000000
3997.0000000000 633.0000000000 4136.0000000000 0.0000000000
