20 4
-3078.0000000000 0.0000000000 -2308.0000000000 662.0000000000
-2308.0000000000 662.0000000000 -1969.0000000000 602.0000000000
-1969.0000000000 602.0000000000 -979.0000000000 1397.0000000000
-979.0000000000 1397.0000000000 -842.0000000000 1518.0000000000
-842.0000000000 1518.0000000000 -937.0000000000 1761.0000000000
-937.0000000000 1761.0000000000 -43.0000000000 2463.0000000000
-43.0000000000 2463.0000000000 119.0000000000 2268.0000000000
119.0000000000 2268.0000000000 622.0000000000 2694.0000000000
622.0000000000 2694.0000000000 1168.0000000000 2024.0000000000
1168.0000000000 2024.0000000000 1126.0000000000 1670.0000000000
1126.0000000000 1670.0000000000 1490.0000000000 1840.0000000000
1490.0000000000 1840.0000000000 1629.0000000000 1687.0000000000
1629.0000000000 1687.0000000000 2336.0000000000 2256.0000000000
4050.0000000000 3776.0000000000 4219.0000000000 3540.0000000000
4219.0000000000 3540.0000000000 4150.0000000000 2799.0000000000
4150.0000000000 2799.0000000000 4362.0000000000 2833.0000000000
4362.0000000000 2833.0000000000 4551.0000000000 2628.0000000000
4551.0000000000 2628.0000000000 4983.0000000000 2650.0000000000
4983.0000000000 2650.0000000000 5597.0000000000 1819.0000000000
5597.0000000000 1819.0000000000 3310.0000000000 0.0000000000
