23 4
-1306.0000000000 0.0000000000 -1660.0000000000 204.0000000000
-2659.0000000000 374.0000000000 -2231.0000000000 1137.0000000000
-887.0000000000 512.0000000000 -1383.0000000000 831.0000000000
-1383.0000000000 831.0000000000 -814.0000000000 659.0000000000
-814.0000000000 659.0000000000 -1367.0000000000 1231.0000000000
-1557.0000000000 2224.0000000000 -1400.0000000000 2526.0000000000
-2171.0000000000 4260.0000000000 -1532.0000000000 3610.0000000000
-1532.0000000000 3610.0000000000 -1134.0000000000 4234.0000000000
-1003.0000000000 4344.0000000000 -833.0000000000 4722.0000000000
-694.0000000000 4937.0000000000 -0.0000000000 6039.0000000000
-0.0000000000 6039.0000000000 410.0000000000 5859.0000000000
410.0000000000 5859.0000000000 653.0000000000 6212.0000000000
642.0000000000 5232.0000000000 822.0000000000 5189.0000000000
822.0000000000 5189.0000000000 811.0000000000 4601.0000000000
579.0000000000 2980.0000000000 642.0000000000 2576.0000000000
642.0000000000 2576.0000000000 894.0000000000 2456.0000000000
894.0000000000 2456.0000000000 1129.0000000000 2659.0000000000
1129.0000000000 2659.0000000000 1819.0000000000 2246.0000000000
1331.0000000000 1285.0000000000 1122.0000000000 1046.0000000000
713.0000000000 518.0000000000 969.0000000000 606.0000000000
969.0000000000 606.0000000000 1240.0000000000 403.0000000000
4557.0000000000 1136.0000000000 4872.0000000000 947.0000000000
2021.0000000000 356.0000000000 1755.0000000000 0.0000000000
