22 4
-683.0000000000 0.0000000000 -661.0000000000 382.0000000000
-661.0000000000 382.0000000000 -443.0000000000 372.0000000000
-4267.0000000000 5086.0000000000 -4186.0000000000 5358.0000000000
-4275.0000000000 6106.0000000000 -4049.0000000000 6003.0000000000
-2870.0000000000 4777.0000000000 -2727.0000000000 4920.0000000000
-1362.0000000000 2561.0000000000 -983.0000000000 2561.0000000000
-983.0000000000 2561.0000000000 -938.0000000000 2886.0000000000
-938.0000000000 2886.0000000000 -654.0000000000 2832.0000000000
-654.0000000000 2832.0000000000 -614.0000000000 3157.0000000000
-920.0000000000 5218.0000000000 -862.0000000000 5445.0000000000
-998.0000000000 7103.0000000000 -624.0000000000 7136.0000000000
-624.0000000000 7136.0000000000 -534.0000000000 7643.0000000000
-534.0000000000 7643.0000000000 267.0000000000 7637.0000000000
267.0000000000 7637.0000000000 391.0000000000 7468.0000000000
391.0000000000 7468.0000000000 560.0000000000 8010.0000000000
436.0000000000 4145.0000000000 603.0000000000 4288.0000000000
603.0000000000 4288.0000000000 632.0000000000 3988.0000000000
901.0000000000 5110.0000000000 1083.0000000000 5093.0000000000
900.0000000000 3898.0000000000 997.0000000000 3723.0000000000
997.0000000000 3723.0000000000 1153.0000000000 3770.0000000000
400.0000000000 1233.0000000000 359.0000000000 427.0000000000
476.0000000000 493.0000000000 466.0000000000 0.0000000000
