24 4
-1290.0000000000 0.0000000000 -1257.0000000000 313.0000000000
-1257.0000000000 313.0000000000 -719.0000000000 206.0000000000
-719.0000000000 206.0000000000 -1259.0000000000 385.0000000000
-1259.0000000000 385.0000000000 -1140.0000000000 1063.0000000000
-1192.0000000000 1234.0000000000 -750.0000000000 863.0000000000
-1176.0000000000 1401.0000000000 -1122.0000000000 2025.0000000000
-1101.0000000000 2257.0000000000 -1046.0000000000 2875.0000000000
-1046.0000000000 2875.0000000000 -603.0000000000 2838.0000000000
-603.0000000000 2838.0000000000 -528.0000000000 3333.0000000000
-528.0000000000 3333.0000000000 -289.0000000000 3302.0000000000
-289.0000000000 3302.0000000000 -243.0000000000 3478.0000000000
-107.0000000000 2032.0000000000 246.0000000000 2005.0000000000
246.0000000000 2005.0000000000 467.0000000000 2947.0000000000
333.0000000000 1890.0000000000 792.0000000000 1865.0000000000
1259.0000000000 2367.0000000000 1124.0000000000 1800.0000000000
1124.0000000000 1800.0000000000 1415.0000000000 2098.0000000000
1415.0000000000 2098.0000000000 1600.0000000000 2123.0000000000
2384.0000000000 3051.0000000000 2633.0000000000 3029.0000000000
3147.0000000000 3495.0000000000 3344.0000000000 3463.0000000000
3607.0000000000 3484.0000000000 3885.0000000000 3377.0000000000
858.0000000000 720.0000000000 820.0000000000 348.0000000000
820.0000000000 348.0000000000 1178.0000000000 316.0000000000
1178.0000000000 316.0000000000 943.0000000000 218.0000000000
943.0000000000 218.0000000000 929.0000000000 0.0000000000
