29 4
-6750.0000000000 236.0000000000 -6343.0000000000 332.0000000000
-6343.0000000000 332.0000000000 -6320.0000000000 553.0000000000
-4574.0000000000 562.0000000000 -3985.0000000000 560.0000000000
-3985.0000000000 560.0000000000 -3802.0000000000 602.0000000000
-5012.0000000000 1065.0000000000 -3964.0000000000 988.0000000000
-3964.0000000000 988.0000000000 -4364.0000000000 1251.0000000000
-4364.0000000000 1251.0000000000 -3916.0000000000 1197.0000000000
-2325.0000000000 756.0000000000 -1558.0000000000 829.0000000000
-1558.0000000000 829.0000000000 -1525.0000000000 990.0000000000
-1525.0000000000 990.0000000000 -60.0000000000 1144.0000000000
-60.0000000000 1144.0000000000 125.0000000000 1193.0000000000
125.0000000000 1193.0000000000 168.0000000000 1365.0000000000
168.0000000000 1365.0000000000 224.0000000000 1151.0000000000
870.0000000000 4094.0000000000 1072.0000000000 2653.0000000000
1072.0000000000 2653.0000000000 911.0000000000 2045.0000000000
911.0000000000 2045.0000000000 1251.0000000000 2081.0000000000
1244.0000000000 1991.0000000000 1735.0000000000 2143.0000000000
1957.0000000000 2174.0000000000 2294.0000000000 2139.0000000000
1819.0000000000 1638.0000000000 2238.0000000000 1878.0000000000
2817.0000000000 2281.0000000000 3217.0000000000 2337.0000000000
3518.0000000000 2373.0000000000 3865.0000000000 2415.0000000000
3865.0000000000 2415.0000000000 3919.0000000000 1997.0000000000
3919.0000000000 1997.0000000000 4428.0000000000 1971.0000000000
4428.0000000000 1971.0000000000 4338.0000000000 1665.0000000000
4338.0000000000 1665.0000000000 4696.0000000000 1709.0000000000
4696.0000000000 1709.0000000000 4775.0000000000 1460.0000000000
3213.0000000000 861.0000000000 3277.0000000000 402.0000000000
5101.0000000000 536.0000000000 4910.0000000000 343.0000000000
1982.0000000000 104.0000000000 1804.0000000000 0.0000000000
