24 4
-2557.0000000000 0.0000000000 -2841.0000000000 349.0000000000
-2841.0000000000 349.0000000000 -3317.0000000000 525.0000000000
-3317.0000000000 525.0000000000 -3831.0000000000 1098.0000000000
-3831.0000000000 1098.0000000000 -3728.0000000000 1284.0000000000
-3728.0000000000 1284.0000000000 -4119.0000000000 1834.0000000000
-4119.0000000000 1834.0000000000 -3672.0000000000 2206.0000000000
-3672.0000000000 2206.0000000000 -3985.0000000000 2588.0000000000
-4657.0000000000 3141.0000000000 -4704.0000000000 3418.0000000000
-4704.0000000000 3418.0000000000 -5433.0000000000 4245.0000000000
-5919.0000000000 4793.0000000000 -6208.0000000000 5209.0000000000
-6119.0000000000 5319.0000000000 -4501.0000000000 6673.0000000000
-4501.0000000000 6673.0000000000 -4269.0000000000 6574.0000000000
-3005.0000000000 5001.0000000000 -1912.0000000000 3752.0000000000
-1912.0000000000 3752.0000000000 -1309.0000000000 4280.0000000000
-1309.0000000000 4280.0000000000 -810.0000000000 3810.0000000000
-810.0000000000 3810.0000000000 -623.0000000000 3935.0000000000
-623.0000000000 3935.0000000000 -117.0000000000 3337.0000000000
-117.0000000000 3337.0000000000 -0.0000000000 2826.0000000000
-0.0000000000 2826.0000000000 907.0000000000 1779.0000000000
907.0000000000 1779.0000000000 1141.0000000000 1899.0000000000
1141.0000000000 1899.0000000000 1918.0000000000 1020.0000000000
1918.0000000000 1020.0000000000 1731.0000000000 844.0000000000
1731.0000000000 844.0000000000 2170.0000000000 344.0000000000
2170.0000000000 344.0000000000 1775.0000000000 0.0000000000
