26 4
-1475.0000000000 0.0000000000 -2004.0000000000 317.0000000000
-2004.0000000000 317.0000000000 -3355.0000000000 1494.0000000000
-4181.0000000000 1950.0000000000 -4184.0000000000 2225.0000000000
-4184.0000000000 2225.0000000000 -4489.0000000000 2488.0000000000
-4981.0000000000 2876.0000000000 -5384.0000000000 3235.0000000000
-1249.0000000000 843.0000000000 -1011.0000000000 1085.0000000000
-953.0000000000 1136.0000000000 -571.0000000000 730.0000000000
-571.0000000000 730.0000000000 -905.0000000000 1200.0000000000
-905.0000000000 1200.0000000000 -642.0000000000 1511.0000000000
-586.0000000000 1451.0000000000 -486.0000000000 1694.0000000000
-486.0000000000 1694.0000000000 -270.0000000000 1083.0000000000
-291.0000000000 1838.0000000000 81.0000000000 2334.0000000000
218.0000000000 2489.0000000000 702.0000000000 3040.0000000000
702.0000000000 3040.0000000000 1069.0000000000 2786.0000000000
1069.0000000000 2786.0000000000 1385.0000000000 3110.0000000000
1385.0000000000 3110.0000000000 1588.0000000000 2986.0000000000
1688.0000000000 2925.0000000000 1873.0000000000 3118.0000000000
1873.0000000000 3118.0000000000 2075.0000000000 2964.0000000000
1598.0000000000 2120.0000000000 1277.0000000000 1469.0000000000
1277.0000000000 1469.0000000000 1656.0000000000 1160.0000000000
3251.0000000000 2193.0000000000 3509.0000000000 1945.0000000000
2276.0000000000 1210.0000000000 1867.0000000000 910.0000000000
2509.0000000000 1065.0000000000 3541.0000000000 1289.0000000000
3541.0000000000 1289.0000000000 3826.0000000000 1025.0000000000
4491.0000000000 1120.0000000000 4325.0000000000 999.0000000000
996.0000000000 212.0000000000 775.0000000000 0.0000000000
