12 4
-1129.0000000000 0.0000000000 -1150.0000000000 374.0000000000
-4181.0000000000 1440.0000000000 -337.0000000000 1732.0000000000
-337.0000000000 1732.0000000000 677.0000000000 1764.0000000000
677.0000000000 1764.0000000000 837.0000000000 1643.0000000000
3120.0000000000 4993.0000000000 3027.0000000000 4660.0000000000
3136.0000000000 4649.0000000000 3208.0000000000 3961.0000000000
3763.0000000000 4484.0000000000 4362.0000000000 4517.0000000000
2169.0000000000 2169.0000000000 2752.0000000000 2392.0000000000
2838.0000000000 2382.0000000000 2711.0000000000 2196.0000000000
1484.0000000000 1159.0000000000 1678.0000000000 892.0000000000
1678.0000000000 892.0000000000 4928.0000000000 1047.0000000000
4928.0000000000 1047.0000000000 4997.0000000000 0.0000000000
