21 4
-874.0000000000 0.0000000000 -974.0000000000 225.0000000000
-2874.0000000000 717.0000000000 -3014.0000000000 922.0000000000
-3014.0000000000 922.0000000000 -2630.0000000000 906.0000000000
-2630.0000000000 906.0000000000 -2798.0000000000 1074.0000000000
-3687.0000000000 1642.0000000000 -3374.0000000000 1573.0000000000
-4508.0000000000 2499.0000000000 -4716.0000000000 2723.0000000000
-4390.0000000000 2851.0000000000 -3168.0000000000 3281.0000000000
-2133.0000000000 2288.0000000000 -2047.0000000000 2440.0000000000
-2456.0000000000 3033.0000000000 -1941.0000000000 3230.0000000000
-1308.0000000000 2460.0000000000 -1630.0000000000 3342.0000000000
-1510.0000000000 3391.0000000000 -1627.0000000000 3832.0000000000
-1627.0000000000 3832.0000000000 -808.0000000000 4155.0000000000
-808.0000000000 4155.0000000000 29.0000000000 1678.0000000000
29.0000000000 1678.0000000000 2204.0000000000 2535.0000000000
1091.0000000000 1091.0000000000 1085.0000000000 848.0000000000
1182.0000000000 828.0000000000 1305.0000000000 449.0000000000
1305.0000000000 449.0000000000 810.0000000000 232.0000000000
810.0000000000 232.0000000000 1367.0000000000 291.0000000000
1367.0000000000 291.0000000000 819.0000000000 144.0000000000
819.0000000000 144.0000000000 1387.0000000000 220.0000000000
1387.0000000000 220.0000000000 1462.0000000000 0.0000000000
