16 4
-1291.0000000000 0.0000000000 -1229.0000000000 151.0000000000
-1229.0000000000 151.0000000000 -1629.0000000000 376.0000000000
-1629.0000000000 376.0000000000 -1271.0000000000 317.0000000000
-1271.0000000000 317.0000000000 -1179.0000000000 501.0000000000
-1179.0000000000 501.0000000000 -1581.0000000000 737.0000000000
-3958.0000000000 2105.0000000000 -2789.0000000000 4135.0000000000
-2789.0000000000 4135.0000000000 672.0000000000 2200.0000000000
672.0000000000 2200.0000000000 866.0000000000 2379.0000000000
866.0000000000 2379.0000000000 1366.0000000000 2103.0000000000
1366.0000000000 2103.0000000000 1907.0000000000 1778.0000000000
1907.0000000000 1778.0000000000 1789.0000000000 1555.0000000000
1789.0000000000 1555.0000000000 3053.0000000000 818.0000000000
3053.0000000000 818.0000000000 3472.0000000000 866.0000000000
3472.0000000000 866.0000000000 4217.0000000000 443.0000000000
4217.0000000000 443.0000000000 4105.0000000000 215.0000000000
4105.0000000000 215.0000000000 4473.0000000000 0.0000000000
