22 4
-4631.0000000000 324.0000000000 -4672.0000000000 491.0000000000
-4809.0000000000 676.0000000000 -3631.0000000000 1617.0000000000
-3449.0000000000 1757.0000000000 -2890.0000000000 1602.0000000000
-2890.0000000000 1602.0000000000 -2441.0000000000 1977.0000000000
-2228.0000000000 2151.0000000000 -2106.0000000000 2258.0000000000
-2106.0000000000 2258.0000000000 -2319.0000000000 2668.0000000000
-5114.0000000000 6546.0000000000 -5176.0000000000 6868.0000000000
-5176.0000000000 6868.0000000000 -4823.0000000000 7150.0000000000
-4823.0000000000 7150.0000000000 -4526.0000000000 6970.0000000000
-2639.0000000000 4391.0000000000 -2466.0000000000 4271.0000000000
-1594.0000000000 2998.0000000000 -1236.0000000000 2534.0000000000
-1089.0000000000 2565.0000000000 -61.0000000000 1158.0000000000
-61.0000000000 1158.0000000000 1961.0000000000 2907.0000000000
2648.0000000000 3782.0000000000 2846.0000000000 3642.0000000000
2846.0000000000 3642.0000000000 3411.0000000000 4065.0000000000
4466.0000000000 4960.0000000000 4932.0000000000 5288.0000000000
1085.0000000000 1085.0000000000 1262.0000000000 789.0000000000
1325.0000000000 705.0000000000 841.0000000000 410.0000000000
841.0000000000 410.0000000000 1377.0000000000 642.0000000000
1377.0000000000 642.0000000000 1578.0000000000 393.0000000000
1495.0000000000 345.0000000000 1781.0000000000 125.0000000000
1852.0000000000 32.0000000000 1323.0000000000 0.0000000000
