23 4
-3251.0000000000 0.0000000000 -3834.0000000000 885.0000000000
-3834.0000000000 885.0000000000 -4328.0000000000 1160.0000000000
-4328.0000000000 1160.0000000000 -4779.0000000000 1834.0000000000
-4779.0000000000 1834.0000000000 -4612.0000000000 1958.0000000000
-4612.0000000000 1958.0000000000 -4948.0000000000 2521.0000000000
-4948.0000000000 2521.0000000000 -4431.0000000000 2877.0000000000
-4431.0000000000 2877.0000000000 -3878.0000000000 2715.0000000000
-3878.0000000000 2715.0000000000 -4022.0000000000 2922.0000000000
-3931.0000000000 2962.0000000000 -4206.0000000000 3286.0000000000
-4206.0000000000 3286.0000000000 -3909.0000000000 3398.0000000000
-3909.0000000000 3398.0000000000 -4378.0000000000 4082.0000000000
-6035.0000000000 5828.0000000000 -5672.0000000000 6083.0000000000
-3073.0000000000 3413.0000000000 -2749.0000000000 3395.0000000000
-5099.0000000000 6526.0000000000 -3762.0000000000 7384.0000000000
-2424.0000000000 5445.0000000000 -1494.0000000000 4105.0000000000
-1494.0000000000 4105.0000000000 -1294.0000000000 4233.0000000000
-1294.0000000000 4233.0000000000 -1068.0000000000 3987.0000000000
-766.0000000000 3071.0000000000 -0.0000000000 1931.0000000000
-0.0000000000 1931.0000000000 280.0000000000 1989.0000000000
280.0000000000 1989.0000000000 892.0000000000 1101.0000000000
892.0000000000 1101.0000000000 737.0000000000 879.0000000000
737.0000000000 879.0000000000 1131.0000000000 346.0000000000
1131.0000000000 346.0000000000 623.0000000000 0.0000000000
