26 4
-4340.0000000000 0.0000000000 -4325.0000000000 227.0000000000
-2034.0000000000 142.0000000000 -2414.0000000000 296.0000000000
-2414.0000000000 296.0000000000 -2393.0000000000 641.0000000000
-2393.0000000000 641.0000000000 -1535.0000000000 559.0000000000
-2358.0000000000 1254.0000000000 -2320.0000000000 1506.0000000000
-2306.0000000000 1935.0000000000 -1933.0000000000 1680.0000000000
-1933.0000000000 1680.0000000000 -2179.0000000000 2032.0000000000
-2179.0000000000 2032.0000000000 -2015.0000000000 2015.0000000000
-1810.0000000000 2010.0000000000 -1367.0000000000 1952.0000000000
-965.0000000000 1431.0000000000 -532.0000000000 1385.0000000000
-532.0000000000 1385.0000000000 -484.0000000000 1688.0000000000
-514.0000000000 2225.0000000000 -401.0000000000 1888.0000000000
-401.0000000000 1888.0000000000 -163.0000000000 1862.0000000000
-163.0000000000 1862.0000000000 -116.0000000000 1657.0000000000
-116.0000000000 1657.0000000000 -32.0000000000 1854.0000000000
-32.0000000000 1854.0000000000 131.0000000000 1874.0000000000
49.0000000000 563.0000000000 120.0000000000 350.0000000000
120.0000000000 350.0000000000 543.0000000000 904.0000000000
543.0000000000 904.0000000000 485.0000000000 720.0000000000
1250.0000000000 1785.0000000000 1273.0000000000 1572.0000000000
1273.0000000000 1572.0000000000 1431.0000000000 1705.0000000000
1431.0000000000 1705.0000000000 1790.0000000000 1670.0000000000
1790.0000000000 1670.0000000000 1796.0000000000 1305.0000000000
1796.0000000000 1305.0000000000 2434.0000000000 1581.0000000000
1539.0000000000 962.0000000000 1824.0000000000 700.0000000000
609.0000000000 186.0000000000 479.0000000000 0.0000000000
