18 4
-1706.0000000000 0.0000000000 -1885.0000000000 165.0000000000
-1885.0000000000 165.0000000000 -1494.0000000000 634.0000000000
-1494.0000000000 634.0000000000 -1907.0000000000 1014.0000000000
-2612.0000000000 1448.0000000000 -2629.0000000000 1643.0000000000
-2629.0000000000 1643.0000000000 -3263.0000000000 2201.0000000000
-4272.0000000000 3104.0000000000 -4313.0000000000 3370.0000000000
-4313.0000000000 3370.0000000000 -2858.0000000000 4951.0000000000
-2858.0000000000 4951.0000000000 -2363.0000000000 4638.0000000000
-2363.0000000000 4638.0000000000 83.0000000000 2374.0000000000
83.0000000000 2374.0000000000 639.0000000000 3006.0000000000
639.0000000000 3006.0000000000 1092.0000000000 2572.0000000000
1092.0000000000 2572.0000000000 1328.0000000000 2722.0000000000
1328.0000000000 2722.0000000000 2217.0000000000 1927.0000000000
2217.0000000000 1927.0000000000 2061.0000000000 1730.0000000000
2061.0000000000 1730.0000000000 3120.0000000000 778.0000000000
3120.0000000000 778.0000000000 3537.0000000000 752.0000000000
3537.0000000000 752.0000000000 4225.0000000000 148.0000000000
4225.0000000000 148.0000000000 4103.0000000000 0.0000000000
