19 4
-3726.0000000000 0.0000000000 -421.0000000000 558.0000000000
-421.0000000000 558.0000000000 -422.0000000000 762.0000000000
-1353.0000000000 2546.0000000000 -1642.0000000000 4278.0000000000
-2065.0000000000 5674.0000000000 -1952.0000000000 6008.0000000000
-2419.0000000000 9029.0000000000 -1935.0000000000 9103.0000000000
-2629.0000000000 14908.0000000000 -531.0000000000 15213.0000000000
-199.0000000000 11390.0000000000 194.0000000000 11094.0000000000
498.0000000000 9501.0000000000 1182.0000000000 9626.0000000000
1182.0000000000 9626.0000000000 1426.0000000000 9004.0000000000
1426.0000000000 9004.0000000000 1589.0000000000 9012.0000000000
1589.0000000000 9012.0000000000 1698.0000000000 8737.0000000000
1685.0000000000 7297.0000000000 1738.0000000000 6970.0000000000
925.0000000000 3452.0000000000 1014.0000000000 3119.0000000000
1014.0000000000 3119.0000000000 1266.0000000000 3298.0000000000
1266.0000000000 3298.0000000000 1439.0000000000 2706.0000000000
417.0000000000 752.0000000000 1905.0000000000 929.0000000000
1905.0000000000 929.0000000000 2024.0000000000 177.0000000000
8860.0000000000 620.0000000000 8918.0000000000 156.0000000000
8918.0000000000 156.0000000000 8524.0000000000 0.0000000000
