17 4
-4090.0000000000 0.0000000000 -4445.0000000000 78.0000000000
-9280.0000000000 1304.0000000000 -9180.0000000000 1784.0000000000
-14445.0000000000 4693.0000000000 -14260.0000000000 5474.0000000000
-10524.0000000000 4252.0000000000 -10626.0000000000 4511.0000000000
-8734.0000000000 4073.0000000000 -8601.0000000000 4195.0000000000
-8601.0000000000 4195.0000000000 -8433.0000000000 4869.0000000000
-8433.0000000000 4869.0000000000 -7913.0000000000 4754.0000000000
-7913.0000000000 4754.0000000000 -7668.0000000000 4980.0000000000
-6573.0000000000 4433.0000000000 -5898.0000000000 4285.0000000000
-2876.0000000000 2167.0000000000 -2530.0000000000 2123.0000000000
-2530.0000000000 2123.0000000000 -2601.0000000000 2426.0000000000
-2601.0000000000 2426.0000000000 -2072.0000000000 2302.0000000000
-579.0000000000 666.0000000000 -185.0000000000 2110.0000000000
-185.0000000000 2110.0000000000 588.0000000000 1922.0000000000
2741.0000000000 8436.0000000000 3192.0000000000 8314.0000000000
3192.0000000000 8314.0000000000 3249.0000000000 8041.0000000000
2896.0000000000 6504.0000000000 1436.0000000000 0.0000000000
