10 4
-709.0000000000 0.0000000000 -987.0000000000 2216.0000000000
-987.0000000000 2216.0000000000 -226.0000000000 3233.0000000000
-483.0000000000 13842.0000000000 -241.0000000000 13817.0000000000
363.0000000000 6933.0000000000 555.0000000000 6346.0000000000
555.0000000000 6346.0000000000 977.0000000000 3006.0000000000
977.0000000000 3006.0000000000 1135.0000000000 2957.0000000000
1135.0000000000 2957.0000000000 1549.0000000000 3479.0000000000
1549.0000000000 3479.0000000000 1868.0000000000 3666.0000000000
1126.0000000000 2118.0000000000 1227.0000000000 1363.0000000000
523.0000000000 561.0000000000 572.0000000000 0.0000000000
