11 4
-929.0000000000 0.0000000000 -1105.0000000000 1105.0000000000
-1105.0000000000 1105.0000000000 -380.0000000000 2156.0000000000
-1359.0000000000 12930.0000000000 -848.0000000000 12128.0000000000
-848.0000000000 12128.0000000000 -636.0000000000 12129.0000000000
-0.0000000000 5670.0000000000 186.0000000000 5339.0000000000
186.0000000000 5339.0000000000 855.0000000000 1920.0000000000
963.0000000000 1890.0000000000 1611.0000000000 2681.0000000000
1758.0000000000 2706.0000000000 1555.0000000000 2305.0000000000
1555.0000000000 2305.0000000000 1994.0000000000 2745.0000000000
1994.0000000000 2745.0000000000 2561.0000000000 2845.0000000000
1035.0000000000 1110.0000000000 1209.0000000000 0.0000000000
