22 4
-638.0000000000 0.0000000000 -636.0000000000 367.0000000000
-636.0000000000 367.0000000000 -397.0000000000 441.0000000000
-397.0000000000 441.0000000000 -0.0000000000 0.0000000000
-4420.0000000000 5267.0000000000 -4439.0000000000 5482.0000000000
-1055.0000000000 1350.0000000000 -932.0000000000 1491.0000000000
-2954.0000000000 4917.0000000000 -2819.0000000000 5085.0000000000
-1574.0000000000 2960.0000000000 -1033.0000000000 2999.0000000000
-1033.0000000000 2999.0000000000 -1037.0000000000 4160.0000000000
-768.0000000000 4357.0000000000 -540.0000000000 4397.0000000000
-540.0000000000 4397.0000000000 -406.0000000000 4645.0000000000
-406.0000000000 4645.0000000000 -242.0000000000 4620.0000000000
-228.0000000000 6527.0000000000 114.0000000000 6520.0000000000
274.0000000000 7846.0000000000 394.0000000000 7523.0000000000
394.0000000000 7523.0000000000 534.0000000000 7638.0000000000
534.0000000000 7638.0000000000 627.0000000000 7162.0000000000
689.0000000000 6554.0000000000 854.0000000000 6953.0000000000
985.0000000000 6219.0000000000 1058.0000000000 6001.0000000000
1058.0000000000 6001.0000000000 1270.0000000000 5976.0000000000
1922.0000000000 7707.0000000000 2109.0000000000 7870.0000000000
2109.0000000000 7870.0000000000 2143.0000000000 7473.0000000000
372.0000000000 1216.0000000000 382.0000000000 472.0000000000
508.0000000000 383.0000000000 512.0000000000 0.0000000000
