24 4
-4283.0000000000 375.0000000000 -4103.0000000000 431.0000000000
-4227.0000000000 519.0000000000 -4193.0000000000 739.0000000000
-2849.0000000000 554.0000000000 -2792.0000000000 1016.0000000000
-3899.0000000000 1575.0000000000 -3554.0000000000 1582.0000000000
-3507.0000000000 1711.0000000000 -3634.0000000000 1852.0000000000
-3634.0000000000 1852.0000000000 -2502.0000000000 1563.0000000000
-2502.0000000000 1563.0000000000 -2766.0000000000 1796.0000000000
-2758.0000000000 2004.0000000000 -2011.0000000000 1687.0000000000
-2011.0000000000 1687.0000000000 -1765.0000000000 2030.0000000000
-2227.0000000000 2654.0000000000 -2198.0000000000 2813.0000000000
-2591.0000000000 3439.0000000000 -2134.0000000000 3287.0000000000
-1705.0000000000 2729.0000000000 -1942.0000000000 3232.0000000000
-1860.0000000000 3222.0000000000 -1745.0000000000 3578.0000000000
-1281.0000000000 2748.0000000000 -731.0000000000 2548.0000000000
-731.0000000000 2548.0000000000 -457.0000000000 3254.0000000000
-457.0000000000 3254.0000000000 715.0000000000 2869.0000000000
715.0000000000 2869.0000000000 658.0000000000 2295.0000000000
658.0000000000 2295.0000000000 853.0000000000 2222.0000000000
979.0000000000 2200.0000000000 1255.0000000000 2691.0000000000
1255.0000000000 2691.0000000000 1235.0000000000 2228.0000000000
1235.0000000000 2228.0000000000 2049.0000000000 1978.0000000000
2049.0000000000 1978.0000000000 2485.0000000000 2317.0000000000
2485.0000000000 2317.0000000000 3271.0000000000 2044.0000000000
3271.0000000000 2044.0000000000 2641.0000000000 0.0000000000
