28 4
-2352.0000000000 0.0000000000 -2413.0000000000 647.0000000000
-2413.0000000000 647.0000000000 -2849.0000000000 817.0000000000
-2849.0000000000 817.0000000000 -2919.0000000000 1754.0000000000
-2919.0000000000 1754.0000000000 -447.0000000000 1936.0000000000
-447.0000000000 1936.0000000000 -434.0000000000 2233.0000000000
-434.0000000000 2233.0000000000 -300.0000000000 1892.0000000000
-300.0000000000 1892.0000000000 -321.0000000000 2284.0000000000
-730.0000000000 8339.0000000000 -617.0000000000 8822.0000000000
-617.0000000000 8822.0000000000 -155.0000000000 8857.0000000000
-0.0000000000 15715.0000000000 550.0000000000 15749.0000000000
529.0000000000 5036.0000000000 583.0000000000 4149.0000000000
434.0000000000 2742.0000000000 950.0000000000 2758.0000000000
950.0000000000 2758.0000000000 841.0000000000 2310.0000000000
841.0000000000 2310.0000000000 1060.0000000000 2761.0000000000
1060.0000000000 2761.0000000000 1312.0000000000 2691.0000000000
1146.0000000000 2156.0000000000 993.0000000000 1792.0000000000
1126.0000000000 1734.0000000000 2133.0000000000 2830.0000000000
2133.0000000000 2830.0000000000 1816.0000000000 2242.0000000000
2387.0000000000 2844.0000000000 3409.0000000000 2860.0000000000
3409.0000000000 2860.0000000000 3422.0000000000 2579.0000000000
3422.0000000000 2579.0000000000 3030.0000000000 2201.0000000000
3030.0000000000 2201.0000000000 3918.0000000000 2448.0000000000
3918.0000000000 2448.0000000000 3911.0000000000 2080.0000000000
2632.0000000000 1341.0000000000 2698.0000000000 877.0000000000
2698.0000000000 877.0000000000 4106.0000000000 1100.0000000000
4106.0000000000 1100.0000000000 4503.0000000000 1039.0000000000
1352.0000000000 287.0000000000 1193.0000000000 232.0000000000
1193.0000000000 232.0000000000 1190.0000000000 0.0000000000
