28 4
-3295.0000000000 173.0000000000 -3516.0000000000 494.0000000000
-3516.0000000000 494.0000000000 -4089.0000000000 648.0000000000
-4089.0000000000 648.0000000000 -3765.0000000000 800.0000000000
-3090.0000000000 713.0000000000 -3591.0000000000 895.0000000000
-3591.0000000000 895.0000000000 -3652.0000000000 1257.0000000000
-2766.0000000000 1007.0000000000 -2238.0000000000 1241.0000000000
-2238.0000000000 1241.0000000000 -2552.0000000000 1923.0000000000
-2552.0000000000 1923.0000000000 -1427.0000000000 2473.0000000000
-1427.0000000000 2473.0000000000 -1069.0000000000 2011.0000000000
-1069.0000000000 2011.0000000000 -790.0000000000 2171.0000000000
-790.0000000000 2171.0000000000 -889.0000000000 2735.0000000000
-889.0000000000 2735.0000000000 -682.0000000000 2380.0000000000
-682.0000000000 2380.0000000000 -309.0000000000 2514.0000000000
-309.0000000000 2514.0000000000 145.0000000000 2761.0000000000
145.0000000000 2761.0000000000 230.0000000000 3295.0000000000
230.0000000000 3295.0000000000 975.0000000000 3639.0000000000
975.0000000000 3639.0000000000 2063.0000000000 1392.0000000000
2191.0000000000 1423.0000000000 2079.0000000000 1249.0000000000
2079.0000000000 1249.0000000000 2501.0000000000 1444.0000000000
7585.0000000000 4033.0000000000 8409.0000000000 4101.0000000000
8409.0000000000 4101.0000000000 8619.0000000000 3658.0000000000
15034.0000000000 6074.0000000000 15271.0000000000 5558.0000000000
3183.0000000000 913.0000000000 3325.0000000000 467.0000000000
3325.0000000000 467.0000000000 3035.0000000000 373.0000000000
3035.0000000000 373.0000000000 3376.0000000000 355.0000000000
3376.0000000000 355.0000000000 3430.0000000000 180.0000000000
2725.0000000000 95.0000000000 3003.0000000000 52.0000000000
3003.0000000000 52.0000000000 2446.0000000000 0.0000000000
