24 4
-2701.0000000000 0.0000000000 -2680.0000000000 377.0000000000
-2680.0000000000 377.0000000000 -2931.0000000000 517.0000000000
-2931.0000000000 517.0000000000 -2947.0000000000 1015.0000000000
-2947.0000000000 1015.0000000000 -2930.0000000000 1624.0000000000
-2930.0000000000 1624.0000000000 -2683.0000000000 1742.0000000000
-2683.0000000000 1742.0000000000 -2687.0000000000 2255.0000000000
-2687.0000000000 2255.0000000000 -1616.0000000000 2308.0000000000
-1616.0000000000 2308.0000000000 -1610.0000000000 3160.0000000000
-1610.0000000000 3160.0000000000 -1474.0000000000 3023.0000000000
-1474.0000000000 3023.0000000000 -1287.0000000000 3032.0000000000
-1287.0000000000 3032.0000000000 -1292.0000000000 3366.0000000000
-1848.0000000000 5076.0000000000 -1820.0000000000 5603.0000000000
-1729.0000000000 5654.0000000000 -397.0000000000 5675.0000000000
-407.0000000000 7773.0000000000 135.0000000000 7728.0000000000
135.0000000000 7728.0000000000 517.0000000000 7391.0000000000
490.0000000000 5598.0000000000 751.0000000000 5343.0000000000
751.0000000000 5343.0000000000 847.0000000000 4802.0000000000
847.0000000000 4802.0000000000 987.0000000000 5078.0000000000
987.0000000000 5078.0000000000 1112.0000000000 4818.0000000000
1112.0000000000 4818.0000000000 1102.0000000000 1697.0000000000
1102.0000000000 1697.0000000000 1374.0000000000 1526.0000000000
1374.0000000000 1526.0000000000 1365.0000000000 524.0000000000
1365.0000000000 524.0000000000 1105.0000000000 402.0000000000
1105.0000000000 402.0000000000 1126.0000000000 0.0000000000
