16 4
-1135.0000000000 0.0000000000 -459.0000000000 1137.0000000000
-459.0000000000 1137.0000000000 -739.0000000000 2274.0000000000
-1206.0000000000 4207.0000000000 -1173.0000000000 4378.0000000000
-2033.0000000000 10461.0000000000 -1895.0000000000 10744.0000000000
-1829.0000000000 11546.0000000000 -1636.0000000000 11641.0000000000
-1335.0000000000 10874.0000000000 -1160.0000000000 11036.0000000000
-348.0000000000 4978.0000000000 -76.0000000000 4360.0000000000
-76.0000000000 4360.0000000000 773.0000000000 954.0000000000
1754.0000000000 1816.0000000000 4452.0000000000 2468.0000000000
5734.0000000000 3049.0000000000 5786.0000000000 2822.0000000000
5786.0000000000 2822.0000000000 6255.0000000000 2917.0000000000
8405.0000000000 3568.0000000000 9074.0000000000 3483.0000000000
9074.0000000000 3483.0000000000 9148.0000000000 3150.0000000000
9148.0000000000 3150.0000000000 9293.0000000000 3019.0000000000
15033.0000000000 3748.0000000000 15112.0000000000 3489.0000000000
15165.0000000000 2948.0000000000 15301.0000000000 2423.0000000000
