14 4
-675.0000000000 0.0000000000 -692.0000000000 308.0000000000
-7463.0000000000 3480.0000000000 -5980.0000000000 3453.0000000000
-3310.0000000000 2068.0000000000 -2963.0000000000 2075.0000000000
-2963.0000000000 2075.0000000000 -3029.0000000000 2367.0000000000
-3029.0000000000 2367.0000000000 -2469.0000000000 2385.0000000000
-2469.0000000000 2385.0000000000 -2336.0000000000 2688.0000000000
-2336.0000000000 2688.0000000000 -1818.0000000000 2695.0000000000
-732.0000000000 1127.0000000000 -649.0000000000 2602.0000000000
-649.0000000000 2602.0000000000 136.0000000000 2604.0000000000
659.0000000000 9418.0000000000 1320.0000000000 9395.0000000000
1320.0000000000 9395.0000000000 1410.0000000000 8904.0000000000
1398.0000000000 7191.0000000000 1427.0000000000 6715.0000000000
1396.0000000000 6045.0000000000 1401.0000000000 714.0000000000
1401.0000000000 714.0000000000 723.0000000000 0.0000000000
