12 4
-8783.0000000000 0.0000000000 -8670.0000000000 606.0000000000
-904.0000000000 79.0000000000 -687.0000000000 171.0000000000
-8351.0000000000 2238.0000000000 -7656.0000000000 5562.0000000000
-7356.0000000000 6624.0000000000 -7067.0000000000 9045.0000000000
-0.0000000000 5469.0000000000 392.0000000000 5602.0000000000
392.0000000000 5602.0000000000 442.0000000000 5052.0000000000
263.0000000000 1659.0000000000 1549.0000000000 1444.0000000000
1549.0000000000 1444.0000000000 1797.0000000000 1508.0000000000
3828.0000000000 3100.0000000000 4165.0000000000 3026.0000000000
3132.0000000000 2193.0000000000 2694.0000000000 1619.0000000000
1796.0000000000 1037.0000000000 1296.0000000000 718.0000000000
1296.0000000000 718.0000000000 1144.0000000000 0.0000000000
