18 4
-8744.0000000000 0.0000000000 -9387.0000000000 987.0000000000
-12136.0000000000 15533.0000000000 -10124.0000000000 16848.0000000000
-10124.0000000000 16848.0000000000 -9707.0000000000 17513.0000000000
-9707.0000000000 17513.0000000000 -9572.0000000000 18002.0000000000
-10259.0000000000 22002.0000000000 -9835.0000000000 22090.0000000000
-8745.0000000000 28605.0000000000 -8187.0000000000 28550.0000000000
-3287.0000000000 16910.0000000000 -2934.0000000000 16642.0000000000
-2934.0000000000 16642.0000000000 -1448.0000000000 16555.0000000000
-1448.0000000000 16555.0000000000 -0.0000000000 16904.0000000000
282.0000000000 8075.0000000000 431.0000000000 8226.0000000000
350.0000000000 5012.0000000000 538.0000000000 4382.0000000000
538.0000000000 4382.0000000000 951.0000000000 3814.0000000000
951.0000000000 3814.0000000000 1705.0000000000 4221.0000000000
1862.0000000000 3992.0000000000 2129.0000000000 4179.0000000000
8297.0000000000 15604.0000000000 9206.0000000000 15321.0000000000
9206.0000000000 15321.0000000000 11874.0000000000 15198.0000000000
2747.0000000000 1853.0000000000 2795.0000000000 1680.0000000000
929.0000000000 494.0000000000 1201.0000000000 0.0000000000
