32 4
-12850.0000000000 899.0000000000 -12822.0000000000 1122.0000000000
-17357.0000000000 4327.0000000000 -16328.0000000000 5305.0000000000
-16328.0000000000 5305.0000000000 -15957.0000000000 5808.0000000000
-15957.0000000000 5808.0000000000 -15761.0000000000 6368.0000000000
-15761.0000000000 6368.0000000000 -15747.0000000000 7011.0000000000
-17103.0000000000 10687.0000000000 -16346.0000000000 11026.0000000000
-16346.0000000000 11026.0000000000 -16245.0000000000 11375.0000000000
-9197.0000000000 6682.0000000000 -8630.0000000000 6743.0000000000
-7625.0000000000 6866.0000000000 -6735.0000000000 7223.0000000000
-6152.0000000000 7597.0000000000 -5232.0000000000 8056.0000000000
-5232.0000000000 8056.0000000000 -4028.0000000000 8258.0000000000
-4028.0000000000 8258.0000000000 -3902.0000000000 8368.0000000000
-4582.0000000000 10291.0000000000 -4387.0000000000 10335.0000000000
-3790.0000000000 10413.0000000000 -3536.0000000000 10269.0000000000
-3536.0000000000 10269.0000000000 -3399.0000000000 10460.0000000000
-2241.0000000000 7329.0000000000 -1946.0000000000 7261.0000000000
-1946.0000000000 7261.0000000000 -1727.0000000000 7480.0000000000
-2960.0000000000 21065.0000000000 -2223.0000000000 21152.0000000000
-1517.0000000000 17336.0000000000 -875.0000000000 16697.0000000000
-875.0000000000 16697.0000000000 -594.0000000000 17014.0000000000
-594.0000000000 17014.0000000000 -0.0000000000 16968.0000000000
329.0000000000 9431.0000000000 778.0000000000 8892.0000000000
778.0000000000 8892.0000000000 927.0000000000 8815.0000000000
927.0000000000 8815.0000000000 1105.0000000000 9003.0000000000
1105.0000000000 9003.0000000000 1254.0000000000 8922.0000000000
1254.0000000000 8922.0000000000 1507.0000000000 8548.0000000000
1507.0000000000 8548.0000000000 2266.0000000000 7903.0000000000
3076.0000000000 7614.0000000000 5761.0000000000 7929.0000000000
9596.0000000000 12283.0000000000 9759.0000000000 11630.0000000000
8574.0000000000 9863.0000000000 8764.0000000000 9075.0000000000
9522.0000000000 2374.0000000000 9540.0000000000 2202.0000000000
9540.0000000000 2202.0000000000 9377.0000000000 1993.0000000000
