16 4
-10136.0000000000 0.0000000000 -13375.0000000000 5677.0000000000
-4297.0000000000 6616.0000000000 -4255.0000000000 6809.0000000000
-4192.0000000000 7262.0000000000 -3185.0000000000 7884.0000000000
-2197.0000000000 6038.0000000000 -1486.0000000000 6436.0000000000
-1486.0000000000 6436.0000000000 -1184.0000000000 6089.0000000000
-707.0000000000 4007.0000000000 -393.0000000000 3203.0000000000
-257.0000000000 2441.0000000000 -180.0000000000 2053.0000000000
-180.0000000000 2053.0000000000 62.0000000000 1775.0000000000
62.0000000000 1775.0000000000 1950.0000000000 3120.0000000000
2503.0000000000 3854.0000000000 2679.0000000000 3972.0000000000
7430.0000000000 10227.0000000000 7824.0000000000 10383.0000000000
8423.0000000000 9690.0000000000 8291.0000000000 9208.0000000000
9049.0000000000 9704.0000000000 9122.0000000000 9446.0000000000
7977.0000000000 4065.0000000000 8085.0000000000 3943.0000000000
6462.0000000000 2877.0000000000 6969.0000000000 2816.0000000000
12956.0000000000 1821.0000000000 13054.0000000000 1603.0000000000
