11 4
-8956.0000000000 626.0000000000 -8657.0000000000 7264.0000000000
-1065.0000000000 8674.0000000000 -899.0000000000 8554.0000000000
-899.0000000000 8554.0000000000 -617.0000000000 8828.0000000000
-617.0000000000 8828.0000000000 -434.0000000000 8290.0000000000
-84.0000000000 4821.0000000000 679.0000000000 4833.0000000000
463.0000000000 2923.0000000000 447.0000000000 2299.0000000000
447.0000000000 2299.0000000000 1236.0000000000 2230.0000000000
787.0000000000 1364.0000000000 764.0000000000 535.0000000000
764.0000000000 535.0000000000 1467.0000000000 477.0000000000
1467.0000000000 477.0000000000 1166.0000000000 334.0000000000
1166.0000000000 334.0000000000 1118.0000000000 0.0000000000
