21 4
-9438.0000000000 165.0000000000 -9433.0000000000 329.0000000000
-2832.0000000000 198.0000000000 -3013.0000000000 264.0000000000
-3013.0000000000 264.0000000000 -1890.0000000000 266.0000000000
-4057.0000000000 1979.0000000000 -1891.0000000000 1958.0000000000
-5938.0000000000 6831.0000000000 -5617.0000000000 7190.0000000000
-5617.0000000000 7190.0000000000 -4834.0000000000 7166.0000000000
-4248.0000000000 6798.0000000000 -3456.0000000000 6782.0000000000
-1140.0000000000 2561.0000000000 -945.0000000000 2596.0000000000
-945.0000000000 2596.0000000000 -802.0000000000 2795.0000000000
-1910.0000000000 7129.0000000000 -1680.0000000000 6737.0000000000
-1680.0000000000 6737.0000000000 -707.0000000000 6722.0000000000
-597.0000000000 8543.0000000000 446.0000000000 8513.0000000000
448.0000000000 5115.0000000000 497.0000000000 4732.0000000000
497.0000000000 4732.0000000000 1069.0000000000 3989.0000000000
1069.0000000000 3989.0000000000 1300.0000000000 4251.0000000000
1300.0000000000 4251.0000000000 2246.0000000000 4224.0000000000
2246.0000000000 4224.0000000000 2214.0000000000 3685.0000000000
2214.0000000000 3685.0000000000 2451.0000000000 3774.0000000000
2451.0000000000 3774.0000000000 2837.0000000000 4206.0000000000
2837.0000000000 4206.0000000000 4144.0000000000 4144.0000000000
1811.0000000000 1748.0000000000 1717.0000000000 0.0000000000
