35 4
-4852.0000000000 0.0000000000 -4047.0000000000 212.0000000000
-3191.0000000000 223.0000000000 -2992.0000000000 262.0000000000
-2992.0000000000 262.0000000000 -3057.0000000000 650.0000000000
-4295.0000000000 992.0000000000 -4142.0000000000 1110.0000000000
-5022.0000000000 2342.0000000000 -3699.0000000000 2312.0000000000
-2767.0000000000 2322.0000000000 -2395.0000000000 2157.0000000000
-2395.0000000000 2157.0000000000 -2495.0000000000 2327.0000000000
-2495.0000000000 2327.0000000000 -1957.0000000000 2333.0000000000
-1957.0000000000 2333.0000000000 -1987.0000000000 2543.0000000000
-3031.0000000000 4023.0000000000 -1965.0000000000 4028.0000000000
-1965.0000000000 4028.0000000000 -1938.0000000000 4567.0000000000
-2490.0000000000 6162.0000000000 -2005.0000000000 6170.0000000000
-3355.0000000000 10974.0000000000 -3040.0000000000 11345.0000000000
-3040.0000000000 11345.0000000000 -2618.0000000000 11342.0000000000
-1476.0000000000 6943.0000000000 -1199.0000000000 6798.0000000000
-1199.0000000000 6798.0000000000 -970.0000000000 6904.0000000000
-1345.0000000000 10958.0000000000 -959.0000000000 10960.0000000000
-893.0000000000 12770.0000000000 223.0000000000 12784.0000000000
317.0000000000 9074.0000000000 1014.0000000000 8262.0000000000
1014.0000000000 8262.0000000000 1199.0000000000 8533.0000000000
1199.0000000000 8533.0000000000 1970.0000000000 8533.0000000000
1970.0000000000 8533.0000000000 2131.0000000000 7954.0000000000
1660.0000000000 5789.0000000000 1671.0000000000 3937.0000000000
1327.0000000000 2981.0000000000 1351.0000000000 2771.0000000000
1358.0000000000 2553.0000000000 1657.0000000000 2551.0000000000
1657.0000000000 2551.0000000000 1678.0000000000 2310.0000000000
1316.0000000000 1746.0000000000 1679.0000000000 2149.0000000000
1679.0000000000 2149.0000000000 1693.0000000000 1472.0000000000
1693.0000000000 1472.0000000000 1276.0000000000 1033.0000000000
1276.0000000000 1033.0000000000 1527.0000000000 712.0000000000
1527.0000000000 712.0000000000 1874.0000000000 757.0000000000
1874.0000000000 757.0000000000 1625.0000000000 591.0000000000
1625.0000000000 591.0000000000 1814.0000000000 223.0000000000
1814.0000000000 223.0000000000 2273.0000000000 239.0000000000
2273.0000000000 239.0000000000 2450.0000000000 0.0000000000
