32 4
-18690.0000000000 0.0000000000 -18750.0000000000 327.0000000000
-22709.0000000000 793.0000000000 -19988.0000000000 3885.0000000000
-18167.0000000000 5903.0000000000 -17379.0000000000 6671.0000000000
-3156.0000000000 1405.0000000000 -2357.0000000000 1149.0000000000
-2357.0000000000 1149.0000000000 -2646.0000000000 1407.0000000000
-2646.0000000000 1407.0000000000 -2315.0000000000 1682.0000000000
-2315.0000000000 1682.0000000000 -3331.0000000000 3107.0000000000
-4800.0000000000 4800.0000000000 -4466.0000000000 4790.0000000000
-8512.0000000000 9454.0000000000 -7612.0000000000 9743.0000000000
-7612.0000000000 9743.0000000000 -6534.0000000000 10457.0000000000
-6534.0000000000 10457.0000000000 -5755.0000000000 10823.0000000000
-5293.0000000000 10387.0000000000 -5257.0000000000 10779.0000000000
-5257.0000000000 10779.0000000000 -5112.0000000000 10962.0000000000
-5112.0000000000 10962.0000000000 -4691.0000000000 11051.0000000000
-4691.0000000000 11051.0000000000 -4535.0000000000 11224.0000000000
-4590.0000000000 13329.0000000000 -3861.0000000000 13465.0000000000
-2769.0000000000 10334.0000000000 -2393.0000000000 10365.0000000000
-4651.0000000000 23928.0000000000 -3819.0000000000 24109.0000000000
-2467.0000000000 20094.0000000000 -2080.0000000000 19787.0000000000
-2080.0000000000 19787.0000000000 -1760.0000000000 20118.0000000000
-442.0000000000 12660.0000000000 -223.0000000000 12787.0000000000
-223.0000000000 12787.0000000000 211.0000000000 12096.0000000000
211.0000000000 12096.0000000000 430.0000000000 12300.0000000000
430.0000000000 12300.0000000000 1757.0000000000 11096.0000000000
1757.0000000000 11096.0000000000 2140.0000000000 11007.0000000000
2140.0000000000 11007.0000000000 2748.0000000000 11021.0000000000
2748.0000000000 11021.0000000000 5106.0000000000 11468.0000000000
7815.0000000000 13536.0000000000 8018.0000000000 12832.0000000000
5340.0000000000 8222.0000000000 5177.0000000000 7394.0000000000
9696.0000000000 10041.0000000000 9779.0000000000 9779.0000000000
8171.0000000000 6157.0000000000 8305.0000000000 6034.0000000000
9206.0000000000 6446.0000000000 9273.0000000000 6022.0000000000
