14 4
-9665.0000000000 1016.0000000000 -11067.0000000000 5161.0000000000
-2684.0000000000 7795.0000000000 -1596.0000000000 8208.0000000000
-1135.0000000000 6436.0000000000 -982.0000000000 6198.0000000000
-982.0000000000 6198.0000000000 -768.0000000000 6257.0000000000
-359.0000000000 4099.0000000000 -73.0000000000 4195.0000000000
68.0000000000 3904.0000000000 255.0000000000 2913.0000000000
201.0000000000 1913.0000000000 395.0000000000 1585.0000000000
395.0000000000 1585.0000000000 2296.0000000000 2377.0000000000
3111.0000000000 3111.0000000000 3493.0000000000 3257.0000000000
10717.0000000000 7504.0000000000 10855.0000000000 7322.0000000000
8608.0000000000 2307.0000000000 8697.0000000000 2168.0000000000
6818.0000000000 1574.0000000000 6925.0000000000 1346.0000000000
6925.0000000000 1346.0000000000 7305.0000000000 1288.0000000000
7819.0000000000 1099.0000000000 7927.0000000000 973.0000000000
