28 4
-19080.0000000000 0.0000000000 -19400.0000000000 339.0000000000
-18776.0000000000 656.0000000000 -18671.0000000000 979.0000000000
-22531.0000000000 2368.0000000000 -22261.0000000000 3129.0000000000
-3865.0000000000 1331.0000000000 -4076.0000000000 1484.0000000000
-4076.0000000000 1484.0000000000 -3749.0000000000 1515.0000000000
-3749.0000000000 1515.0000000000 -3572.0000000000 2063.0000000000
-11918.0000000000 7161.0000000000 -11660.0000000000 7572.0000000000
-10261.0000000000 8017.0000000000 -10023.0000000000 8116.0000000000
-11999.0000000000 10431.0000000000 -11607.0000000000 10823.0000000000
-8909.0000000000 8909.0000000000 -8696.0000000000 9005.0000000000
-8696.0000000000 9005.0000000000 -8606.0000000000 9229.0000000000
-14339.0000000000 17089.0000000000 -13805.0000000000 17047.0000000000
-13805.0000000000 17047.0000000000 -13677.0000000000 17506.0000000000
-8355.0000000000 12387.0000000000 -8110.0000000000 12488.0000000000
-7577.0000000000 12126.0000000000 -7435.0000000000 12374.0000000000
-7435.0000000000 12374.0000000000 -6734.0000000000 12148.0000000000
-6734.0000000000 12148.0000000000 -6521.0000000000 12264.0000000000
-6521.0000000000 12264.0000000000 -5687.0000000000 12195.0000000000
-5687.0000000000 12195.0000000000 -5228.0000000000 12317.0000000000
-5228.0000000000 12317.0000000000 -3070.0000000000 14441.0000000000
-854.0000000000 16304.0000000000 -566.0000000000 16208.0000000000
3137.0000000000 12580.0000000000 3324.0000000000 12406.0000000000
3324.0000000000 12406.0000000000 3435.0000000000 11980.0000000000
3065.0000000000 2664.0000000000 3024.0000000000 2118.0000000000
2067.0000000000 1394.0000000000 1995.0000000000 806.0000000000
1995.0000000000 806.0000000000 1520.0000000000 553.0000000000
1520.0000000000 553.0000000000 1491.0000000000 130.0000000000
1491.0000000000 130.0000000000 1373.0000000000 0.0000000000
