25 4
-2891.0000000000 0.0000000000 -2600.0000000000 136.0000000000
-2600.0000000000 136.0000000000 -2865.0000000000 251.0000000000
-2865.0000000000 251.0000000000 -2873.0000000000 1046.0000000000
-2873.0000000000 1046.0000000000 -2097.0000000000 890.0000000000
-2097.0000000000 890.0000000000 -2058.0000000000 1237.0000000000
-2058.0000000000 1237.0000000000 -2306.0000000000 1497.0000000000
-2306.0000000000 1497.0000000000 -2090.0000000000 1518.0000000000
-2090.0000000000 1518.0000000000 -2061.0000000000 1856.0000000000
-6260.0000000000 7201.0000000000 -6137.0000000000 7578.0000000000
-7858.0000000000 10428.0000000000 -7690.0000000000 10584.0000000000
-4029.0000000000 6705.0000000000 -3392.0000000000 6657.0000000000
-1760.0000000000 3608.0000000000 -1464.0000000000 3623.0000000000
-1464.0000000000 3623.0000000000 -1325.0000000000 3847.0000000000
-2149.0000000000 6614.0000000000 -1052.0000000000 6642.0000000000
-1052.0000000000 6642.0000000000 -0.0000000000 7328.0000000000
-0.0000000000 7328.0000000000 267.0000000000 7636.0000000000
893.0000000000 17042.0000000000 2986.0000000000 16936.0000000000
2265.0000000000 7408.0000000000 2078.0000000000 3909.0000000000
2078.0000000000 3909.0000000000 2254.0000000000 3904.0000000000
2254.0000000000 3904.0000000000 2210.0000000000 2933.0000000000
2210.0000000000 2933.0000000000 2582.0000000000 2769.0000000000
2582.0000000000 2769.0000000000 2533.0000000000 1979.0000000000
2533.0000000000 1979.0000000000 2155.0000000000 1624.0000000000
2155.0000000000 1624.0000000000 2085.0000000000 219.0000000000
2085.0000000000 219.0000000000 2432.0000000000 0.0000000000
