35 4
-20635.0000000000 0.0000000000 -19753.0000000000 690.0000000000
-19753.0000000000 690.0000000000 -19696.0000000000 1032.0000000000
-16857.0000000000 2972.0000000000 -15447.0000000000 4139.0000000000
-15447.0000000000 4139.0000000000 -15095.0000000000 4905.0000000000
-12162.0000000000 4188.0000000000 -12052.0000000000 4386.0000000000
-15052.0000000000 5778.0000000000 -15056.0000000000 7021.0000000000
-8319.0000000000 4423.0000000000 -6655.0000000000 4489.0000000000
-6655.0000000000 4489.0000000000 -5020.0000000000 5198.0000000000
-4765.0000000000 5292.0000000000 -3135.0000000000 5431.0000000000
-3135.0000000000 5431.0000000000 -3124.0000000000 5635.0000000000
-3544.0000000000 6665.0000000000 -3480.0000000000 6830.0000000000
-3685.0000000000 7554.0000000000 -3367.0000000000 7563.0000000000
-1298.0000000000 4247.0000000000 -1042.0000000000 4512.0000000000
-2430.0000000000 11431.0000000000 -2223.0000000000 11434.0000000000
-2923.0000000000 16577.0000000000 -2332.0000000000 16594.0000000000
-1480.0000000000 12051.0000000000 -1269.0000000000 12073.0000000000
-1419.0000000000 16216.0000000000 -1135.0000000000 16224.0000000000
-948.0000000000 18090.0000000000 -0.0000000000 18064.0000000000
247.0000000000 14124.0000000000 711.0000000000 13564.0000000000
711.0000000000 13564.0000000000 967.0000000000 13822.0000000000
967.0000000000 13822.0000000000 1453.0000000000 13829.0000000000
1453.0000000000 13829.0000000000 1639.0000000000 13346.0000000000
1106.0000000000 6272.0000000000 1674.0000000000 5477.0000000000
1674.0000000000 5477.0000000000 1964.0000000000 5704.0000000000
1964.0000000000 5704.0000000000 3144.0000000000 4327.0000000000
3144.0000000000 4327.0000000000 2945.0000000000 3908.0000000000
2945.0000000000 3908.0000000000 3301.0000000000 4225.0000000000
3301.0000000000 4225.0000000000 3478.0000000000 4145.0000000000
3684.0000000000 4091.0000000000 6301.0000000000 4092.0000000000
9475.0000000000 5693.0000000000 9525.0000000000 5065.0000000000
10450.0000000000 5324.0000000000 10472.0000000000 5107.0000000000
9371.0000000000 3978.0000000000 9397.0000000000 3797.0000000000
7971.0000000000 1549.0000000000 7870.0000000000 1246.0000000000
22608.0000000000 2776.0000000000 22558.0000000000 2371.0000000000
9416.0000000000 329.0000000000 9511.0000000000 0.0000000000
