20 4
-15176.0000000000 12289.0000000000 -13524.0000000000 14004.0000000000
-13524.0000000000 14004.0000000000 -13249.0000000000 14714.0000000000
-13249.0000000000 14714.0000000000 -13218.0000000000 15205.0000000000
-14819.0000000000 18967.0000000000 -14430.0000000000 19149.0000000000
-15422.0000000000 25667.0000000000 -13770.0000000000 25897.0000000000
-6515.0000000000 15348.0000000000 -4783.0000000000 15646.0000000000
-4783.0000000000 15646.0000000000 -3740.0000000000 16198.0000000000
-1711.0000000000 8049.0000000000 -1497.0000000000 7703.0000000000
-1497.0000000000 7703.0000000000 -1251.0000000000 7897.0000000000
-655.0000000000 4661.0000000000 -439.0000000000 4175.0000000000
-439.0000000000 4175.0000000000 128.0000000000 3676.0000000000
128.0000000000 3676.0000000000 742.0000000000 4207.0000000000
879.0000000000 4134.0000000000 1145.0000000000 4272.0000000000
4774.0000000000 16649.0000000000 5124.0000000000 16759.0000000000
5124.0000000000 16759.0000000000 6451.0000000000 16804.0000000000
6451.0000000000 16804.0000000000 8364.0000000000 17148.0000000000
2304.0000000000 2149.0000000000 2500.0000000000 1816.0000000000
2500.0000000000 1816.0000000000 2710.0000000000 1897.0000000000
1053.0000000000 684.0000000000 819.0000000000 454.0000000000
819.0000000000 454.0000000000 1202.0000000000 0.0000000000
