12 4
-9062.0000000000 1113.0000000000 -9420.0000000000 6596.0000000000
-1376.0000000000 6475.0000000000 -1311.0000000000 6746.0000000000
-1859.0000000000 10540.0000000000 -1700.0000000000 10734.0000000000
-1700.0000000000 10734.0000000000 -1436.0000000000 10218.0000000000
-716.0000000000 6814.0000000000 363.0000000000 6929.0000000000
449.0000000000 5128.0000000000 511.0000000000 4858.0000000000
511.0000000000 4858.0000000000 683.0000000000 4860.0000000000
518.0000000000 3271.0000000000 565.0000000000 2658.0000000000
565.0000000000 2658.0000000000 1027.0000000000 2675.0000000000
1027.0000000000 2675.0000000000 954.0000000000 1097.0000000000
954.0000000000 1097.0000000000 1410.0000000000 1101.0000000000
629.0000000000 474.0000000000 680.0000000000 12.0000000000
