14 4
-1503.0000000000 0.0000000000 -1345.0000000000 463.0000000000
-1312.0000000000 530.0000000000 -888.0000000000 1602.0000000000
-888.0000000000 1602.0000000000 -261.0000000000 1343.0000000000
-261.0000000000 1343.0000000000 -185.0000000000 1758.0000000000
-220.0000000000 2512.0000000000 83.0000000000 2382.0000000000
83.0000000000 2382.0000000000 766.0000000000 3941.0000000000
766.0000000000 3941.0000000000 2498.0000000000 3197.0000000000
1559.0000000000 1925.0000000000 1945.0000000000 1751.0000000000
1945.0000000000 1751.0000000000 1862.0000000000 1508.0000000000
925.0000000000 723.0000000000 1159.0000000000 842.0000000000
1050.0000000000 735.0000000000 1487.0000000000 541.0000000000
1487.0000000000 541.0000000000 1033.0000000000 356.0000000000
1033.0000000000 356.0000000000 1582.0000000000 514.0000000000
1582.0000000000 514.0000000000 1774.0000000000 410.0000000000
