40 4
-2030.0000000000 71.0000000000 -2872.0000000000 201.0000000000
-2847.0000000000 299.0000000000 -2438.0000000000 299.0000000000
-2438.0000000000 299.0000000000 -2847.0000000000 400.0000000000
-13196.0000000000 2805.0000000000 -13102.0000000000 3025.0000000000
-13125.0000000000 3517.0000000000 -13057.0000000000 3992.0000000000
-8788.0000000000 4098.0000000000 -8797.0000000000 4291.0000000000
-10703.0000000000 6688.0000000000 -9297.0000000000 6510.0000000000
-7792.0000000000 5662.0000000000 -7768.0000000000 5853.0000000000
-6830.0000000000 5336.0000000000 -6676.0000000000 5406.0000000000
-6676.0000000000 5406.0000000000 -6203.0000000000 5205.0000000000
-6055.0000000000 5452.0000000000 -6344.0000000000 5916.0000000000
-5790.0000000000 5591.0000000000 -5817.0000000000 5817.0000000000
-5817.0000000000 5817.0000000000 -5431.0000000000 5624.0000000000
-4670.0000000000 5373.0000000000 -4478.0000000000 5529.0000000000
-1991.0000000000 4927.0000000000 -1790.0000000000 4662.0000000000
-1790.0000000000 4662.0000000000 -1859.0000000000 5107.0000000000
-1746.0000000000 5072.0000000000 -1595.0000000000 5216.0000000000
-1595.0000000000 5216.0000000000 -1574.0000000000 5489.0000000000
-1174.0000000000 4708.0000000000 -831.0000000000 4715.0000000000
-831.0000000000 4715.0000000000 -772.0000000000 4872.0000000000
-299.0000000000 4282.0000000000 -233.0000000000 4443.0000000000
-233.0000000000 4443.0000000000 -144.0000000000 4130.0000000000
-144.0000000000 4130.0000000000 147.0000000000 4195.0000000000
587.0000000000 4781.0000000000 603.0000000000 4292.0000000000
603.0000000000 4292.0000000000 738.0000000000 4659.0000000000
965.0000000000 4541.0000000000 1367.0000000000 5101.0000000000
1778.0000000000 3993.0000000000 1924.0000000000 4126.0000000000
1223.0000000000 2509.0000000000 1388.0000000000 2504.0000000000
1358.0000000000 2174.0000000000 1603.0000000000 2127.0000000000
2903.0000000000 3340.0000000000 2711.0000000000 3010.0000000000
2133.0000000000 2288.0000000000 2213.0000000000 2137.0000000000
2213.0000000000 2137.0000000000 3365.0000000000 2824.0000000000
3365.0000000000 2824.0000000000 3573.0000000000 2791.0000000000
3473.0000000000 2523.0000000000 3279.0000000000 2212.0000000000
3327.0000000000 1921.0000000000 3458.0000000000 1762.0000000000
3480.0000000000 1477.0000000000 3040.0000000000 1228.0000000000
3040.0000000000 1228.0000000000 3552.0000000000 1293.0000000000
3642.0000000000 908.0000000000 3878.0000000000 824.0000000000
3878.0000000000 824.0000000000 3913.0000000000 550.0000000000
7816.0000000000 273.0000000000 7656.0000000000 134.0000000000
