14 4
-613.0000000000 0.0000000000 -1212.0000000000 4522.0000000000
-1451.0000000000 6286.0000000000 -1367.0000000000 6430.0000000000
-1367.0000000000 6430.0000000000 -455.0000000000 6512.0000000000
-341.0000000000 6508.0000000000 -216.0000000000 6176.0000000000
-216.0000000000 6176.0000000000 327.0000000000 6243.0000000000
373.0000000000 5341.0000000000 507.0000000000 4827.0000000000
507.0000000000 4827.0000000000 982.0000000000 5049.0000000000
767.0000000000 3610.0000000000 894.0000000000 3335.0000000000
894.0000000000 3335.0000000000 1172.0000000000 3403.0000000000
1172.0000000000 3403.0000000000 1415.0000000000 3887.0000000000
1415.0000000000 3887.0000000000 1772.0000000000 1712.0000000000
1772.0000000000 1712.0000000000 6906.0000000000 2378.0000000000
10357.0000000000 3365.0000000000 10483.0000000000 2420.0000000000
-0.0000000000 0.0000000000 562.0000000000 89.0000000000
