12 4
-850.0000000000 0.0000000000 -1363.0000000000 919.0000000000
-1363.0000000000 919.0000000000 -810.0000000000 1157.0000000000
-810.0000000000 1157.0000000000 -850.0000000000 1360.0000000000
-850.0000000000 1360.0000000000 -666.0000000000 1308.0000000000
-666.0000000000 1308.0000000000 2448.0000000000 3023.0000000000
2448.0000000000 3023.0000000000 2780.0000000000 2416.0000000000
3654.0000000000 3066.0000000000 3566.0000000000 2786.0000000000
3566.0000000000 2786.0000000000 3751.0000000000 2725.0000000000
7812.0000000000 4330.0000000000 8020.0000000000 4086.0000000000
1311.0000000000 612.0000000000 724.0000000000 293.0000000000
724.0000000000 293.0000000000 1176.0000000000 428.0000000000
1176.0000000000 428.0000000000 1398.0000000000 0.0000000000
