19 4
-1621.0000000000 0.0000000000 -4724.0000000000 2005.0000000000
-5246.0000000000 2336.0000000000 -5571.0000000000 2598.0000000000
-5571.0000000000 2598.0000000000 -5063.0000000000 3415.0000000000
-4984.0000000000 3490.0000000000 -4642.0000000000 3373.0000000000
-4642.0000000000 3373.0000000000 -4374.0000000000 3803.0000000000
-4374.0000000000 3803.0000000000 -3964.0000000000 3569.0000000000
-3353.0000000000 3126.0000000000 -3154.0000000000 3046.0000000000
-3066.0000000000 3174.0000000000 -3167.0000000000 3396.0000000000
-3167.0000000000 3396.0000000000 -2747.0000000000 3646.0000000000
-1837.0000000000 2624.0000000000 -1926.0000000000 2856.0000000000
-1926.0000000000 2856.0000000000 -1755.0000000000 2809.0000000000
-1755.0000000000 2809.0000000000 -1830.0000000000 3171.0000000000
-1830.0000000000 3171.0000000000 35.0000000000 1983.0000000000
35.0000000000 1983.0000000000 2357.0000000000 5553.0000000000
4613.0000000000 9458.0000000000 5061.0000000000 9130.0000000000
7416.0000000000 11419.0000000000 7727.0000000000 11456.0000000000
4249.0000000000 5848.0000000000 4558.0000000000 5629.0000000000
3271.0000000000 3633.0000000000 1913.0000000000 1494.0000000000
948.0000000000 714.0000000000 539.0000000000 0.0000000000
