32 4
-822.0000000000 0.0000000000 -914.0000000000 145.0000000000
-914.0000000000 145.0000000000 -1205.0000000000 234.0000000000
-1205.0000000000 234.0000000000 -792.0000000000 212.0000000000
-1516.0000000000 582.0000000000 -1482.0000000000 926.0000000000
-1482.0000000000 926.0000000000 -985.0000000000 639.0000000000
-985.0000000000 639.0000000000 -1335.0000000000 900.0000000000
-1335.0000000000 900.0000000000 -1157.0000000000 937.0000000000
-1157.0000000000 937.0000000000 -767.0000000000 643.0000000000
-767.0000000000 643.0000000000 -1037.0000000000 934.0000000000
-1037.0000000000 934.0000000000 -845.0000000000 788.0000000000
-845.0000000000 788.0000000000 -975.0000000000 942.0000000000
-828.0000000000 952.0000000000 -909.0000000000 1164.0000000000
-1210.0000000000 1793.0000000000 -849.0000000000 1821.0000000000
-849.0000000000 1821.0000000000 -939.0000000000 2445.0000000000
-939.0000000000 2445.0000000000 -467.0000000000 2401.0000000000
-467.0000000000 2401.0000000000 -492.0000000000 3498.0000000000
-526.0000000000 10042.0000000000 -359.0000000000 10285.0000000000
-359.0000000000 10285.0000000000 721.0000000000 10313.0000000000
1020.0000000000 4419.0000000000 1435.0000000000 4418.0000000000
732.0000000000 2126.0000000000 1420.0000000000 2106.0000000000
991.0000000000 1415.0000000000 1152.0000000000 1474.0000000000
1152.0000000000 1474.0000000000 1004.0000000000 1197.0000000000
1004.0000000000 1197.0000000000 1189.0000000000 1189.0000000000
1189.0000000000 1189.0000000000 899.0000000000 810.0000000000
899.0000000000 810.0000000000 1078.0000000000 648.0000000000
1078.0000000000 648.0000000000 1348.0000000000 747.0000000000
1348.0000000000 747.0000000000 1010.0000000000 537.0000000000
1010.0000000000 537.0000000000 1017.0000000000 254.0000000000
1017.0000000000 254.0000000000 1587.0000000000 337.0000000000
1587.0000000000 337.0000000000 1721.0000000000 242.0000000000
1721.0000000000 242.0000000000 1711.0000000000 30.0000000000
1711.0000000000 30.0000000000 1440.0000000000 0.0000000000
