43 4
-1720.0000000000 60.0000000000 -2100.0000000000 110.0000000000
-6772.0000000000 952.0000000000 -6382.0000000000 1125.0000000000
-2728.0000000000 1272.0000000000 -2442.0000000000 1299.0000000000
-2497.0000000000 1384.0000000000 -2137.0000000000 1234.0000000000
-2137.0000000000 1234.0000000000 -2391.0000000000 1437.0000000000
-2391.0000000000 1437.0000000000 -2181.0000000000 1527.0000000000
-2181.0000000000 1527.0000000000 -1642.0000000000 1237.0000000000
-1642.0000000000 1237.0000000000 -1391.0000000000 1391.0000000000
-1391.0000000000 1391.0000000000 -1959.0000000000 2904.0000000000
-3780.0000000000 5820.0000000000 -3937.0000000000 6300.0000000000
-7971.0000000000 13806.0000000000 -7861.0000000000 14181.0000000000
-8535.0000000000 16052.0000000000 -7963.0000000000 16326.0000000000
-2885.0000000000 6187.0000000000 -1764.0000000000 6583.0000000000
-625.0000000000 3544.0000000000 -66.0000000000 3762.0000000000
-66.0000000000 3762.0000000000 -0.0000000000 3361.0000000000
-0.0000000000 3361.0000000000 67.0000000000 3821.0000000000
67.0000000000 3821.0000000000 293.0000000000 4197.0000000000
530.0000000000 4316.0000000000 957.0000000000 4502.0000000000
957.0000000000 4502.0000000000 969.0000000000 4197.0000000000
830.0000000000 3330.0000000000 970.0000000000 3619.0000000000
1159.0000000000 3792.0000000000 1129.0000000000 3103.0000000000
1775.0000000000 3986.0000000000 1945.0000000000 3817.0000000000
1945.0000000000 3817.0000000000 2370.0000000000 4275.0000000000
2370.0000000000 4275.0000000000 2360.0000000000 3928.0000000000
2360.0000000000 3928.0000000000 2502.0000000000 4004.0000000000
2502.0000000000 4004.0000000000 2433.0000000000 3747.0000000000
2433.0000000000 3747.0000000000 2582.0000000000 3828.0000000000
2582.0000000000 3828.0000000000 2667.0000000000 3671.0000000000
3092.0000000000 4103.0000000000 3503.0000000000 4326.0000000000
3503.0000000000 4326.0000000000 3591.0000000000 4131.0000000000
3591.0000000000 4131.0000000000 5711.0000000000 5142.0000000000
5711.0000000000 5142.0000000000 6008.0000000000 5223.0000000000
6008.0000000000 5223.0000000000 6129.0000000000 4963.0000000000
6129.0000000000 4963.0000000000 7087.0000000000 5341.0000000000
7763.0000000000 5640.0000000000 8195.0000000000 4924.0000000000
8251.0000000000 4574.0000000000 8610.0000000000 3833.0000000000
5603.0000000000 2378.0000000000 6143.0000000000 2482.0000000000
5849.0000000000 1677.0000000000 6368.0000000000 1706.0000000000
6368.0000000000 1706.0000000000 5963.0000000000 1487.0000000000
5963.0000000000 1487.0000000000 6468.0000000000 1493.0000000000
6468.0000000000 1493.0000000000 6768.0000000000 831.0000000000
6768.0000000000 831.0000000000 6325.0000000000 665.0000000000
9366.0000000000 819.0000000000 9598.0000000000 335.0000000000
