28 4
-8167.0000000000 0.0000000000 -8617.0000000000 150.0000000000
-8617.0000000000 150.0000000000 -8592.0000000000 450.0000000000
-4993.0000000000 349.0000000000 -4808.0000000000 1943.0000000000
-4808.0000000000 1943.0000000000 -5478.0000000000 2554.0000000000
-5358.0000000000 2613.0000000000 -5366.0000000000 3353.0000000000
-5366.0000000000 3353.0000000000 -5535.0000000000 3733.0000000000
-5535.0000000000 3733.0000000000 -5019.0000000000 3782.0000000000
-7310.0000000000 5711.0000000000 -7443.0000000000 6027.0000000000
-7443.0000000000 6027.0000000000 -7261.0000000000 6093.0000000000
-7261.0000000000 6093.0000000000 -7203.0000000000 6486.0000000000
-7203.0000000000 6486.0000000000 -6636.0000000000 6408.0000000000
-5857.0000000000 5857.0000000000 -5588.0000000000 5786.0000000000
-5588.0000000000 5786.0000000000 -5522.0000000000 6132.0000000000
-2431.0000000000 2797.0000000000 -2070.0000000000 2650.0000000000
-2070.0000000000 2650.0000000000 -2174.0000000000 3105.0000000000
-1564.0000000000 2603.0000000000 -1460.0000000000 2865.0000000000
-1364.0000000000 3553.0000000000 -1357.0000000000 3728.0000000000
-934.0000000000 2874.0000000000 -711.0000000000 2854.0000000000
-711.0000000000 2854.0000000000 -638.0000000000 3004.0000000000
-638.0000000000 3004.0000000000 -523.0000000000 3719.0000000000
-575.0000000000 4685.0000000000 -420.0000000000 6001.0000000000
-205.0000000000 11749.0000000000 -0.0000000000 12278.0000000000
-0.0000000000 12278.0000000000 214.0000000000 12248.0000000000
496.0000000000 14217.0000000000 990.0000000000 14164.0000000000
249.0000000000 2849.0000000000 1739.0000000000 2578.0000000000
1196.0000000000 1530.0000000000 1069.0000000000 545.0000000000
1083.0000000000 438.0000000000 1043.0000000000 203.0000000000
1023.0000000000 162.0000000000 1000.0000000000 0.0000000000
