16 4
-3494.0000000000 0.0000000000 -5918.0000000000 1043.0000000000
-5918.0000000000 1043.0000000000 -5565.0000000000 1916.0000000000
-5565.0000000000 1916.0000000000 -5140.0000000000 1973.0000000000
-5140.0000000000 1973.0000000000 -4950.0000000000 2414.0000000000
-3592.0000000000 1910.0000000000 -3622.0000000000 2263.0000000000
-3622.0000000000 2263.0000000000 -3329.0000000000 2508.0000000000
-2881.0000000000 2505.0000000000 -275.0000000000 1415.0000000000
-275.0000000000 1415.0000000000 1451.0000000000 5415.0000000000
2924.0000000000 9565.0000000000 3565.0000000000 9287.0000000000
5339.0000000000 11991.0000000000 5546.0000000000 11893.0000000000
3268.0000000000 5895.0000000000 3485.0000000000 5800.0000000000
3485.0000000000 5800.0000000000 3522.0000000000 5637.0000000000
3243.0000000000 4993.0000000000 1440.0000000000 702.0000000000
1440.0000000000 702.0000000000 1329.0000000000 510.0000000000
1329.0000000000 510.0000000000 849.0000000000 309.0000000000
849.0000000000 309.0000000000 708.0000000000 0.0000000000
