11 4
-1057.0000000000 0.0000000000 -1067.0000000000 227.0000000000
-1067.0000000000 227.0000000000 -1345.0000000000 310.0000000000
-1345.0000000000 310.0000000000 -1353.0000000000 519.0000000000
-1353.0000000000 519.0000000000 -1057.0000000000 516.0000000000
-1057.0000000000 516.0000000000 -1048.0000000000 879.0000000000
-1048.0000000000 879.0000000000 -1670.0000000000 1558.0000000000
-1670.0000000000 1558.0000000000 -1626.0000000000 3830.0000000000
-2148.0000000000 5316.0000000000 565.0000000000 5371.0000000000
565.0000000000 5371.0000000000 648.0000000000 4614.0000000000
648.0000000000 4614.0000000000 899.0000000000 4626.0000000000
642.0000000000 3021.0000000000 693.0000000000 0.0000000000
