46 4
-2935.0000000000 102.0000000000 -2190.0000000000 192.0000000000
-2949.0000000000 520.0000000000 -2951.0000000000 681.0000000000
-1418.0000000000 353.0000000000 -1197.0000000000 366.0000000000
-2485.0000000000 954.0000000000 -1780.0000000000 756.0000000000
-9154.0000000000 4867.0000000000 -8756.0000000000 4853.0000000000
-4278.0000000000 2673.0000000000 -4193.0000000000 3396.0000000000
-4193.0000000000 3396.0000000000 -4337.0000000000 3639.0000000000
-4480.0000000000 4480.0000000000 -4121.0000000000 4419.0000000000
-4121.0000000000 4419.0000000000 -3762.0000000000 4178.0000000000
-3762.0000000000 4178.0000000000 -3844.0000000000 4422.0000000000
-3491.0000000000 4468.0000000000 -3161.0000000000 4194.0000000000
-3723.0000000000 5124.0000000000 -3475.0000000000 5152.0000000000
-3768.0000000000 5802.0000000000 -3549.0000000000 5680.0000000000
-3549.0000000000 5680.0000000000 -3367.0000000000 5832.0000000000
-3367.0000000000 5832.0000000000 -3421.0000000000 6171.0000000000
-3421.0000000000 6171.0000000000 -3251.0000000000 6114.0000000000
-3420.0000000000 6712.0000000000 -3179.0000000000 6818.0000000000
-3179.0000000000 6818.0000000000 -3137.0000000000 7046.0000000000
-3137.0000000000 7046.0000000000 -3249.0000000000 9434.0000000000
-3249.0000000000 9434.0000000000 -2894.0000000000 9466.0000000000
-2976.0000000000 10378.0000000000 -2827.0000000000 11339.0000000000
-2827.0000000000 11339.0000000000 -2208.0000000000 11359.0000000000
-2208.0000000000 11359.0000000000 -1942.0000000000 11011.0000000000
-1942.0000000000 11011.0000000000 -1748.0000000000 11035.0000000000
-1748.0000000000 11035.0000000000 -1588.0000000000 11297.0000000000
-1588.0000000000 11297.0000000000 -1187.0000000000 11289.0000000000
-520.0000000000 7431.0000000000 -258.0000000000 7394.0000000000
-258.0000000000 7394.0000000000 -0.0000000000 7134.0000000000
-0.0000000000 7134.0000000000 756.0000000000 7197.0000000000
1041.0000000000 8475.0000000000 1123.0000000000 7993.0000000000
1123.0000000000 7993.0000000000 1343.0000000000 8480.0000000000
1916.0000000000 10866.0000000000 2716.0000000000 10894.0000000000
2752.0000000000 10269.0000000000 2859.0000000000 8800.0000000000
2249.0000000000 6532.0000000000 2464.0000000000 6419.0000000000
2129.0000000000 4782.0000000000 2481.0000000000 4665.0000000000
2481.0000000000 4665.0000000000 2986.0000000000 5173.0000000000
2986.0000000000 5173.0000000000 2984.0000000000 4775.0000000000
4017.0000000000 6186.0000000000 4177.0000000000 6193.0000000000
2666.0000000000 3669.0000000000 2704.0000000000 3339.0000000000
2704.0000000000 3339.0000000000 2955.0000000000 3399.0000000000
2955.0000000000 3399.0000000000 2788.0000000000 3096.0000000000
2368.0000000000 2132.0000000000 2561.0000000000 2149.0000000000
3649.0000000000 1401.0000000000 3614.0000000000 1174.0000000000
2762.0000000000 844.0000000000 1851.0000000000 496.0000000000
3274.0000000000 696.0000000000 3277.0000000000 402.0000000000
3103.0000000000 54.0000000000 3312.0000000000 0.0000000000
