34 4
-3342.0000000000 175.0000000000 -3921.0000000000 274.0000000000
-3921.0000000000 274.0000000000 -3405.0000000000 358.0000000000
-3405.0000000000 358.0000000000 -3871.0000000000 475.0000000000
-3239.0000000000 455.0000000000 -2983.0000000000 472.0000000000
-2983.0000000000 472.0000000000 -2826.0000000000 864.0000000000
-3456.0000000000 1467.0000000000 -3516.0000000000 1640.0000000000
-3516.0000000000 1640.0000000000 -3111.0000000000 1517.0000000000
-3111.0000000000 1517.0000000000 -3024.0000000000 1817.0000000000
-3024.0000000000 1817.0000000000 -2761.0000000000 1725.0000000000
-3387.0000000000 2200.0000000000 -3262.0000000000 2641.0000000000
-3262.0000000000 2641.0000000000 -2850.0000000000 2391.0000000000
-2850.0000000000 2391.0000000000 -3227.0000000000 2805.0000000000
-3227.0000000000 2805.0000000000 -3114.0000000000 3114.0000000000
-3114.0000000000 3114.0000000000 -2585.0000000000 2773.0000000000
-2585.0000000000 2773.0000000000 -1781.0000000000 2543.0000000000
-1781.0000000000 2543.0000000000 -1086.0000000000 5110.0000000000
-1086.0000000000 5110.0000000000 -703.0000000000 5003.0000000000
-703.0000000000 5003.0000000000 -614.0000000000 5842.0000000000
-614.0000000000 5842.0000000000 -420.0000000000 6012.0000000000
-420.0000000000 6012.0000000000 -234.0000000000 6706.0000000000
-234.0000000000 6706.0000000000 572.0000000000 6537.0000000000
899.0000000000 6393.0000000000 1443.0000000000 6252.0000000000
1148.0000000000 3755.0000000000 1428.0000000000 4148.0000000000
1413.0000000000 3681.0000000000 1767.0000000000 4163.0000000000
1738.0000000000 3136.0000000000 2051.0000000000 3041.0000000000
2063.0000000000 2840.0000000000 2326.0000000000 2977.0000000000
2462.0000000000 2934.0000000000 2831.0000000000 2831.0000000000
4901.0000000000 3969.0000000000 4307.0000000000 1828.0000000000
4307.0000000000 1828.0000000000 4372.0000000000 1678.0000000000
4372.0000000000 1678.0000000000 4219.0000000000 1131.0000000000
4219.0000000000 1131.0000000000 4011.0000000000 1000.0000000000
3317.0000000000 525.0000000000 3867.0000000000 338.0000000000
3867.0000000000 338.0000000000 3764.0000000000 66.0000000000
3764.0000000000 66.0000000000 4002.0000000000 0.0000000000
