12 4
-4039.0000000000 0.0000000000 -4066.0000000000 213.0000000000
-3957.0000000000 486.0000000000 -4138.0000000000 582.0000000000
-4138.0000000000 582.0000000000 -733.0000000000 733.0000000000
-733.0000000000 733.0000000000 -830.0000000000 3905.0000000000
-882.0000000000 4537.0000000000 -866.0000000000 4913.0000000000
-1163.0000000000 9473.0000000000 -664.0000000000 9490.0000000000
-222.0000000000 12713.0000000000 -0.0000000000 12704.0000000000
551.0000000000 6295.0000000000 887.0000000000 6312.0000000000
887.0000000000 6312.0000000000 1123.0000000000 1163.0000000000
1123.0000000000 1163.0000000000 1131.0000000000 346.0000000000
1131.0000000000 346.0000000000 774.0000000000 207.0000000000
774.0000000000 207.0000000000 769.0000000000 0.0000000000
