42 4
-7331.0000000000 0.0000000000 -7120.0000000000 249.0000000000
-7819.0000000000 410.0000000000 -8092.0000000000 566.0000000000
-9158.0000000000 801.0000000000 -9246.0000000000 1135.0000000000
-9363.0000000000 1651.0000000000 -9405.0000000000 1828.0000000000
-1484.0000000000 315.0000000000 -1920.0000000000 443.0000000000
-5752.0000000000 1980.0000000000 -5770.0000000000 2215.0000000000
-2402.0000000000 1172.0000000000 -2206.0000000000 1124.0000000000
-2206.0000000000 1124.0000000000 -2074.0000000000 1246.0000000000
-1518.0000000000 949.0000000000 -1115.0000000000 1004.0000000000
-1115.0000000000 1004.0000000000 -1275.0000000000 1416.0000000000
-1169.0000000000 1496.0000000000 -1394.0000000000 2414.0000000000
-1394.0000000000 2414.0000000000 -1354.0000000000 2657.0000000000
-2749.0000000000 5636.0000000000 -2525.0000000000 5670.0000000000
-2525.0000000000 5670.0000000000 -2542.0000000000 6292.0000000000
-4827.0000000000 14856.0000000000 -4625.0000000000 15127.0000000000
-1601.0000000000 5976.0000000000 -756.0000000000 6161.0000000000
-756.0000000000 6161.0000000000 -428.0000000000 6118.0000000000
-264.0000000000 5038.0000000000 -158.0000000000 4520.0000000000
102.0000000000 2924.0000000000 575.0000000000 2959.0000000000
575.0000000000 2959.0000000000 880.0000000000 3069.0000000000
880.0000000000 3069.0000000000 1026.0000000000 3357.0000000000
1026.0000000000 3357.0000000000 950.0000000000 2923.0000000000
950.0000000000 2923.0000000000 1167.0000000000 3388.0000000000
1062.0000000000 2767.0000000000 871.0000000000 2051.0000000000
1542.0000000000 3464.0000000000 1882.0000000000 3540.0000000000
1882.0000000000 3540.0000000000 1723.0000000000 2757.0000000000
1723.0000000000 2757.0000000000 1867.0000000000 2875.0000000000
1950.0000000000 2684.0000000000 2125.0000000000 2720.0000000000
2626.0000000000 2917.0000000000 2653.0000000000 2653.0000000000
2653.0000000000 2653.0000000000 3306.0000000000 3083.0000000000
3306.0000000000 3083.0000000000 3041.0000000000 2738.0000000000
3679.0000000000 2979.0000000000 4186.0000000000 3270.0000000000
4186.0000000000 3270.0000000000 4341.0000000000 2608.0000000000
4341.0000000000 2608.0000000000 6814.0000000000 3177.0000000000
6814.0000000000 3177.0000000000 6953.0000000000 3096.0000000000
6953.0000000000 3096.0000000000 7010.0000000000 2832.0000000000
8731.0000000000 3178.0000000000 8860.0000000000 3051.0000000000
8860.0000000000 3051.0000000000 8998.0000000000 2411.0000000000
8998.0000000000 2411.0000000000 8316.0000000000 1920.0000000000
9021.0000000000 1918.0000000000 9088.0000000000 1602.0000000000
9165.0000000000 1288.0000000000 9306.0000000000 651.0000000000
9138.0000000000 319.0000000000 8822.0000000000 154.0000000000
