18 4
-1066.0000000000 19.0000000000 -1192.0000000000 774.0000000000
-1192.0000000000 774.0000000000 -1145.0000000000 1763.0000000000
-1145.0000000000 1763.0000000000 -858.0000000000 1683.0000000000
-858.0000000000 1683.0000000000 -860.0000000000 2025.0000000000
-1191.0000000000 2948.0000000000 -1178.0000000000 3236.0000000000
-1178.0000000000 3236.0000000000 -913.0000000000 3183.0000000000
-913.0000000000 3183.0000000000 -931.0000000000 3474.0000000000
-2269.0000000000 9101.0000000000 -2127.0000000000 9214.0000000000
-2127.0000000000 9214.0000000000 -1297.0000000000 9226.0000000000
-1297.0000000000 9226.0000000000 -1177.0000000000 9589.0000000000
-1177.0000000000 9589.0000000000 -995.0000000000 9471.0000000000
-1311.0000000000 14980.0000000000 526.0000000000 15068.0000000000
821.0000000000 9385.0000000000 1492.0000000000 9419.0000000000
1535.0000000000 8708.0000000000 1700.0000000000 8748.0000000000
1582.0000000000 7441.0000000000 1611.0000000000 6460.0000000000
1094.0000000000 4083.0000000000 1130.0000000000 3479.0000000000
1277.0000000000 3327.0000000000 1164.0000000000 2615.0000000000
1164.0000000000 2615.0000000000 1286.0000000000 0.0000000000
