17 4
-2218.0000000000 0.0000000000 -2214.0000000000 762.0000000000
-2214.0000000000 762.0000000000 -2461.0000000000 896.0000000000
-2461.0000000000 896.0000000000 -2455.0000000000 1988.0000000000
-2455.0000000000 1988.0000000000 -2196.0000000000 1977.0000000000
-2196.0000000000 1977.0000000000 -2207.0000000000 2631.0000000000
-2207.0000000000 2631.0000000000 -1165.0000000000 2617.0000000000
-1165.0000000000 2617.0000000000 -1137.0000000000 2963.0000000000
-1137.0000000000 2963.0000000000 -866.0000000000 2834.0000000000
-866.0000000000 2834.0000000000 -825.0000000000 3881.0000000000
-1475.0000000000 8363.0000000000 878.0000000000 8353.0000000000
901.0000000000 5110.0000000000 868.0000000000 2672.0000000000
868.0000000000 2672.0000000000 1582.0000000000 2633.0000000000
1582.0000000000 2633.0000000000 1576.0000000000 1946.0000000000
1576.0000000000 1946.0000000000 1823.0000000000 1888.0000000000
1823.0000000000 1888.0000000000 1815.0000000000 885.0000000000
1815.0000000000 885.0000000000 1554.0000000000 725.0000000000
1554.0000000000 725.0000000000 1551.0000000000 0.0000000000
