27 4
-2127.0000000000 0.0000000000 -2070.0000000000 402.0000000000
-2070.0000000000 402.0000000000 -1492.0000000000 344.0000000000
-1492.0000000000 344.0000000000 -1372.0000000000 1193.0000000000
-3181.0000000000 2967.0000000000 -3135.0000000000 3135.0000000000
-2000.0000000000 2145.0000000000 -1023.0000000000 2972.0000000000
-1023.0000000000 2972.0000000000 -1028.0000000000 3165.0000000000
-1636.0000000000 5351.0000000000 -1450.0000000000 5058.0000000000
-796.0000000000 4093.0000000000 -617.0000000000 3898.0000000000
-617.0000000000 3898.0000000000 -295.0000000000 4226.0000000000
-175.0000000000 5004.0000000000 -0.0000000000 4632.0000000000
-0.0000000000 4632.0000000000 434.0000000000 4962.0000000000
643.0000000000 6119.0000000000 790.0000000000 5621.0000000000
790.0000000000 5621.0000000000 1117.0000000000 5745.0000000000
1699.0000000000 7993.0000000000 2015.0000000000 8084.0000000000
2179.0000000000 5134.0000000000 2479.0000000000 4472.0000000000
2479.0000000000 4472.0000000000 3167.0000000000 4695.0000000000
3540.0000000000 4873.0000000000 3964.0000000000 5074.0000000000
1247.0000000000 1385.0000000000 1121.0000000000 1202.0000000000
1804.0000000000 1682.0000000000 1419.0000000000 1278.0000000000
6919.0000000000 5214.0000000000 6721.0000000000 4883.0000000000
6677.0000000000 4172.0000000000 6453.0000000000 3877.0000000000
6453.0000000000 3877.0000000000 6013.0000000000 3472.0000000000
2103.0000000000 1026.0000000000 1594.0000000000 743.0000000000
2623.0000000000 1113.0000000000 2549.0000000000 779.0000000000
2549.0000000000 779.0000000000 1874.0000000000 502.0000000000
1671.0000000000 325.0000000000 1335.0000000000 211.0000000000
1335.0000000000 211.0000000000 1440.0000000000 0.0000000000
