17 4
-11725.0000000000 205.0000000000 -11764.0000000000 823.0000000000
-6207.0000000000 543.0000000000 -5829.0000000000 613.0000000000
-4957.0000000000 609.0000000000 -464.0000000000 910.0000000000
-5516.0000000000 11310.0000000000 -5298.0000000000 11361.0000000000
-3962.0000000000 10323.0000000000 -2590.0000000000 10390.0000000000
-2590.0000000000 10390.0000000000 -2279.0000000000 10720.0000000000
-1519.0000000000 10807.0000000000 -1323.0000000000 10776.0000000000
-1058.0000000000 10063.0000000000 -884.0000000000 10108.0000000000
-178.0000000000 5089.0000000000 -80.0000000000 4596.0000000000
-80.0000000000 4596.0000000000 161.0000000000 4620.0000000000
348.0000000000 4971.0000000000 408.0000000000 4660.0000000000
408.0000000000 4660.0000000000 826.0000000000 4682.0000000000
826.0000000000 4682.0000000000 882.0000000000 4147.0000000000
882.0000000000 4147.0000000000 1193.0000000000 4161.0000000000
1648.0000000000 5072.0000000000 1838.0000000000 5338.0000000000
2043.0000000000 5323.0000000000 1936.0000000000 4561.0000000000
463.0000000000 1041.0000000000 433.0000000000 0.0000000000
