31 4
-4071.0000000000 0.0000000000 -3666.0000000000 192.0000000000
-3666.0000000000 192.0000000000 -3850.0000000000 679.0000000000
-4677.0000000000 909.0000000000 -3849.0000000000 889.0000000000
-4443.0000000000 1108.0000000000 -4383.0000000000 1257.0000000000
-3449.0000000000 1188.0000000000 -3656.0000000000 1331.0000000000
-4692.0000000000 2288.0000000000 -3950.0000000000 2664.0000000000
-3950.0000000000 2664.0000000000 -4861.0000000000 4861.0000000000
-4861.0000000000 4861.0000000000 -4883.0000000000 5057.0000000000
-4883.0000000000 5057.0000000000 -4579.0000000000 5267.0000000000
-4962.0000000000 6128.0000000000 -5165.0000000000 6854.0000000000
-5165.0000000000 6854.0000000000 -4498.0000000000 7198.0000000000
-3953.0000000000 6579.0000000000 -4038.0000000000 7285.0000000000
-4038.0000000000 7285.0000000000 -3768.0000000000 7394.0000000000
-2076.0000000000 4452.0000000000 -1887.0000000000 4238.0000000000
-1839.0000000000 4333.0000000000 -1527.0000000000 4197.0000000000
-1527.0000000000 4197.0000000000 -1504.0000000000 4629.0000000000
-1233.0000000000 4299.0000000000 -900.0000000000 4232.0000000000
-900.0000000000 4232.0000000000 -905.0000000000 4654.0000000000
-905.0000000000 4654.0000000000 -751.0000000000 4256.0000000000
-618.0000000000 4400.0000000000 -510.0000000000 4157.0000000000
-510.0000000000 4157.0000000000 -459.0000000000 4366.0000000000
-459.0000000000 4366.0000000000 -297.0000000000 4241.0000000000
-297.0000000000 4241.0000000000 -155.0000000000 4432.0000000000
-143.0000000000 8187.0000000000 438.0000000000 8358.0000000000
541.0000000000 7732.0000000000 1385.0000000000 5557.0000000000
1385.0000000000 5557.0000000000 1547.0000000000 5395.0000000000
1297.0000000000 3991.0000000000 1775.0000000000 4183.0000000000
1559.0000000000 3502.0000000000 1600.0000000000 3281.0000000000
1375.0000000000 2699.0000000000 1946.0000000000 1169.0000000000
3564.0000000000 1976.0000000000 3869.0000000000 1971.0000000000
2128.0000000000 817.0000000000 1862.0000000000 0.0000000000
