18 4
-692.0000000000 0.0000000000 -646.0000000000 1075.0000000000
-646.0000000000 1075.0000000000 -738.0000000000 1278.0000000000
-738.0000000000 1278.0000000000 -710.0000000000 1850.0000000000
-593.0000000000 1826.0000000000 -607.0000000000 2435.0000000000
-607.0000000000 2435.0000000000 83.0000000000 2383.0000000000
167.0000000000 3187.0000000000 358.0000000000 3402.0000000000
522.0000000000 4248.0000000000 521.0000000000 3709.0000000000
2074.0000000000 11763.0000000000 2270.0000000000 11676.0000000000
2953.0000000000 13891.0000000000 3816.0000000000 14243.0000000000
4381.0000000000 8983.0000000000 4539.0000000000 8908.0000000000
4524.0000000000 8161.0000000000 4617.0000000000 7997.0000000000
5307.0000000000 7579.0000000000 5615.0000000000 7451.0000000000
5615.0000000000 7451.0000000000 5822.0000000000 7189.0000000000
5822.0000000000 7189.0000000000 6509.0000000000 7229.0000000000
13670.0000000000 14156.0000000000 13625.0000000000 13625.0000000000
5755.0000000000 3596.0000000000 5652.0000000000 3396.0000000000
5652.0000000000 3396.0000000000 6012.0000000000 3471.0000000000
885.0000000000 357.0000000000 866.0000000000 0.0000000000
