25 4
-1302.0000000000 0.0000000000 -4627.0000000000 2460.0000000000
-5210.0000000000 2888.0000000000 -5224.0000000000 3139.0000000000
-5224.0000000000 3139.0000000000 -4749.0000000000 2968.0000000000
-4749.0000000000 2968.0000000000 -4958.0000000000 3220.0000000000
-4958.0000000000 3220.0000000000 -4947.0000000000 3464.0000000000
-4947.0000000000 3464.0000000000 -4607.0000000000 3866.0000000000
-4607.0000000000 3866.0000000000 -4272.0000000000 3713.0000000000
-4272.0000000000 3713.0000000000 -3976.0000000000 4117.0000000000
-3976.0000000000 4117.0000000000 -3623.0000000000 3885.0000000000
-3066.0000000000 3405.0000000000 -2828.0000000000 3254.0000000000
-2736.0000000000 3379.0000000000 -2783.0000000000 3694.0000000000
-2783.0000000000 3694.0000000000 -2618.0000000000 3739.0000000000
-2627.0000000000 3895.0000000000 -2447.0000000000 3768.0000000000
-1534.0000000000 2768.0000000000 -1564.0000000000 3070.0000000000
-1564.0000000000 3070.0000000000 -1438.0000000000 2948.0000000000
-1438.0000000000 2948.0000000000 -1470.0000000000 3302.0000000000
-1470.0000000000 3302.0000000000 284.0000000000 2023.0000000000
284.0000000000 2023.0000000000 2018.0000000000 4328.0000000000
2354.0000000000 4827.0000000000 3011.0000000000 5662.0000000000
5310.0000000000 9197.0000000000 5756.0000000000 8864.0000000000
12538.0000000000 17906.0000000000 12841.0000000000 17674.0000000000
8579.0000000000 11385.0000000000 8795.0000000000 11258.0000000000
4812.0000000000 5535.0000000000 5027.0000000000 5391.0000000000
3774.0000000000 3644.0000000000 2049.0000000000 1280.0000000000
1119.0000000000 672.0000000000 664.0000000000 0.0000000000
