19 4
-2032.0000000000 0.0000000000 -1797.0000000000 481.0000000000
-1797.0000000000 481.0000000000 -2118.0000000000 1223.0000000000
-2118.0000000000 1223.0000000000 -1374.0000000000 1580.0000000000
-796.0000000000 1136.0000000000 -1073.0000000000 1716.0000000000
-1073.0000000000 1716.0000000000 -634.0000000000 1951.0000000000
-634.0000000000 1951.0000000000 -294.0000000000 1385.0000000000
-401.0000000000 2062.0000000000 399.0000000000 2521.0000000000
399.0000000000 2521.0000000000 735.0000000000 1914.0000000000
735.0000000000 1914.0000000000 1152.0000000000 2361.0000000000
1469.0000000000 2883.0000000000 1717.0000000000 2546.0000000000
1717.0000000000 2546.0000000000 3178.0000000000 3291.0000000000
3178.0000000000 3291.0000000000 3558.0000000000 2585.0000000000
3630.0000000000 2449.0000000000 3778.0000000000 2181.0000000000
1380.0000000000 644.0000000000 1539.0000000000 355.0000000000
1539.0000000000 355.0000000000 1135.0000000000 200.0000000000
1135.0000000000 200.0000000000 1587.0000000000 251.0000000000
1587.0000000000 251.0000000000 1186.0000000000 146.0000000000
1186.0000000000 146.0000000000 1615.0000000000 141.0000000000
1615.0000000000 141.0000000000 1711.0000000000 0.0000000000
