10 4
-637.0000000000 0.0000000000 -865.0000000000 1235.0000000000
-865.0000000000 1235.0000000000 2834.0000000000 2059.0000000000
2799.0000000000 1960.0000000000 3404.0000000000 2045.0000000000
3404.0000000000 2045.0000000000 3511.0000000000 1419.0000000000
4432.0000000000 1526.0000000000 4608.0000000000 1409.0000000000
4608.0000000000 1409.0000000000 5091.0000000000 1460.0000000000
5091.0000000000 1460.0000000000 4895.0000000000 1312.0000000000
7068.0000000000 1632.0000000000 7682.0000000000 1354.0000000000
11360.0000000000 1799.0000000000 11183.0000000000 1572.0000000000
1547.0000000000 135.0000000000 911.0000000000 0.0000000000
