25 4
-1638.0000000000 0.0000000000 -1614.0000000000 556.0000000000
-1490.0000000000 572.0000000000 -1330.0000000000 620.0000000000
-663.0000000000 324.0000000000 -1078.0000000000 597.0000000000
-1078.0000000000 597.0000000000 -745.0000000000 465.0000000000
-745.0000000000 465.0000000000 -976.0000000000 684.0000000000
-976.0000000000 684.0000000000 -901.0000000000 840.0000000000
-1566.0000000000 1512.0000000000 -1096.0000000000 1217.0000000000
-1096.0000000000 1217.0000000000 -1257.0000000000 1446.0000000000
-1257.0000000000 1446.0000000000 -952.0000000000 1175.0000000000
-952.0000000000 1175.0000000000 -1124.0000000000 1439.0000000000
-1124.0000000000 1439.0000000000 -858.0000000000 1487.0000000000
-858.0000000000 1487.0000000000 -989.0000000000 2121.0000000000
-989.0000000000 2121.0000000000 -441.0000000000 2077.0000000000
-441.0000000000 2077.0000000000 -367.0000000000 4196.0000000000
-252.0000000000 4805.0000000000 -0.0000000000 4590.0000000000
-0.0000000000 4590.0000000000 417.0000000000 4769.0000000000
799.0000000000 5683.0000000000 1057.0000000000 5995.0000000000
1135.0000000000 3957.0000000000 1513.0000000000 3941.0000000000
573.0000000000 1419.0000000000 713.0000000000 1186.0000000000
713.0000000000 1186.0000000000 907.0000000000 1295.0000000000
907.0000000000 1295.0000000000 990.0000000000 1139.0000000000
1085.0000000000 943.0000000000 938.0000000000 760.0000000000
1085.0000000000 705.0000000000 735.0000000000 375.0000000000
795.0000000000 354.0000000000 938.0000000000 217.0000000000
938.0000000000 217.0000000000 1620.0000000000 170.0000000000
