16 4
-2259.0000000000 0.0000000000 -1934.0000000000 411.0000000000
-968.0000000000 333.0000000000 -1421.0000000000 821.0000000000
-1421.0000000000 821.0000000000 -1040.0000000000 1196.0000000000
-1040.0000000000 1196.0000000000 -569.0000000000 728.0000000000
-943.0000000000 1251.0000000000 -212.0000000000 2013.0000000000
-212.0000000000 2013.0000000000 271.0000000000 1534.0000000000
271.0000000000 1534.0000000000 509.0000000000 1901.0000000000
752.0000000000 2622.0000000000 1006.0000000000 2369.0000000000
1006.0000000000 2369.0000000000 2216.0000000000 3547.0000000000
2216.0000000000 3547.0000000000 3471.0000000000 2254.0000000000
2285.0000000000 1267.0000000000 2417.0000000000 1127.0000000000
1139.0000000000 507.0000000000 1564.0000000000 632.0000000000
1564.0000000000 632.0000000000 1252.0000000000 481.0000000000
1252.0000000000 481.0000000000 1279.0000000000 295.0000000000
1279.0000000000 295.0000000000 1442.0000000000 280.0000000000
1442.0000000000 280.0000000000 1648.0000000000 58.0000000000
