19 4
-1017.0000000000 0.0000000000 -956.0000000000 203.0000000000
-956.0000000000 203.0000000000 -1731.0000000000 496.0000000000
-1731.0000000000 496.0000000000 -1664.0000000000 672.0000000000
-4163.0000000000 2031.0000000000 -4137.0000000000 2293.0000000000
-7752.0000000000 5034.0000000000 -7409.0000000000 4998.0000000000
-2524.0000000000 1972.0000000000 -1720.0000000000 1844.0000000000
-1625.0000000000 1869.0000000000 -1742.0000000000 2151.0000000000
-1742.0000000000 2151.0000000000 -1423.0000000000 1889.0000000000
-1423.0000000000 1889.0000000000 -641.0000000000 1863.0000000000
-641.0000000000 1863.0000000000 -523.0000000000 2967.0000000000
-559.0000000000 4554.0000000000 721.0000000000 4553.0000000000
721.0000000000 4553.0000000000 782.0000000000 4021.0000000000
1029.0000000000 4839.0000000000 996.0000000000 3993.0000000000
996.0000000000 3993.0000000000 1265.0000000000 4412.0000000000
1265.0000000000 4412.0000000000 1933.0000000000 4341.0000000000
922.0000000000 1977.0000000000 864.0000000000 479.0000000000
864.0000000000 479.0000000000 1363.0000000000 417.0000000000
1363.0000000000 417.0000000000 1155.0000000000 310.0000000000
1155.0000000000 310.0000000000 1137.0000000000 0.0000000000
