40 4
-3517.0000000000 61.0000000000 -3668.0000000000 128.0000000000
-13524.0000000000 2629.0000000000 -13485.0000000000 3113.0000000000
-13322.0000000000 3570.0000000000 -13034.0000000000 3737.0000000000
-13034.0000000000 3737.0000000000 -13211.0000000000 4039.0000000000
-13211.0000000000 4039.0000000000 -13151.0000000000 4273.0000000000
-1615.0000000000 685.0000000000 -1211.0000000000 617.0000000000
-8906.0000000000 4937.0000000000 -8716.0000000000 5032.0000000000
-8716.0000000000 5032.0000000000 -8661.0000000000 5412.0000000000
-11871.0000000000 7709.0000000000 -11822.0000000000 7974.0000000000
-11199.0000000000 7841.0000000000 -9260.0000000000 7499.0000000000
-7708.0000000000 6468.0000000000 -7568.0000000000 6579.0000000000
-6685.0000000000 6019.0000000000 -6225.0000000000 5805.0000000000
-6225.0000000000 5805.0000000000 -4976.0000000000 5526.0000000000
-4976.0000000000 5526.0000000000 -5189.0000000000 5969.0000000000
-5189.0000000000 5969.0000000000 -4901.0000000000 5841.0000000000
-3886.0000000000 4799.0000000000 -3721.0000000000 4938.0000000000
-3721.0000000000 4938.0000000000 -3487.0000000000 4799.0000000000
-2764.0000000000 4600.0000000000 -2765.0000000000 4790.0000000000
-2765.0000000000 4790.0000000000 -2431.0000000000 4386.0000000000
-2650.0000000000 4983.0000000000 -2210.0000000000 4531.0000000000
-2210.0000000000 4531.0000000000 -1666.0000000000 4341.0000000000
-1666.0000000000 4341.0000000000 -1454.0000000000 4476.0000000000
-1343.0000000000 4392.0000000000 -1345.0000000000 4689.0000000000
-754.0000000000 3548.0000000000 -207.0000000000 2965.0000000000
-207.0000000000 2965.0000000000 109.0000000000 3120.0000000000
275.0000000000 5246.0000000000 445.0000000000 5082.0000000000
445.0000000000 5082.0000000000 498.0000000000 4739.0000000000
498.0000000000 4739.0000000000 613.0000000000 4995.0000000000
613.0000000000 4995.0000000000 778.0000000000 4913.0000000000
778.0000000000 4913.0000000000 928.0000000000 5263.0000000000
847.0000000000 4355.0000000000 1067.0000000000 4279.0000000000
1067.0000000000 4279.0000000000 1061.0000000000 3701.0000000000
1061.0000000000 3701.0000000000 1158.0000000000 3565.0000000000
975.0000000000 2833.0000000000 1169.0000000000 1609.0000000000
1812.0000000000 1812.0000000000 2154.0000000000 2080.0000000000
2877.0000000000 2591.0000000000 3183.0000000000 2767.0000000000
3212.0000000000 2334.0000000000 3222.0000000000 2174.0000000000
3222.0000000000 2174.0000000000 3427.0000000000 2225.0000000000
1461.0000000000 810.0000000000 1630.0000000000 795.0000000000
1630.0000000000 795.0000000000 1653.0000000000 0.0000000000
