34 4
-1600.0000000000 0.0000000000 -1669.0000000000 708.0000000000
-1669.0000000000 708.0000000000 -1171.0000000000 790.0000000000
-1171.0000000000 790.0000000000 -1394.0000000000 1051.0000000000
-2190.0000000000 1711.0000000000 -2205.0000000000 1916.0000000000
-2057.0000000000 1918.0000000000 -2237.0000000000 2237.0000000000
-2253.0000000000 2416.0000000000 -2281.0000000000 2719.0000000000
-2281.0000000000 2719.0000000000 -1858.0000000000 2654.0000000000
-1950.0000000000 3246.0000000000 -2095.0000000000 3629.0000000000
-2095.0000000000 3629.0000000000 -1931.0000000000 3632.0000000000
-1784.0000000000 3657.0000000000 -1545.0000000000 3471.0000000000
-1545.0000000000 3471.0000000000 -1683.0000000000 4383.0000000000
-1516.0000000000 4401.0000000000 -1351.0000000000 4420.0000000000
-565.0000000000 3568.0000000000 -548.0000000000 4463.0000000000
-301.0000000000 2860.0000000000 -139.0000000000 1984.0000000000
-79.0000000000 4532.0000000000 -0.0000000000 4052.0000000000
218.0000000000 2491.0000000000 274.0000000000 2231.0000000000
653.0000000000 3702.0000000000 613.0000000000 3154.0000000000
613.0000000000 3154.0000000000 804.0000000000 3482.0000000000
1196.0000000000 4171.0000000000 1213.0000000000 3524.0000000000
3881.0000000000 9606.0000000000 4091.0000000000 9638.0000000000
4091.0000000000 9638.0000000000 4097.0000000000 8787.0000000000
4097.0000000000 8787.0000000000 4212.0000000000 8636.0000000000
6946.0000000000 12531.0000000000 7205.0000000000 12480.0000000000
7205.0000000000 12480.0000000000 7189.0000000000 11965.0000000000
7722.0000000000 11892.0000000000 7923.0000000000 11746.0000000000
4306.0000000000 5511.0000000000 4377.0000000000 5217.0000000000
3871.0000000000 4454.0000000000 3922.0000000000 4206.0000000000
3922.0000000000 4206.0000000000 5048.0000000000 4236.0000000000
5048.0000000000 4236.0000000000 4933.0000000000 3995.0000000000
4933.0000000000 3995.0000000000 5594.0000000000 4216.0000000000
4585.0000000000 3210.0000000000 4586.0000000000 2978.0000000000
4586.0000000000 2978.0000000000 4787.0000000000 2991.0000000000
6029.0000000000 3481.0000000000 5962.0000000000 3305.0000000000
808.0000000000 430.0000000000 841.0000000000 0.0000000000
