31 4
-3447.0000000000 241.0000000000 -3096.0000000000 271.0000000000
-7200.0000000000 1140.0000000000 -7408.0000000000 1306.0000000000
-8995.0000000000 1912.0000000000 -9004.0000000000 2079.0000000000
-1249.0000000000 430.0000000000 -1539.0000000000 560.0000000000
-2216.0000000000 851.0000000000 -1538.0000000000 853.0000000000
-1538.0000000000 961.0000000000 -1012.0000000000 849.0000000000
-1012.0000000000 849.0000000000 -1029.0000000000 1647.0000000000
-2961.0000000000 4928.0000000000 -2466.0000000000 5056.0000000000
-2466.0000000000 5056.0000000000 -2294.0000000000 4920.0000000000
-2294.0000000000 4920.0000000000 -2316.0000000000 5202.0000000000
-2316.0000000000 5202.0000000000 -2059.0000000000 4851.0000000000
-2059.0000000000 4851.0000000000 -1770.0000000000 4863.0000000000
-1770.0000000000 4863.0000000000 -1709.0000000000 5259.0000000000
-1709.0000000000 5259.0000000000 -1437.0000000000 5362.0000000000
-1437.0000000000 5362.0000000000 -1360.0000000000 5889.0000000000
-1809.0000000000 14732.0000000000 -1549.0000000000 14740.0000000000
-470.0000000000 5376.0000000000 648.0000000000 5280.0000000000
600.0000000000 3790.0000000000 576.0000000000 3266.0000000000
485.0000000000 2103.0000000000 1302.0000000000 2005.0000000000
1302.0000000000 2005.0000000000 1527.0000000000 2264.0000000000
1527.0000000000 2264.0000000000 2417.0000000000 2254.0000000000
2417.0000000000 2254.0000000000 2225.0000000000 2003.0000000000
2225.0000000000 2003.0000000000 2246.0000000000 1403.0000000000
2246.0000000000 1403.0000000000 2645.0000000000 1407.0000000000
3412.0000000000 1591.0000000000 2981.0000000000 1327.0000000000
4798.0000000000 2036.0000000000 4799.0000000000 1842.0000000000
4799.0000000000 1842.0000000000 4599.0000000000 1674.0000000000
4595.0000000000 1146.0000000000 4594.0000000000 977.0000000000
7094.0000000000 871.0000000000 7238.0000000000 761.0000000000
7238.0000000000 761.0000000000 7237.0000000000 506.0000000000
9094.0000000000 318.0000000000 9087.0000000000 0.0000000000
