15 4
-980.0000000000 0.0000000000 -74.0000000000 2132.0000000000
-74.0000000000 2132.0000000000 153.0000000000 2927.0000000000
250.0000000000 2853.0000000000 408.0000000000 3320.0000000000
480.0000000000 3413.0000000000 1082.0000000000 3141.0000000000
1831.0000000000 4769.0000000000 1765.0000000000 4158.0000000000
3327.0000000000 7135.0000000000 3319.0000000000 6805.0000000000
3319.0000000000 6805.0000000000 3475.0000000000 6535.0000000000
6248.0000000000 11272.0000000000 6408.0000000000 11100.0000000000
7760.0000000000 12914.0000000000 8054.0000000000 12889.0000000000
10863.0000000000 12496.0000000000 10765.0000000000 11956.0000000000
10765.0000000000 11956.0000000000 11143.0000000000 11950.0000000000
7152.0000000000 7152.0000000000 7078.0000000000 6835.0000000000
7078.0000000000 6835.0000000000 7178.0000000000 6694.0000000000
1113.0000000000 968.0000000000 871.0000000000 201.0000000000
1609.0000000000 342.0000000000 2141.0000000000 112.0000000000
