20 4
-3018.0000000000 0.0000000000 -3496.0000000000 244.0000000000
-4131.0000000000 361.0000000000 -4344.0000000000 457.0000000000
-4312.0000000000 606.0000000000 -6374.0000000000 1472.0000000000
-9898.0000000000 3602.0000000000 -9916.0000000000 3807.0000000000
-7776.0000000000 3626.0000000000 -7368.0000000000 4604.0000000000
-4257.0000000000 2765.0000000000 -3920.0000000000 2644.0000000000
-3920.0000000000 2644.0000000000 -3847.0000000000 2795.0000000000
-3847.0000000000 2795.0000000000 -3936.0000000000 2966.0000000000
-3936.0000000000 2966.0000000000 -2141.0000000000 2217.0000000000
-2141.0000000000 2217.0000000000 -1775.0000000000 2954.0000000000
-1775.0000000000 2954.0000000000 -1150.0000000000 2710.0000000000
-1150.0000000000 2710.0000000000 -1010.0000000000 2932.0000000000
-1010.0000000000 2932.0000000000 -44.0000000000 2508.0000000000
-44.0000000000 2508.0000000000 -0.0000000000 2217.0000000000
-0.0000000000 2217.0000000000 1340.0000000000 1655.0000000000
1340.0000000000 1655.0000000000 1548.0000000000 1845.0000000000
1548.0000000000 1845.0000000000 2558.0000000000 1418.0000000000
2558.0000000000 1418.0000000000 2525.0000000000 1177.0000000000
2525.0000000000 1177.0000000000 3070.0000000000 939.0000000000
3070.0000000000 939.0000000000 2685.0000000000 0.0000000000
