15 4
-1062.0000000000 0.0000000000 -1111.0000000000 1278.0000000000
-7153.0000000000 8833.0000000000 -7121.0000000000 9114.0000000000
-7121.0000000000 9114.0000000000 -6733.0000000000 8935.0000000000
-3327.0000000000 4751.0000000000 -3005.0000000000 4454.0000000000
-3005.0000000000 4454.0000000000 -2727.0000000000 4364.0000000000
-2727.0000000000 4364.0000000000 696.0000000000 1309.0000000000
3660.0000000000 6603.0000000000 4040.0000000000 6998.0000000000
4928.0000000000 8201.0000000000 5050.0000000000 8082.0000000000
5543.0000000000 8536.0000000000 5928.0000000000 8160.0000000000
10816.0000000000 11599.0000000000 11399.0000000000 11008.0000000000
8713.0000000000 8125.0000000000 8855.0000000000 7973.0000000000
3212.0000000000 2601.0000000000 2793.0000000000 2105.0000000000
2793.0000000000 2105.0000000000 2976.0000000000 1933.0000000000
1263.0000000000 671.0000000000 1744.0000000000 214.0000000000
1744.0000000000 214.0000000000 1534.0000000000 0.0000000000
