26 4
-3028.0000000000 0.0000000000 -2968.0000000000 312.0000000000
-2968.0000000000 312.0000000000 -2476.0000000000 348.0000000000
-2476.0000000000 348.0000000000 -2438.0000000000 653.0000000000
-2438.0000000000 653.0000000000 -2867.0000000000 822.0000000000
-2867.0000000000 822.0000000000 -2416.0000000000 785.0000000000
-2416.0000000000 785.0000000000 -2269.0000000000 1589.0000000000
-2269.0000000000 1589.0000000000 -2637.0000000000 2061.0000000000
-2637.0000000000 2061.0000000000 -2463.0000000000 2833.0000000000
-2463.0000000000 2833.0000000000 -41.0000000000 2352.0000000000
-41.0000000000 2352.0000000000 45.0000000000 2554.0000000000
45.0000000000 2554.0000000000 79.0000000000 2272.0000000000
79.0000000000 2272.0000000000 278.0000000000 3173.0000000000
1596.0000000000 9050.0000000000 2069.0000000000 8960.0000000000
3878.0000000000 15555.0000000000 4698.0000000000 15367.0000000000
1017.0000000000 2955.0000000000 1341.0000000000 2750.0000000000
1481.0000000000 2786.0000000000 1252.0000000000 2259.0000000000
1598.0000000000 2769.0000000000 1892.0000000000 2702.0000000000
2278.0000000000 2620.0000000000 1956.0000000000 2098.0000000000
1956.0000000000 2098.0000000000 2565.0000000000 2565.0000000000
2565.0000000000 2565.0000000000 2526.0000000000 2274.0000000000
2526.0000000000 2274.0000000000 2870.0000000000 2495.0000000000
2870.0000000000 2495.0000000000 3932.0000000000 2270.0000000000
3932.0000000000 2270.0000000000 3881.0000000000 2063.0000000000
3989.0000000000 1776.0000000000 4335.0000000000 1664.0000000000
2785.0000000000 959.0000000000 2766.0000000000 793.0000000000
1121.0000000000 300.0000000000 1027.0000000000 0.0000000000
