16 4
-2870.0000000000 0.0000000000 -2252.0000000000 646.0000000000
-2252.0000000000 646.0000000000 -2848.0000000000 1209.0000000000
-2848.0000000000 1209.0000000000 -2599.0000000000 1157.0000000000
-2599.0000000000 1157.0000000000 -2484.0000000000 1321.0000000000
-2484.0000000000 1321.0000000000 -3021.0000000000 1815.0000000000
-4088.0000000000 2554.0000000000 -4321.0000000000 3256.0000000000
-6001.0000000000 4688.0000000000 -5348.0000000000 5348.0000000000
-3796.0000000000 3930.0000000000 -2832.0000000000 4905.0000000000
-2832.0000000000 4905.0000000000 76.0000000000 2169.0000000000
76.0000000000 2169.0000000000 287.0000000000 2335.0000000000
287.0000000000 2335.0000000000 925.0000000000 1739.0000000000
925.0000000000 1739.0000000000 1120.0000000000 1541.0000000000
1120.0000000000 1541.0000000000 995.0000000000 1320.0000000000
995.0000000000 1320.0000000000 2012.0000000000 319.0000000000
2012.0000000000 319.0000000000 2411.0000000000 296.0000000000
2411.0000000000 296.0000000000 2715.0000000000 0.0000000000
