25 4
-1700.0000000000 0.0000000000 -1697.0000000000 455.0000000000
-1697.0000000000 455.0000000000 -1947.0000000000 558.0000000000
-1947.0000000000 558.0000000000 -1946.0000000000 1079.0000000000
-1946.0000000000 1079.0000000000 -1934.0000000000 1681.0000000000
-1934.0000000000 1681.0000000000 -1684.0000000000 1684.0000000000
-1684.0000000000 1684.0000000000 -1656.0000000000 3115.0000000000
-1921.0000000000 3771.0000000000 -1917.0000000000 4306.0000000000
-1917.0000000000 4306.0000000000 -1683.0000000000 4383.0000000000
-1683.0000000000 4383.0000000000 -1644.0000000000 5061.0000000000
-1644.0000000000 5061.0000000000 -1072.0000000000 5045.0000000000
-1072.0000000000 5045.0000000000 -1043.0000000000 5367.0000000000
-1140.0000000000 10844.0000000000 1329.0000000000 10824.0000000000
976.0000000000 6947.0000000000 1220.0000000000 6921.0000000000
1220.0000000000 6921.0000000000 1289.0000000000 6632.0000000000
1289.0000000000 6632.0000000000 1282.0000000000 5143.0000000000
1349.0000000000 5034.0000000000 2131.0000000000 5020.0000000000
2131.0000000000 5020.0000000000 2120.0000000000 4346.0000000000
2120.0000000000 4346.0000000000 2382.0000000000 4297.0000000000
2382.0000000000 4297.0000000000 2366.0000000000 3643.0000000000
2366.0000000000 3643.0000000000 2104.0000000000 3005.0000000000
2104.0000000000 3005.0000000000 2097.0000000000 1698.0000000000
2097.0000000000 1698.0000000000 2350.0000000000 1646.0000000000
2350.0000000000 1646.0000000000 2353.0000000000 587.0000000000
2353.0000000000 587.0000000000 2107.0000000000 448.0000000000
2107.0000000000 448.0000000000 2104.0000000000 0.0000000000
