20 4
-2842.0000000000 0.0000000000 -2722.0000000000 238.0000000000
-2722.0000000000 238.0000000000 -3200.0000000000 680.0000000000
-3200.0000000000 680.0000000000 -2784.0000000000 1125.0000000000
-2784.0000000000 1125.0000000000 -3859.0000000000 1966.0000000000
-3801.0000000000 2107.0000000000 -4941.0000000000 3208.0000000000
-8698.0000000000 6319.0000000000 -8228.0000000000 6200.0000000000
-5965.0000000000 6177.0000000000 -5120.0000000000 7047.0000000000
-2715.0000000000 3877.0000000000 -2593.0000000000 3993.0000000000
-2593.0000000000 3993.0000000000 -2653.0000000000 4246.0000000000
-2653.0000000000 4246.0000000000 -1142.0000000000 2826.0000000000
-1142.0000000000 2826.0000000000 -539.0000000000 3402.0000000000
-539.0000000000 3402.0000000000 -52.0000000000 2967.0000000000
-52.0000000000 2967.0000000000 109.0000000000 3116.0000000000
109.0000000000 3116.0000000000 863.0000000000 2372.0000000000
863.0000000000 2372.0000000000 830.0000000000 2055.0000000000
830.0000000000 2055.0000000000 1847.0000000000 1067.0000000000
1847.0000000000 1067.0000000000 2149.0000000000 1143.0000000000
2149.0000000000 1143.0000000000 2887.0000000000 406.0000000000
2887.0000000000 406.0000000000 2749.0000000000 192.0000000000
2749.0000000000 192.0000000000 2962.0000000000 0.0000000000
