29 4
-4086.0000000000 0.0000000000 -3112.0000000000 218.0000000000
-3112.0000000000 218.0000000000 -3449.0000000000 302.0000000000
-3449.0000000000 302.0000000000 -3473.0000000000 488.0000000000
-3473.0000000000 488.0000000000 -2733.0000000000 581.0000000000
-4067.0000000000 1090.0000000000 -3265.0000000000 1061.0000000000
-3265.0000000000 1061.0000000000 -3313.0000000000 1475.0000000000
-3996.0000000000 1863.0000000000 -3617.0000000000 1923.0000000000
-2949.0000000000 1635.0000000000 -3404.0000000000 1966.0000000000
-3297.0000000000 1981.0000000000 -3352.0000000000 2347.0000000000
-2567.0000000000 1865.0000000000 -1977.0000000000 1909.0000000000
-1977.0000000000 1909.0000000000 -2076.0000000000 2657.0000000000
-2076.0000000000 2657.0000000000 -1355.0000000000 2779.0000000000
-1355.0000000000 2779.0000000000 -1186.0000000000 2665.0000000000
-1186.0000000000 2665.0000000000 -1139.0000000000 2820.0000000000
-1139.0000000000 2820.0000000000 -719.0000000000 2883.0000000000
-719.0000000000 2883.0000000000 -561.0000000000 2430.0000000000
-561.0000000000 2430.0000000000 -260.0000000000 2471.0000000000
-260.0000000000 2471.0000000000 -206.0000000000 2947.0000000000
-206.0000000000 2947.0000000000 -132.0000000000 2525.0000000000
-44.0000000000 2527.0000000000 716.0000000000 2674.0000000000
716.0000000000 2674.0000000000 969.0000000000 3169.0000000000
969.0000000000 3169.0000000000 1747.0000000000 3285.0000000000
1747.0000000000 3285.0000000000 2225.0000000000 810.0000000000
2225.0000000000 810.0000000000 2456.0000000000 846.0000000000
2456.0000000000 846.0000000000 2177.0000000000 707.0000000000
2177.0000000000 707.0000000000 2657.0000000000 762.0000000000
8376.0000000000 1780.0000000000 9076.0000000000 1600.0000000000
9076.0000000000 1600.0000000000 9147.0000000000 1123.0000000000
15955.0000000000 1677.0000000000 16041.0000000000 1122.0000000000
