28 4
-3444.0000000000 0.0000000000 -3916.0000000000 205.0000000000
-1831.0000000000 128.0000000000 -1263.0000000000 133.0000000000
-1263.0000000000 133.0000000000 -1498.0000000000 211.0000000000
-4206.0000000000 971.0000000000 -4252.0000000000 1382.0000000000
-4252.0000000000 1382.0000000000 -3746.0000000000 1438.0000000000
-1093.0000000000 510.0000000000 -950.0000000000 617.0000000000
-3046.0000000000 2295.0000000000 -3156.0000000000 2744.0000000000
-4402.0000000000 3964.0000000000 -4361.0000000000 4843.0000000000
-3267.0000000000 3758.0000000000 -3087.0000000000 3812.0000000000
-1579.0000000000 2095.0000000000 -1034.0000000000 2119.0000000000
-1034.0000000000 2119.0000000000 -1044.0000000000 3031.0000000000
-1211.0000000000 3728.0000000000 -785.0000000000 3402.0000000000
-785.0000000000 3402.0000000000 -651.0000000000 4110.0000000000
-736.0000000000 6998.0000000000 -487.0000000000 6958.0000000000
-297.0000000000 5663.0000000000 99.0000000000 5674.0000000000
99.0000000000 5674.0000000000 204.0000000000 5834.0000000000
364.0000000000 6953.0000000000 465.0000000000 6654.0000000000
583.0000000000 6660.0000000000 679.0000000000 6460.0000000000
714.0000000000 5812.0000000000 854.0000000000 6073.0000000000
854.0000000000 6073.0000000000 1048.0000000000 5943.0000000000
1318.0000000000 6201.0000000000 1740.0000000000 6979.0000000000
1740.0000000000 6979.0000000000 1779.0000000000 6640.0000000000
2199.0000000000 5443.0000000000 2478.0000000000 5838.0000000000
2478.0000000000 5838.0000000000 2477.0000000000 5563.0000000000
2190.0000000000 4696.0000000000 2187.0000000000 4292.0000000000
2187.0000000000 4292.0000000000 2755.0000000000 4242.0000000000
2631.0000000000 3368.0000000000 2948.0000000000 3513.0000000000
349.0000000000 388.0000000000 352.0000000000 0.0000000000
