40 4
-2526.0000000000 44.0000000000 -2560.0000000000 498.0000000000
-4343.0000000000 923.0000000000 -4363.0000000000 1334.0000000000
-3168.0000000000 1345.0000000000 -3064.0000000000 1629.0000000000
-3064.0000000000 1629.0000000000 -3443.0000000000 1909.0000000000
-4369.0000000000 2625.0000000000 -4172.0000000000 2607.0000000000
-4172.0000000000 2607.0000000000 -4383.0000000000 2846.0000000000
-1552.0000000000 1047.0000000000 -1025.0000000000 1061.0000000000
-1025.0000000000 1061.0000000000 -1002.0000000000 1967.0000000000
-1002.0000000000 1967.0000000000 -1159.0000000000 2485.0000000000
-1159.0000000000 2485.0000000000 -963.0000000000 2383.0000000000
-906.0000000000 2488.0000000000 -798.0000000000 2317.0000000000
-798.0000000000 2317.0000000000 -819.0000000000 2857.0000000000
-819.0000000000 2857.0000000000 -721.0000000000 2692.0000000000
-721.0000000000 2692.0000000000 -746.0000000000 2993.0000000000
-746.0000000000 2993.0000000000 -606.0000000000 3119.0000000000
-776.0000000000 4402.0000000000 -728.0000000000 4595.0000000000
-903.0000000000 6423.0000000000 -731.0000000000 5957.0000000000
-731.0000000000 5957.0000000000 -411.0000000000 5885.0000000000
-242.0000000000 4612.0000000000 81.0000000000 4618.0000000000
81.0000000000 4618.0000000000 259.0000000000 4944.0000000000
412.0000000000 5895.0000000000 489.0000000000 5584.0000000000
489.0000000000 5584.0000000000 704.0000000000 5730.0000000000
704.0000000000 5730.0000000000 751.0000000000 4739.0000000000
751.0000000000 4739.0000000000 970.0000000000 4991.0000000000
970.0000000000 4991.0000000000 1100.0000000000 4767.0000000000
1355.0000000000 5059.0000000000 1537.0000000000 5361.0000000000
1656.0000000000 5098.0000000000 1599.0000000000 4644.0000000000
1599.0000000000 4644.0000000000 1759.0000000000 4583.0000000000
2221.0000000000 5496.0000000000 2149.0000000000 5063.0000000000
2149.0000000000 5063.0000000000 2416.0000000000 5426.0000000000
2522.0000000000 5408.0000000000 2515.0000000000 5156.0000000000
2513.0000000000 4726.0000000000 2593.0000000000 4491.0000000000
2221.0000000000 3697.0000000000 2229.0000000000 3184.0000000000
2229.0000000000 3184.0000000000 2981.0000000000 3197.0000000000
2981.0000000000 3197.0000000000 2939.0000000000 2838.0000000000
2964.0000000000 2668.0000000000 2858.0000000000 2233.0000000000
2858.0000000000 2233.0000000000 2984.0000000000 2090.0000000000
2511.0000000000 1694.0000000000 2551.0000000000 404.0000000000
2551.0000000000 404.0000000000 2971.0000000000 365.0000000000
2971.0000000000 365.0000000000 2991.0000000000 0.0000000000
