24 4
-1680.0000000000 0.0000000000 -1652.0000000000 1245.0000000000
-1652.0000000000 1245.0000000000 -1900.0000000000 1539.0000000000
-1900.0000000000 1539.0000000000 -1886.0000000000 2329.0000000000
-1886.0000000000 2329.0000000000 -1875.0000000000 2489.0000000000
-1875.0000000000 2489.0000000000 -1626.0000000000 2503.0000000000
-1626.0000000000 2503.0000000000 -1574.0000000000 3896.0000000000
-1828.0000000000 4762.0000000000 -1794.0000000000 5211.0000000000
-1794.0000000000 5211.0000000000 -1591.0000000000 5205.0000000000
-1591.0000000000 5205.0000000000 -1603.0000000000 5591.0000000000
-1603.0000000000 5591.0000000000 -1466.0000000000 5878.0000000000
-1466.0000000000 5878.0000000000 -928.0000000000 5857.0000000000
-818.0000000000 11696.0000000000 1631.0000000000 11605.0000000000
1349.0000000000 7653.0000000000 1438.0000000000 7396.0000000000
1423.0000000000 6694.0000000000 1445.0000000000 5797.0000000000
1445.0000000000 5797.0000000000 2221.0000000000 5786.0000000000
2221.0000000000 5786.0000000000 2278.0000000000 5117.0000000000
2278.0000000000 5117.0000000000 2482.0000000000 5088.0000000000
2482.0000000000 5088.0000000000 2462.0000000000 4442.0000000000
2186.0000000000 3787.0000000000 2166.0000000000 2492.0000000000
2166.0000000000 2492.0000000000 2413.0000000000 2413.0000000000
2413.0000000000 2413.0000000000 2406.0000000000 1813.0000000000
2406.0000000000 1813.0000000000 2384.0000000000 1377.0000000000
2384.0000000000 1377.0000000000 2125.0000000000 1178.0000000000
1076.0000000000 572.0000000000 1060.0000000000 0.0000000000
