39 4
-1016.0000000000 0.0000000000 -1033.0000000000 998.0000000000
-1568.0000000000 1568.0000000000 -1572.0000000000 1808.0000000000
-1572.0000000000 1808.0000000000 -1015.0000000000 1299.0000000000
-1015.0000000000 1299.0000000000 -1136.0000000000 1564.0000000000
-1136.0000000000 1564.0000000000 -795.0000000000 1273.0000000000
-795.0000000000 1273.0000000000 -892.0000000000 1485.0000000000
-892.0000000000 1485.0000000000 -823.0000000000 1687.0000000000
-737.0000000000 1654.0000000000 -813.0000000000 1916.0000000000
-813.0000000000 1916.0000000000 -639.0000000000 2090.0000000000
-953.0000000000 3325.0000000000 -775.0000000000 3355.0000000000
-1014.0000000000 5218.0000000000 -871.0000000000 4941.0000000000
-871.0000000000 4941.0000000000 -598.0000000000 4867.0000000000
-312.0000000000 3565.0000000000 124.0000000000 3553.0000000000
340.0000000000 4868.0000000000 398.0000000000 4550.0000000000
398.0000000000 4550.0000000000 637.0000000000 4531.0000000000
637.0000000000 4531.0000000000 696.0000000000 3580.0000000000
696.0000000000 3580.0000000000 847.0000000000 3987.0000000000
847.0000000000 3987.0000000000 956.0000000000 3836.0000000000
1054.0000000000 3933.0000000000 966.0000000000 3161.0000000000
1320.0000000000 4062.0000000000 1486.0000000000 4315.0000000000
1780.0000000000 4890.0000000000 1754.0000000000 4569.0000000000
1551.0000000000 3839.0000000000 1591.0000000000 3574.0000000000
1591.0000000000 3574.0000000000 1997.0000000000 3920.0000000000
2450.0000000000 4420.0000000000 2457.0000000000 3932.0000000000
2073.0000000000 3193.0000000000 2460.0000000000 3647.0000000000
2462.0000000000 3516.0000000000 2724.0000000000 3487.0000000000
2183.0000000000 2696.0000000000 2191.0000000000 2191.0000000000
2191.0000000000 2191.0000000000 2943.0000000000 2218.0000000000
2943.0000000000 2218.0000000000 2946.0000000000 1987.0000000000
2946.0000000000 1987.0000000000 2506.0000000000 1627.0000000000
2506.0000000000 1627.0000000000 2953.0000000000 1845.0000000000
2953.0000000000 1845.0000000000 2842.0000000000 1641.0000000000
2958.0000000000 1640.0000000000 2975.0000000000 910.0000000000
2975.0000000000 910.0000000000 2516.0000000000 721.0000000000
2516.0000000000 721.0000000000 2501.0000000000 532.0000000000
2501.0000000000 532.0000000000 2547.0000000000 358.0000000000
2547.0000000000 358.0000000000 2969.0000000000 365.0000000000
2969.0000000000 365.0000000000 2522.0000000000 265.0000000000
2522.0000000000 265.0000000000 2521.0000000000 0.0000000000
