12 4
-1115.0000000000 0.0000000000 -1344.0000000000 1088.0000000000
-8842.0000000000 7420.0000000000 -8814.0000000000 7662.0000000000
-4243.0000000000 4097.0000000000 -3520.0000000000 3775.0000000000
-3520.0000000000 3775.0000000000 429.0000000000 1403.0000000000
2303.0000000000 7088.0000000000 2596.0000000000 7540.0000000000
3276.0000000000 9001.0000000000 3429.0000000000 8932.0000000000
3809.0000000000 9427.0000000000 4263.0000000000 9143.0000000000
8408.0000000000 13456.0000000000 9321.0000000000 12829.0000000000
2660.0000000000 3171.0000000000 2345.0000000000 2605.0000000000
2345.0000000000 2605.0000000000 2563.0000000000 2390.0000000000
1107.0000000000 897.0000000000 1662.0000000000 540.0000000000
1662.0000000000 540.0000000000 1325.0000000000 0.0000000000
