29 4
-3050.0000000000 0.0000000000 -3092.0000000000 271.0000000000
-4337.0000000000 456.0000000000 -4014.0000000000 564.0000000000
-4014.0000000000 564.0000000000 -4239.0000000000 747.0000000000
-4239.0000000000 747.0000000000 -3017.0000000000 808.0000000000
-3017.0000000000 808.0000000000 -3328.0000000000 954.0000000000
-3328.0000000000 954.0000000000 -3323.0000000000 1144.0000000000
-3323.0000000000 1144.0000000000 -2583.0000000000 1044.0000000000
-3746.0000000000 1590.0000000000 -3893.0000000000 1815.0000000000
-3893.0000000000 1815.0000000000 -2998.0000000000 1662.0000000000
-2998.0000000000 1662.0000000000 -3042.0000000000 2130.0000000000
-3538.0000000000 2570.0000000000 -3165.0000000000 2563.0000000000
-2579.0000000000 2164.0000000000 -2941.0000000000 2557.0000000000
-2941.0000000000 2557.0000000000 -2782.0000000000 2881.0000000000
-2103.0000000000 2255.0000000000 -1569.0000000000 2240.0000000000
-1569.0000000000 2240.0000000000 -1531.0000000000 3004.0000000000
-1531.0000000000 3004.0000000000 -610.0000000000 2869.0000000000
-578.0000000000 2972.0000000000 -207.0000000000 2959.0000000000
-207.0000000000 2959.0000000000 -87.0000000000 2479.0000000000
-87.0000000000 2479.0000000000 217.0000000000 2483.0000000000
217.0000000000 2483.0000000000 350.0000000000 2854.0000000000
350.0000000000 2854.0000000000 352.0000000000 2507.0000000000
352.0000000000 2507.0000000000 1111.0000000000 2496.0000000000
1111.0000000000 2496.0000000000 1566.0000000000 2946.0000000000
1566.0000000000 2946.0000000000 2354.0000000000 2907.0000000000
2354.0000000000 2907.0000000000 2340.0000000000 413.0000000000
2340.0000000000 413.0000000000 2669.0000000000 375.0000000000
2669.0000000000 375.0000000000 2274.0000000000 279.0000000000
2274.0000000000 279.0000000000 2865.0000000000 251.0000000000
9150.0000000000 160.0000000000 9213.0000000000 0.0000000000
