20 4
-1795.0000000000 0.0000000000 -1872.0000000000 432.0000000000
-1872.0000000000 432.0000000000 -2158.0000000000 538.0000000000
-2158.0000000000 538.0000000000 -2408.0000000000 1564.0000000000
-2408.0000000000 1564.0000000000 -2158.0000000000 1626.0000000000
-2158.0000000000 1626.0000000000 -2333.0000000000 2253.0000000000
-2333.0000000000 2253.0000000000 -1764.0000000000 2428.0000000000
-1764.0000000000 2428.0000000000 -1874.0000000000 3000.0000000000
-2184.0000000000 3635.0000000000 -2130.0000000000 4005.0000000000
-2130.0000000000 4005.0000000000 -2684.0000000000 6322.0000000000
-3792.0000000000 9878.0000000000 -3736.0000000000 10264.0000000000
-1638.0000000000 8428.0000000000 -606.0000000000 8667.0000000000
-257.0000000000 4906.0000000000 -165.0000000000 4720.0000000000
-165.0000000000 4720.0000000000 84.0000000000 4800.0000000000
84.0000000000 4800.0000000000 528.0000000000 2994.0000000000
528.0000000000 2994.0000000000 1353.0000000000 3189.0000000000
1353.0000000000 3189.0000000000 1517.0000000000 2525.0000000000
1517.0000000000 2525.0000000000 1745.0000000000 2587.0000000000
1745.0000000000 2587.0000000000 2002.0000000000 1564.0000000000
2002.0000000000 1564.0000000000 1803.0000000000 1310.0000000000
1803.0000000000 1310.0000000000 2118.0000000000 0.0000000000
