17 4
-2537.0000000000 133.0000000000 -2242.0000000000 157.0000000000
-2242.0000000000 157.0000000000 -1559.0000000000 1454.0000000000
-1559.0000000000 1454.0000000000 -1737.0000000000 1678.0000000000
-1737.0000000000 1678.0000000000 -1230.0000000000 2638.0000000000
-1230.0000000000 2638.0000000000 -1037.0000000000 2567.0000000000
-1037.0000000000 2567.0000000000 -663.0000000000 3121.0000000000
-663.0000000000 3121.0000000000 231.0000000000 2644.0000000000
231.0000000000 2644.0000000000 660.0000000000 3397.0000000000
660.0000000000 3397.0000000000 660.0000000000 3104.0000000000
660.0000000000 3104.0000000000 813.0000000000 3033.0000000000
813.0000000000 3033.0000000000 1133.0000000000 3707.0000000000
1598.0000000000 4917.0000000000 2132.0000000000 5277.0000000000
3118.0000000000 7347.0000000000 3968.0000000000 6874.0000000000
3008.0000000000 5007.0000000000 4194.0000000000 4343.0000000000
4194.0000000000 4343.0000000000 2385.0000000000 821.0000000000
2385.0000000000 821.0000000000 2591.0000000000 646.0000000000
2591.0000000000 646.0000000000 2230.0000000000 0.0000000000
