19 4
-2378.0000000000 0.0000000000 -1668.0000000000 925.0000000000
-1668.0000000000 925.0000000000 -1404.0000000000 844.0000000000
-1404.0000000000 844.0000000000 -531.0000000000 1982.0000000000
-531.0000000000 1982.0000000000 -580.0000000000 2325.0000000000
-580.0000000000 2325.0000000000 -0.0000000000 3087.0000000000
-0.0000000000 3087.0000000000 207.0000000000 2954.0000000000
207.0000000000 2954.0000000000 616.0000000000 3492.0000000000
616.0000000000 3492.0000000000 1081.0000000000 3139.0000000000
1081.0000000000 3139.0000000000 1435.0000000000 3552.0000000000
1823.0000000000 4295.0000000000 1987.0000000000 4261.0000000000
1987.0000000000 4261.0000000000 2560.0000000000 5024.0000000000
5766.0000000000 6871.0000000000 6625.0000000000 6178.0000000000
4064.0000000000 3659.0000000000 3851.0000000000 3348.0000000000
3851.0000000000 3348.0000000000 4090.0000000000 3195.0000000000
4090.0000000000 3195.0000000000 2957.0000000000 1707.0000000000
2957.0000000000 1707.0000000000 3623.0000000000 1177.0000000000
3623.0000000000 1177.0000000000 3247.0000000000 631.0000000000
3247.0000000000 631.0000000000 3391.0000000000 477.0000000000
3391.0000000000 477.0000000000 3005.0000000000 0.0000000000
