14 4
-2396.0000000000 0.0000000000 -2410.0000000000 339.0000000000
-2410.0000000000 339.0000000000 -2156.0000000000 380.0000000000
-2156.0000000000 380.0000000000 -2172.0000000000 1013.0000000000
-2172.0000000000 1013.0000000000 -1101.0000000000 1027.0000000000
-1101.0000000000 1027.0000000000 -1097.0000000000 1756.0000000000
-1097.0000000000 1756.0000000000 -975.0000000000 1623.0000000000
-975.0000000000 1623.0000000000 -768.0000000000 1647.0000000000
-768.0000000000 1647.0000000000 -859.0000000000 2361.0000000000
-997.0000000000 3723.0000000000 -607.0000000000 4321.0000000000
-800.0000000000 6514.0000000000 226.0000000000 6483.0000000000
230.0000000000 4395.0000000000 1646.0000000000 4288.0000000000
1646.0000000000 4288.0000000000 1636.0000000000 348.0000000000
1636.0000000000 348.0000000000 1893.0000000000 334.0000000000
1893.0000000000 334.0000000000 1867.0000000000 0.0000000000
