14 4
-2652.0000000000 0.0000000000 -2954.0000000000 415.0000000000
-2954.0000000000 415.0000000000 -2104.0000000000 1072.0000000000
-2104.0000000000 1072.0000000000 -2505.0000000000 1627.0000000000
-2505.0000000000 1627.0000000000 -2329.0000000000 1631.0000000000
-2329.0000000000 1631.0000000000 -2227.0000000000 1803.0000000000
-2227.0000000000 1803.0000000000 -2660.0000000000 2313.0000000000
-3535.0000000000 3297.0000000000 -3647.0000000000 4051.0000000000
-4990.0000000000 5740.0000000000 -4332.0000000000 6187.0000000000
-3055.0000000000 4529.0000000000 -1836.0000000000 5331.0000000000
-1836.0000000000 5331.0000000000 489.0000000000 2117.0000000000
489.0000000000 2117.0000000000 725.0000000000 2230.0000000000
725.0000000000 2230.0000000000 1360.0000000000 1360.0000000000
1360.0000000000 1360.0000000000 1237.0000000000 1075.0000000000
1237.0000000000 1075.0000000000 2000.0000000000 0.0000000000
