17 4
-2939.0000000000 0.0000000000 -2485.0000000000 574.0000000000
-2485.0000000000 574.0000000000 -2161.0000000000 579.0000000000
-2161.0000000000 579.0000000000 -1253.0000000000 1725.0000000000
-1253.0000000000 1725.0000000000 -1382.0000000000 1973.0000000000
-1382.0000000000 1973.0000000000 -706.0000000000 2833.0000000000
-706.0000000000 2833.0000000000 -526.0000000000 2708.0000000000
-526.0000000000 2708.0000000000 -112.0000000000 3197.0000000000
-112.0000000000 3197.0000000000 730.0000000000 2546.0000000000
730.0000000000 2546.0000000000 1188.0000000000 3096.0000000000
1188.0000000000 3096.0000000000 1376.0000000000 2820.0000000000
1376.0000000000 2820.0000000000 1822.0000000000 3426.0000000000
2517.0000000000 4541.0000000000 3127.0000000000 4816.0000000000
4463.0000000000 6617.0000000000 5212.0000000000 5995.0000000000
3912.0000000000 4344.0000000000 4948.0000000000 3464.0000000000
4948.0000000000 3464.0000000000 2489.0000000000 350.0000000000
2489.0000000000 350.0000000000 2646.0000000000 185.0000000000
2646.0000000000 185.0000000000 2533.0000000000 0.0000000000
