15 4
-1365.0000000000 0.0000000000 -1653.0000000000 474.0000000000
-11195.0000000000 3423.0000000000 -11113.0000000000 3611.0000000000
-11113.0000000000 3611.0000000000 -10544.0000000000 3631.0000000000
-5564.0000000000 2136.0000000000 -4456.0000000000 2078.0000000000
-4456.0000000000 2078.0000000000 -175.0000000000 1427.0000000000
-720.0000000000 6853.0000000000 -553.0000000000 7904.0000000000
-502.0000000000 9576.0000000000 -334.0000000000 9562.0000000000
-334.0000000000 9562.0000000000 -177.0000000000 10141.0000000000
-177.0000000000 10141.0000000000 352.0000000000 10082.0000000000
2483.0000000000 15678.0000000000 3564.0000000000 15439.0000000000
1209.0000000000 3953.0000000000 1136.0000000000 3300.0000000000
1136.0000000000 3300.0000000000 1422.0000000000 3195.0000000000
691.0000000000 1247.0000000000 1315.0000000000 1143.0000000000
1315.0000000000 1143.0000000000 1201.0000000000 367.0000000000
1201.0000000000 367.0000000000 3325.0000000000 0.0000000000
