18 4
-2095.0000000000 0.0000000000 -2016.0000000000 734.0000000000
-2016.0000000000 734.0000000000 -2254.0000000000 911.0000000000
-2254.0000000000 911.0000000000 -2170.0000000000 1954.0000000000
-2170.0000000000 1954.0000000000 -1948.0000000000 1948.0000000000
-1948.0000000000 1948.0000000000 -1884.0000000000 2594.0000000000
-1884.0000000000 2594.0000000000 -821.0000000000 2526.0000000000
-821.0000000000 2526.0000000000 -749.0000000000 3243.0000000000
-749.0000000000 3243.0000000000 -437.0000000000 3111.0000000000
-437.0000000000 3111.0000000000 -405.0000000000 3853.0000000000
-451.0000000000 5159.0000000000 -100.0000000000 5719.0000000000
-0.0000000000 7976.0000000000 968.0000000000 7882.0000000000
813.0000000000 5784.0000000000 2165.0000000000 5639.0000000000
2165.0000000000 5639.0000000000 1854.0000000000 1669.0000000000
1854.0000000000 1669.0000000000 2111.0000000000 1591.0000000000
2111.0000000000 1591.0000000000 2048.0000000000 705.0000000000
2048.0000000000 705.0000000000 2033.0000000000 545.0000000000
2033.0000000000 545.0000000000 1764.0000000000 407.0000000000
1764.0000000000 407.0000000000 1747.0000000000 0.0000000000
