25 4
-3017.0000000000 0.0000000000 -3374.0000000000 236.0000000000
-3374.0000000000 236.0000000000 -2653.0000000000 1352.0000000000
-2653.0000000000 1352.0000000000 -2241.0000000000 1192.0000000000
-2241.0000000000 1192.0000000000 -2065.0000000000 1393.0000000000
-2027.0000000000 1472.0000000000 -2379.0000000000 1793.0000000000
-2379.0000000000 1793.0000000000 -1947.0000000000 1633.0000000000
-1947.0000000000 1633.0000000000 -1515.0000000000 2332.0000000000
-1515.0000000000 2332.0000000000 -1720.0000000000 2863.0000000000
-1720.0000000000 2863.0000000000 -1280.0000000000 3516.0000000000
-1280.0000000000 3516.0000000000 845.0000000000 2202.0000000000
918.0000000000 2272.0000000000 927.0000000000 2081.0000000000
927.0000000000 2081.0000000000 1267.0000000000 2598.0000000000
4348.0000000000 7532.0000000000 4721.0000000000 7858.0000000000
4721.0000000000 7858.0000000000 5280.0000000000 7540.0000000000
9432.0000000000 12982.0000000000 9891.0000000000 12660.0000000000
2022.0000000000 2326.0000000000 2380.0000000000 2069.0000000000
2380.0000000000 2069.0000000000 2162.0000000000 1814.0000000000
2162.0000000000 1814.0000000000 2479.0000000000 2008.0000000000
2479.0000000000 2008.0000000000 2702.0000000000 1822.0000000000
1988.0000000000 1291.0000000000 1987.0000000000 1101.0000000000
3566.0000000000 1298.0000000000 4459.0000000000 706.0000000000
4459.0000000000 706.0000000000 4417.0000000000 542.0000000000
3796.0000000000 399.0000000000 3981.0000000000 348.0000000000
3981.0000000000 348.0000000000 3489.0000000000 244.0000000000
4324.0000000000 227.0000000000 4651.0000000000 0.0000000000
