11 4
-856.0000000000 0.0000000000 -843.0000000000 1585.0000000000
-2397.0000000000 4704.0000000000 -412.0000000000 4704.0000000000
-990.0000000000 14154.0000000000 -740.0000000000 14111.0000000000
157.0000000000 9015.0000000000 295.0000000000 8438.0000000000
573.0000000000 4669.0000000000 597.0000000000 1479.0000000000
597.0000000000 1479.0000000000 983.0000000000 1457.0000000000
983.0000000000 1457.0000000000 746.0000000000 955.0000000000
746.0000000000 955.0000000000 992.0000000000 1063.0000000000
992.0000000000 1063.0000000000 720.0000000000 720.0000000000
781.0000000000 656.0000000000 992.0000000000 804.0000000000
992.0000000000 804.0000000000 981.0000000000 0.0000000000
