23 4
-1375.0000000000 0.0000000000 -1400.0000000000 482.0000000000
-1400.0000000000 482.0000000000 -1012.0000000000 516.0000000000
-1012.0000000000 516.0000000000 -1059.0000000000 858.0000000000
-1059.0000000000 858.0000000000 -1418.0000000000 1190.0000000000
-1418.0000000000 1190.0000000000 -1513.0000000000 1513.0000000000
-2508.0000000000 2598.0000000000 -2536.0000000000 3246.0000000000
-2536.0000000000 3246.0000000000 -2280.0000000000 3380.0000000000
-2280.0000000000 3380.0000000000 -2336.0000000000 4790.0000000000
-2623.0000000000 5625.0000000000 -2624.0000000000 5894.0000000000
-2624.0000000000 5894.0000000000 -2417.0000000000 5981.0000000000
-2417.0000000000 5981.0000000000 -2447.0000000000 6375.0000000000
-2447.0000000000 6375.0000000000 -2280.0000000000 6622.0000000000
-2280.0000000000 6622.0000000000 -1409.0000000000 6631.0000000000
-1409.0000000000 6631.0000000000 -1215.0000000000 6889.0000000000
-1520.0000000000 12376.0000000000 434.0000000000 12427.0000000000
710.0000000000 6754.0000000000 1318.0000000000 6779.0000000000
1318.0000000000 6779.0000000000 1417.0000000000 6136.0000000000
1417.0000000000 6136.0000000000 1700.0000000000 5930.0000000000
1448.0000000000 4736.0000000000 1484.0000000000 3496.0000000000
1505.0000000000 3381.0000000000 1729.0000000000 3394.0000000000
1729.0000000000 3394.0000000000 1757.0000000000 2924.0000000000
928.0000000000 1486.0000000000 1132.0000000000 139.0000000000
1132.0000000000 139.0000000000 968.0000000000 0.0000000000
