26 4
-1702.0000000000 209.0000000000 -1711.0000000000 395.0000000000
-1711.0000000000 395.0000000000 -1319.0000000000 329.0000000000
-1332.0000000000 459.0000000000 -867.0000000000 442.0000000000
-867.0000000000 442.0000000000 -1215.0000000000 759.0000000000
-1068.0000000000 720.0000000000 -1174.0000000000 985.0000000000
-1174.0000000000 985.0000000000 -1015.0000000000 1015.0000000000
-1503.0000000000 1557.0000000000 -1292.0000000000 1385.0000000000
-1292.0000000000 1385.0000000000 -649.0000000000 1330.0000000000
-649.0000000000 1330.0000000000 -654.0000000000 2441.0000000000
-838.0000000000 3359.0000000000 -540.0000000000 3409.0000000000
-990.0000000000 8063.0000000000 -697.0000000000 7967.0000000000
-273.0000000000 5212.0000000000 -0.0000000000 5084.0000000000
203.0000000000 3879.0000000000 398.0000000000 3790.0000000000
398.0000000000 3790.0000000000 536.0000000000 3384.0000000000
753.0000000000 3262.0000000000 995.0000000000 2345.0000000000
995.0000000000 2345.0000000000 1476.0000000000 3025.0000000000
605.0000000000 1137.0000000000 1052.0000000000 1089.0000000000
1052.0000000000 1089.0000000000 824.0000000000 824.0000000000
824.0000000000 824.0000000000 853.0000000000 643.0000000000
853.0000000000 643.0000000000 1533.0000000000 921.0000000000
1533.0000000000 921.0000000000 1535.0000000000 749.0000000000
1535.0000000000 749.0000000000 856.0000000000 381.0000000000
856.0000000000 381.0000000000 1030.0000000000 395.0000000000
1030.0000000000 395.0000000000 1035.0000000000 201.0000000000
1035.0000000000 201.0000000000 1547.0000000000 190.0000000000
1547.0000000000 190.0000000000 1557.0000000000 0.0000000000
