24 4
-1483.0000000000 0.0000000000 -4589.0000000000 2238.0000000000
-5095.0000000000 2596.0000000000 -5305.0000000000 2821.0000000000
-5305.0000000000 2821.0000000000 -4760.0000000000 3587.0000000000
-4680.0000000000 3656.0000000000 -4347.0000000000 3520.0000000000
-4347.0000000000 3520.0000000000 -4238.0000000000 3684.0000000000
-3221.0000000000 3336.0000000000 -2901.0000000000 3110.0000000000
-2901.0000000000 3110.0000000000 -2755.0000000000 3526.0000000000
-2755.0000000000 3526.0000000000 -2213.0000000000 3046.0000000000
-2213.0000000000 3046.0000000000 -2174.0000000000 3222.0000000000
-1523.0000000000 2345.0000000000 -1182.0000000000 2424.0000000000
-1182.0000000000 2424.0000000000 -1341.0000000000 3011.0000000000
-1341.0000000000 3011.0000000000 237.0000000000 1931.0000000000
237.0000000000 1931.0000000000 462.0000000000 2173.0000000000
462.0000000000 2173.0000000000 628.0000000000 1933.0000000000
628.0000000000 1933.0000000000 1252.0000000000 2684.0000000000
2372.0000000000 4863.0000000000 2654.0000000000 5209.0000000000
5258.0000000000 9108.0000000000 5706.0000000000 8786.0000000000
12180.0000000000 18058.0000000000 12491.0000000000 17839.0000000000
8493.0000000000 11689.0000000000 8551.0000000000 11347.0000000000
5887.0000000000 7535.0000000000 6331.0000000000 7818.0000000000
4737.0000000000 5645.0000000000 4362.0000000000 4845.0000000000
3479.0000000000 3360.0000000000 2519.0000000000 2113.0000000000
2609.0000000000 2038.0000000000 1949.0000000000 1080.0000000000
1128.0000000000 600.0000000000 702.0000000000 0.0000000000
