18 4
-2227.0000000000 0.0000000000 -2224.0000000000 638.0000000000
-2224.0000000000 638.0000000000 -2474.0000000000 804.0000000000
-2474.0000000000 804.0000000000 -2483.0000000000 1871.0000000000
-2483.0000000000 1871.0000000000 -2222.0000000000 1931.0000000000
-2222.0000000000 1931.0000000000 -2210.0000000000 2542.0000000000
-2210.0000000000 2542.0000000000 -1181.0000000000 2532.0000000000
-1181.0000000000 2532.0000000000 -1159.0000000000 2869.0000000000
-1159.0000000000 2869.0000000000 -904.0000000000 2781.0000000000
-904.0000000000 2781.0000000000 -881.0000000000 3815.0000000000
-1608.0000000000 8274.0000000000 725.0000000000 8289.0000000000
725.0000000000 8289.0000000000 861.0000000000 8192.0000000000
842.0000000000 5989.0000000000 845.0000000000 2602.0000000000
845.0000000000 2602.0000000000 1557.0000000000 2591.0000000000
1557.0000000000 2591.0000000000 1584.0000000000 1888.0000000000
1584.0000000000 1888.0000000000 1814.0000000000 1814.0000000000
1814.0000000000 1814.0000000000 1806.0000000000 804.0000000000
1806.0000000000 804.0000000000 1556.0000000000 660.0000000000
1556.0000000000 660.0000000000 1549.0000000000 0.0000000000
