17 4
-934.0000000000 0.0000000000 -615.0000000000 2895.0000000000
-578.0000000000 2974.0000000000 -50.0000000000 2846.0000000000
-50.0000000000 2846.0000000000 154.0000000000 2930.0000000000
350.0000000000 4003.0000000000 638.0000000000 4029.0000000000
638.0000000000 4029.0000000000 811.0000000000 3818.0000000000
811.0000000000 3818.0000000000 973.0000000000 3902.0000000000
2629.0000000000 9169.0000000000 2830.0000000000 9256.0000000000
4553.0000000000 11270.0000000000 4724.0000000000 11129.0000000000
4724.0000000000 11129.0000000000 4955.0000000000 11129.0000000000
5678.0000000000 12177.0000000000 5978.0000000000 12256.0000000000
5635.0000000000 11060.0000000000 6018.0000000000 10857.0000000000
8641.0000000000 14968.0000000000 9972.0000000000 14784.0000000000
5964.0000000000 8518.0000000000 5906.0000000000 8129.0000000000
6128.0000000000 7844.0000000000 6372.0000000000 7869.0000000000
6372.0000000000 7869.0000000000 6210.0000000000 7401.0000000000
6210.0000000000 7401.0000000000 6286.0000000000 7232.0000000000
762.0000000000 846.0000000000 623.0000000000 0.0000000000
