15 4
-2318.0000000000 0.0000000000 -2528.0000000000 266.0000000000
-2528.0000000000 266.0000000000 -2096.0000000000 763.0000000000
-1314.0000000000 504.0000000000 -863.0000000000 993.0000000000
-863.0000000000 993.0000000000 -1280.0000000000 1581.0000000000
-1280.0000000000 1581.0000000000 -619.0000000000 2311.0000000000
-619.0000000000 2311.0000000000 -65.0000000000 1867.0000000000
-65.0000000000 1867.0000000000 118.0000000000 2250.0000000000
216.0000000000 3091.0000000000 586.0000000000 2758.0000000000
586.0000000000 2758.0000000000 1773.0000000000 3982.0000000000
1773.0000000000 3982.0000000000 2881.0000000000 2983.0000000000
1030.0000000000 834.0000000000 795.0000000000 599.0000000000
795.0000000000 599.0000000000 1080.0000000000 785.0000000000
1080.0000000000 785.0000000000 1564.0000000000 332.0000000000
4542.0000000000 801.0000000000 4569.0000000000 642.0000000000
5751.0000000000 201.0000000000 5456.0000000000 95.0000000000
