27 4
-1269.0000000000 0.0000000000 -1063.0000000000 992.0000000000
-4504.0000000000 6432.0000000000 -4381.0000000000 6745.0000000000
-5771.0000000000 9235.0000000000 -4026.0000000000 9043.0000000000
-3343.0000000000 8273.0000000000 -3195.0000000000 8778.0000000000
-2529.0000000000 7345.0000000000 -2351.0000000000 7237.0000000000
-2351.0000000000 7237.0000000000 -2113.0000000000 7368.0000000000
-2113.0000000000 7368.0000000000 -1945.0000000000 7800.0000000000
-1652.0000000000 7154.0000000000 -1406.0000000000 7233.0000000000
-1406.0000000000 7233.0000000000 -1247.0000000000 7871.0000000000
-1247.0000000000 7871.0000000000 -968.0000000000 7888.0000000000
-608.0000000000 17404.0000000000 -303.0000000000 17354.0000000000
-0.0000000000 7759.0000000000 140.0000000000 8038.0000000000
248.0000000000 7101.0000000000 607.0000000000 6941.0000000000
1305.0000000000 8237.0000000000 1495.0000000000 8480.0000000000
1530.0000000000 7873.0000000000 1786.0000000000 7736.0000000000
1786.0000000000 7736.0000000000 2288.0000000000 7978.0000000000
2164.0000000000 7079.0000000000 2418.0000000000 7021.0000000000
697.0000000000 1914.0000000000 602.0000000000 1181.0000000000
602.0000000000 1181.0000000000 893.0000000000 1103.0000000000
893.0000000000 1103.0000000000 1081.0000000000 1244.0000000000
1081.0000000000 1244.0000000000 1136.0000000000 1059.0000000000
1136.0000000000 1059.0000000000 992.0000000000 620.0000000000
992.0000000000 620.0000000000 1486.0000000000 600.0000000000
1505.0000000000 460.0000000000 1741.0000000000 434.0000000000
7159.0000000000 1522.0000000000 7064.0000000000 1373.0000000000
6007.0000000000 951.0000000000 5705.0000000000 600.0000000000
5705.0000000000 600.0000000000 6345.0000000000 444.0000000000
