31 4
-1212.0000000000 0.0000000000 -1538.0000000000 750.0000000000
-1538.0000000000 750.0000000000 -988.0000000000 954.0000000000
-1029.0000000000 1104.0000000000 -876.0000000000 1205.0000000000
-1919.0000000000 2845.0000000000 -2082.0000000000 3205.0000000000
-2082.0000000000 3205.0000000000 -1703.0000000000 2834.0000000000
-1157.0000000000 2271.0000000000 -1270.0000000000 2605.0000000000
-1362.0000000000 3370.0000000000 -1239.0000000000 3228.0000000000
-2291.0000000000 10777.0000000000 -2107.0000000000 10839.0000000000
-1491.0000000000 10606.0000000000 -1122.0000000000 10679.0000000000
-581.0000000000 11088.0000000000 -191.0000000000 10940.0000000000
-0.0000000000 12933.0000000000 224.0000000000 12852.0000000000
1259.0000000000 14395.0000000000 1463.0000000000 13922.0000000000
1102.0000000000 8976.0000000000 1246.0000000000 8863.0000000000
1246.0000000000 8863.0000000000 1339.0000000000 8456.0000000000
1482.0000000000 8404.0000000000 1819.0000000000 8556.0000000000
1819.0000000000 8556.0000000000 2005.0000000000 8043.0000000000
2005.0000000000 8043.0000000000 2393.0000000000 8347.0000000000
2528.0000000000 8269.0000000000 2711.0000000000 8344.0000000000
4254.0000000000 12354.0000000000 4647.0000000000 12768.0000000000
5213.0000000000 11180.0000000000 5341.0000000000 10951.0000000000
3373.0000000000 5842.0000000000 3249.0000000000 5407.0000000000
3194.0000000000 4918.0000000000 3325.0000000000 4576.0000000000
3325.0000000000 4576.0000000000 3577.0000000000 4578.0000000000
3577.0000000000 4578.0000000000 3441.0000000000 4101.0000000000
3441.0000000000 4101.0000000000 3641.0000000000 4044.0000000000
3501.0000000000 3381.0000000000 3683.0000000000 3202.0000000000
4337.0000000000 3639.0000000000 4183.0000000000 3387.0000000000
4276.0000000000 2777.0000000000 4730.0000000000 1911.0000000000
4937.0000000000 1416.0000000000 5010.0000000000 1249.0000000000
5163.0000000000 910.0000000000 5274.0000000000 648.0000000000
2063.0000000000 217.0000000000 1475.0000000000 0.0000000000
