23 4
-1041.0000000000 0.0000000000 -1055.0000000000 303.0000000000
-1055.0000000000 303.0000000000 -1362.0000000000 443.0000000000
-1366.0000000000 524.0000000000 -1071.0000000000 546.0000000000
-1071.0000000000 546.0000000000 -1376.0000000000 795.0000000000
-1376.0000000000 795.0000000000 -1080.0000000000 814.0000000000
-1080.0000000000 814.0000000000 -1391.0000000000 1087.0000000000
-1391.0000000000 1087.0000000000 -1422.0000000000 1635.0000000000
-1422.0000000000 1635.0000000000 -1242.0000000000 1480.0000000000
-1242.0000000000 1480.0000000000 -1053.0000000000 1504.0000000000
-1053.0000000000 1504.0000000000 -1075.0000000000 1863.0000000000
-2381.0000000000 4296.0000000000 -2430.0000000000 5724.0000000000
-2780.0000000000 6880.0000000000 -2550.0000000000 7007.0000000000
-2550.0000000000 7007.0000000000 -2479.0000000000 7629.0000000000
-2479.0000000000 7629.0000000000 -1490.0000000000 7667.0000000000
-1490.0000000000 7667.0000000000 -1395.0000000000 7914.0000000000
-1647.0000000000 13414.0000000000 235.0000000000 13490.0000000000
548.0000000000 7838.0000000000 1238.0000000000 7816.0000000000
1264.0000000000 7167.0000000000 1525.0000000000 7177.0000000000
1320.0000000000 5720.0000000000 1458.0000000000 4486.0000000000
875.0000000000 2542.0000000000 908.0000000000 1947.0000000000
1057.0000000000 1907.0000000000 1098.0000000000 1355.0000000000
1098.0000000000 1355.0000000000 959.0000000000 1103.0000000000
959.0000000000 1103.0000000000 1026.0000000000 0.0000000000
