14 4
-859.0000000000 0.0000000000 -859.0000000000 602.0000000000
-5272.0000000000 3831.0000000000 -4898.0000000000 3691.0000000000
-4898.0000000000 3691.0000000000 -390.0000000000 3714.0000000000
-1157.0000000000 13226.0000000000 -915.0000000000 13091.0000000000
-915.0000000000 13091.0000000000 -698.0000000000 13324.0000000000
-698.0000000000 13324.0000000000 -467.0000000000 13384.0000000000
140.0000000000 7999.0000000000 259.0000000000 7426.0000000000
259.0000000000 7426.0000000000 522.0000000000 7463.0000000000
522.0000000000 7463.0000000000 614.0000000000 7021.0000000000
614.0000000000 7021.0000000000 854.0000000000 6955.0000000000
579.0000000000 3655.0000000000 597.0000000000 450.0000000000
597.0000000000 450.0000000000 1004.0000000000 406.0000000000
1004.0000000000 406.0000000000 978.0000000000 17.0000000000
978.0000000000 17.0000000000 733.0000000000 0.0000000000
