9 4
-864.0000000000 0.0000000000 -841.0000000000 2589.0000000000
-1774.0000000000 5801.0000000000 -405.0000000000 5799.0000000000
167.0000000000 9580.0000000000 502.0000000000 9574.0000000000
502.0000000000 9574.0000000000 635.0000000000 9075.0000000000
597.0000000000 4246.0000000000 594.0000000000 2573.0000000000
594.0000000000 2573.0000000000 837.0000000000 2576.0000000000
837.0000000000 2576.0000000000 722.0000000000 1788.0000000000
722.0000000000 1788.0000000000 977.0000000000 2094.0000000000
977.0000000000 2094.0000000000 909.0000000000 0.0000000000
