17 4
-609.0000000000 0.0000000000 -384.0000000000 4392.0000000000
-236.0000000000 6753.0000000000 823.0000000000 6706.0000000000
823.0000000000 6706.0000000000 891.0000000000 6343.0000000000
818.0000000000 4639.0000000000 940.0000000000 4424.0000000000
940.0000000000 4424.0000000000 1203.0000000000 4491.0000000000
1203.0000000000 4491.0000000000 1391.0000000000 4852.0000000000
1391.0000000000 4852.0000000000 1724.0000000000 5007.0000000000
1724.0000000000 5007.0000000000 1693.0000000000 4410.0000000000
1693.0000000000 4410.0000000000 1854.0000000000 4368.0000000000
1854.0000000000 4368.0000000000 1721.0000000000 3236.0000000000
1721.0000000000 3236.0000000000 2114.0000000000 3518.0000000000
2114.0000000000 3518.0000000000 2033.0000000000 1646.0000000000
2033.0000000000 1646.0000000000 2318.0000000000 1564.0000000000
2318.0000000000 1564.0000000000 2259.0000000000 1304.0000000000
2259.0000000000 1304.0000000000 2892.0000000000 1349.0000000000
2892.0000000000 1349.0000000000 2963.0000000000 1197.0000000000
582.0000000000 223.0000000000 567.0000000000 0.0000000000
