24 4
-5270.0000000000 92.0000000000 -6030.0000000000 316.0000000000
-6030.0000000000 316.0000000000 -5837.0000000000 408.0000000000
-2338.0000000000 329.0000000000 -2168.0000000000 622.0000000000
-2168.0000000000 622.0000000000 -2319.0000000000 753.0000000000
-2876.0000000000 990.0000000000 -2931.0000000000 1244.0000000000
-2931.0000000000 1244.0000000000 -2550.0000000000 1135.0000000000
-2550.0000000000 1135.0000000000 -2600.0000000000 1383.0000000000
-2600.0000000000 1383.0000000000 -2427.0000000000 1576.0000000000
-2427.0000000000 1576.0000000000 -2602.0000000000 1755.0000000000
-2602.0000000000 1755.0000000000 -2390.0000000000 1674.0000000000
-2390.0000000000 1674.0000000000 -2527.0000000000 1836.0000000000
-2527.0000000000 1836.0000000000 -2195.0000000000 1778.0000000000
-2949.0000000000 2474.0000000000 -2874.0000000000 2680.0000000000
-1379.0000000000 1332.0000000000 -671.0000000000 1074.0000000000
-671.0000000000 1074.0000000000 -476.0000000000 1661.0000000000
-476.0000000000 1661.0000000000 -296.0000000000 1678.0000000000
-296.0000000000 1678.0000000000 -280.0000000000 1993.0000000000
-280.0000000000 1993.0000000000 1044.0000000000 5920.0000000000
1634.0000000000 7689.0000000000 1898.0000000000 8220.0000000000
1898.0000000000 8220.0000000000 2868.0000000000 7879.0000000000
530.0000000000 1312.0000000000 549.0000000000 444.0000000000
549.0000000000 444.0000000000 1078.0000000000 784.0000000000
1078.0000000000 784.0000000000 1388.0000000000 677.0000000000
1388.0000000000 677.0000000000 2021.0000000000 858.0000000000
