21 4
-1368.0000000000 0.0000000000 -1406.0000000000 779.0000000000
-1406.0000000000 779.0000000000 -1319.0000000000 994.0000000000
-1319.0000000000 994.0000000000 -1010.0000000000 1010.0000000000
-1010.0000000000 1010.0000000000 -1154.0000000000 1588.0000000000
-1039.0000000000 1599.0000000000 -1160.0000000000 1856.0000000000
-1357.0000000000 2553.0000000000 -1366.0000000000 2800.0000000000
-1366.0000000000 2800.0000000000 -1174.0000000000 2517.0000000000
-1174.0000000000 2517.0000000000 -981.0000000000 2556.0000000000
-981.0000000000 2556.0000000000 -1011.0000000000 2937.0000000000
-2595.0000000000 7985.0000000000 -2311.0000000000 8059.0000000000
-2331.0000000000 8699.0000000000 -1381.0000000000 8717.0000000000
-1381.0000000000 8717.0000000000 -1280.0000000000 9105.0000000000
-1280.0000000000 9105.0000000000 -1102.0000000000 8972.0000000000
-1102.0000000000 8972.0000000000 -1001.0000000000 9521.0000000000
-1265.0000000000 14460.0000000000 507.0000000000 14518.0000000000
774.0000000000 8841.0000000000 1402.0000000000 8853.0000000000
1492.0000000000 6464.0000000000 1502.0000000000 6024.0000000000
951.0000000000 3548.0000000000 978.0000000000 3009.0000000000
978.0000000000 3009.0000000000 1124.0000000000 2782.0000000000
1124.0000000000 2782.0000000000 1004.0000000000 2059.0000000000
1004.0000000000 2059.0000000000 1068.0000000000 0.0000000000
