13 4
-1580.0000000000 0.0000000000 -1478.0000000000 721.0000000000
-1478.0000000000 721.0000000000 -775.0000000000 627.0000000000
-775.0000000000 627.0000000000 -872.0000000000 758.0000000000
-872.0000000000 758.0000000000 -816.0000000000 1083.0000000000
-1281.0000000000 1763.0000000000 -702.0000000000 1737.0000000000
-702.0000000000 1737.0000000000 -358.0000000000 3410.0000000000
-358.0000000000 3410.0000000000 1510.0000000000 3095.0000000000
840.0000000000 1648.0000000000 1264.0000000000 1561.0000000000
1264.0000000000 1561.0000000000 1144.0000000000 715.0000000000
621.0000000000 373.0000000000 1419.0000000000 225.0000000000
1419.0000000000 225.0000000000 1858.0000000000 261.0000000000
7512.0000000000 922.0000000000 7658.0000000000 805.0000000000
10023.0000000000 175.0000000000 10081.0000000000 0.0000000000
