22 4
-802.0000000000 0.0000000000 -3148.0000000000 3888.0000000000
-3547.0000000000 4540.0000000000 -3716.0000000000 4931.0000000000
-3640.0000000000 5009.0000000000 -2791.0000000000 5478.0000000000
-2791.0000000000 5478.0000000000 -2547.0000000000 5223.0000000000
-2547.0000000000 5223.0000000000 -2368.0000000000 5320.0000000000
-1366.0000000000 3753.0000000000 -1310.0000000000 4283.0000000000
-1310.0000000000 4283.0000000000 -1069.0000000000 4630.0000000000
-1069.0000000000 4630.0000000000 -647.0000000000 3670.0000000000
-486.0000000000 3066.0000000000 -102.0000000000 2920.0000000000
-102.0000000000 2920.0000000000 61.0000000000 3510.0000000000
61.0000000000 3510.0000000000 1002.0000000000 1967.0000000000
1002.0000000000 1967.0000000000 1284.0000000000 2055.0000000000
1284.0000000000 2055.0000000000 1396.0000000000 1787.0000000000
1396.0000000000 1787.0000000000 2230.0000000000 2230.0000000000
3510.0000000000 3390.0000000000 4757.0000000000 4135.0000000000
8347.0000000000 6760.0000000000 8717.0000000000 6104.0000000000
8458.0000000000 4884.0000000000 8779.0000000000 4867.0000000000
6672.0000000000 3254.0000000000 6308.0000000000 2941.0000000000
3688.0000000000 1490.0000000000 3251.0000000000 1248.0000000000
3251.0000000000 1248.0000000000 3540.0000000000 1288.0000000000
3540.0000000000 1288.0000000000 2845.0000000000 870.0000000000
1452.0000000000 416.0000000000 693.0000000000 0.0000000000
