17 4
-1990.0000000000 0.0000000000 -2021.0000000000 430.0000000000
-2021.0000000000 430.0000000000 -1295.0000000000 497.0000000000
-1295.0000000000 497.0000000000 -1446.0000000000 1786.0000000000
-1446.0000000000 1786.0000000000 -1373.0000000000 2035.0000000000
-1373.0000000000 2035.0000000000 -1061.0000000000 1995.0000000000
-1061.0000000000 1995.0000000000 -1285.0000000000 3530.0000000000
-1285.0000000000 3530.0000000000 -1093.0000000000 3574.0000000000
-2701.0000000000 9419.0000000000 -2590.0000000000 9666.0000000000
-2590.0000000000 9666.0000000000 -1713.0000000000 9716.0000000000
-1713.0000000000 9716.0000000000 -1577.0000000000 9954.0000000000
-1577.0000000000 9954.0000000000 -1400.0000000000 9962.0000000000
-1899.0000000000 15466.0000000000 -0.0000000000 15570.0000000000
350.0000000000 10024.0000000000 520.0000000000 9928.0000000000
520.0000000000 9928.0000000000 1046.0000000000 9956.0000000000
1138.0000000000 9267.0000000000 1307.0000000000 9303.0000000000
798.0000000000 4528.0000000000 1000.0000000000 3732.0000000000
897.0000000000 3130.0000000000 1116.0000000000 0.0000000000
