25 4
-2350.0000000000 0.0000000000 -2178.0000000000 191.0000000000
-3874.0000000000 407.0000000000 -3509.0000000000 619.0000000000
-3509.0000000000 619.0000000000 -3202.0000000000 622.0000000000
-5308.0000000000 1522.0000000000 -6184.0000000000 2129.0000000000
-6184.0000000000 2129.0000000000 -5996.0000000000 2182.0000000000
-5937.0000000000 2896.0000000000 -5720.0000000000 3041.0000000000
-5720.0000000000 3041.0000000000 -5781.0000000000 3205.0000000000
-1468.0000000000 1147.0000000000 -1066.0000000000 994.0000000000
-1066.0000000000 994.0000000000 -837.0000000000 1195.0000000000
-837.0000000000 1195.0000000000 -540.0000000000 800.0000000000
-540.0000000000 800.0000000000 -467.0000000000 1001.0000000000
-727.0000000000 1633.0000000000 -481.0000000000 1480.0000000000
-727.0000000000 2377.0000000000 -629.0000000000 2522.0000000000
-629.0000000000 2522.0000000000 -520.0000000000 2254.0000000000
-451.0000000000 2322.0000000000 -141.0000000000 2010.0000000000
83.0000000000 4756.0000000000 240.0000000000 4580.0000000000
240.0000000000 4580.0000000000 626.0000000000 5097.0000000000
709.0000000000 5047.0000000000 2140.0000000000 7462.0000000000
1469.0000000000 4522.0000000000 1339.0000000000 3680.0000000000
1339.0000000000 3680.0000000000 1570.0000000000 4089.0000000000
1409.0000000000 3488.0000000000 1436.0000000000 3226.0000000000
1832.0000000000 3928.0000000000 2154.0000000000 3731.0000000000
2154.0000000000 3731.0000000000 2410.0000000000 4012.0000000000
2410.0000000000 4012.0000000000 2973.0000000000 3671.0000000000
1369.0000000000 1468.0000000000 470.0000000000 0.0000000000
