48 4
-1724.0000000000 0.0000000000 -2338.0000000000 164.0000000000
-2338.0000000000 164.0000000000 -2784.0000000000 441.0000000000
-3029.0000000000 589.0000000000 -3290.0000000000 760.0000000000
-3570.0000000000 1024.0000000000 -3394.0000000000 1235.0000000000
-6271.0000000000 6271.0000000000 -6104.0000000000 6546.0000000000
-6501.0000000000 7220.0000000000 -6126.0000000000 7841.0000000000
-6126.0000000000 7841.0000000000 -5918.0000000000 7854.0000000000
-4359.0000000000 6000.0000000000 -4160.0000000000 5940.0000000000
-4388.0000000000 6505.0000000000 -3972.0000000000 6116.0000000000
-3972.0000000000 6116.0000000000 -4067.0000000000 6509.0000000000
-3993.0000000000 6645.0000000000 -3558.0000000000 6419.0000000000
-2931.0000000000 5752.0000000000 -2858.0000000000 6129.0000000000
-2858.0000000000 6129.0000000000 -2684.0000000000 6028.0000000000
-2304.0000000000 6002.0000000000 -2139.0000000000 6212.0000000000
-3054.0000000000 9398.0000000000 -1014.0000000000 8255.0000000000
-629.0000000000 7194.0000000000 -398.0000000000 7586.0000000000
-217.0000000000 6217.0000000000 -0.0000000000 5890.0000000000
-0.0000000000 5890.0000000000 426.0000000000 6093.0000000000
426.0000000000 6093.0000000000 682.0000000000 5556.0000000000
682.0000000000 5556.0000000000 888.0000000000 5609.0000000000
888.0000000000 5609.0000000000 1088.0000000000 6172.0000000000
1088.0000000000 6172.0000000000 1388.0000000000 6012.0000000000
2166.0000000000 8083.0000000000 2418.0000000000 7910.0000000000
2355.0000000000 5549.0000000000 2326.0000000000 4770.0000000000
2326.0000000000 4770.0000000000 2526.0000000000 4557.0000000000
2526.0000000000 4557.0000000000 2749.0000000000 4762.0000000000
3691.0000000000 6143.0000000000 3612.0000000000 5781.0000000000
3520.0000000000 5219.0000000000 3830.0000000000 5470.0000000000
3622.0000000000 4807.0000000000 3722.0000000000 4597.0000000000
3722.0000000000 4597.0000000000 4318.0000000000 4967.0000000000
4318.0000000000 4967.0000000000 4643.0000000000 4808.0000000000
4139.0000000000 4139.0000000000 4405.0000000000 3967.0000000000
4405.0000000000 3967.0000000000 4671.0000000000 4060.0000000000
4671.0000000000 4060.0000000000 4343.0000000000 3645.0000000000
4343.0000000000 3645.0000000000 4464.0000000000 3364.0000000000
4464.0000000000 3364.0000000000 4442.0000000000 2884.0000000000
4442.0000000000 2884.0000000000 4144.0000000000 2589.0000000000
4098.0000000000 2271.0000000000 4497.0000000000 2391.0000000000
4497.0000000000 2391.0000000000 4269.0000000000 2175.0000000000
4640.0000000000 2164.0000000000 4739.0000000000 2011.0000000000
4739.0000000000 2011.0000000000 5028.0000000000 2031.0000000000
5662.0000000000 2061.0000000000 5112.0000000000 1661.0000000000
5112.0000000000 1661.0000000000 5562.0000000000 1700.0000000000
5562.0000000000 1700.0000000000 5730.0000000000 1643.0000000000
5714.0000000000 1215.0000000000 6079.0000000000 1182.0000000000
6079.0000000000 1182.0000000000 5784.0000000000 1020.0000000000
7735.0000000000 677.0000000000 8083.0000000000 565.0000000000
8083.0000000000 565.0000000000 7985.0000000000 418.0000000000
