20 4
-1357.0000000000 0.0000000000 -1431.0000000000 2382.0000000000
-1431.0000000000 2382.0000000000 -1029.0000000000 2424.0000000000
-1298.0000000000 3381.0000000000 -1059.0000000000 3464.0000000000
-1059.0000000000 3464.0000000000 -1083.0000000000 4043.0000000000
-1083.0000000000 4043.0000000000 -987.0000000000 4276.0000000000
-987.0000000000 4276.0000000000 -74.0000000000 4239.0000000000
-0.0000000000 3561.0000000000 628.0000000000 3561.0000000000
830.0000000000 4271.0000000000 1737.0000000000 4298.0000000000
1737.0000000000 4298.0000000000 1855.0000000000 3640.0000000000
1855.0000000000 3640.0000000000 2252.0000000000 3748.0000000000
2704.0000000000 4328.0000000000 2892.0000000000 4288.0000000000
2907.0000000000 3857.0000000000 3042.0000000000 3757.0000000000
1830.0000000000 2181.0000000000 1852.0000000000 1788.0000000000
1852.0000000000 1788.0000000000 1545.0000000000 1441.0000000000
1545.0000000000 1441.0000000000 1846.0000000000 1662.0000000000
1846.0000000000 1662.0000000000 1865.0000000000 1355.0000000000
1865.0000000000 1355.0000000000 2591.0000000000 1378.0000000000
4681.0000000000 1891.0000000000 4697.0000000000 1709.0000000000
4704.0000000000 1528.0000000000 4713.0000000000 1175.0000000000
4824.0000000000 592.0000000000 4837.0000000000 254.0000000000
