26 4
-1403.0000000000 0.0000000000 -1129.0000000000 1955.0000000000
-5470.0000000000 9868.0000000000 -4376.0000000000 9829.0000000000
-3808.0000000000 8972.0000000000 -3680.0000000000 9588.0000000000
-2808.0000000000 8156.0000000000 -2642.0000000000 8131.0000000000
-2642.0000000000 8131.0000000000 -2390.0000000000 8335.0000000000
-2390.0000000000 8335.0000000000 -2347.0000000000 8760.0000000000
-2013.0000000000 8075.0000000000 -1740.0000000000 8186.0000000000
-1714.0000000000 8819.0000000000 -1395.0000000000 8806.0000000000
-146.0000000000 8391.0000000000 -0.0000000000 7994.0000000000
683.0000000000 9773.0000000000 1006.0000000000 9575.0000000000
1006.0000000000 9575.0000000000 1195.0000000000 9733.0000000000
1252.0000000000 8905.0000000000 1395.0000000000 8808.0000000000
1395.0000000000 8808.0000000000 1577.0000000000 8943.0000000000
536.0000000000 2755.0000000000 509.0000000000 2204.0000000000
509.0000000000 2204.0000000000 821.0000000000 2139.0000000000
821.0000000000 2139.0000000000 1009.0000000000 2497.0000000000
1009.0000000000 2497.0000000000 903.0000000000 1698.0000000000
903.0000000000 1698.0000000000 1214.0000000000 1611.0000000000
1214.0000000000 1611.0000000000 1420.0000000000 1754.0000000000
1420.0000000000 1754.0000000000 1473.0000000000 1526.0000000000
1473.0000000000 1526.0000000000 1744.0000000000 1516.0000000000
4254.0000000000 3323.0000000000 4367.0000000000 3173.0000000000
5350.0000000000 3474.0000000000 5772.0000000000 3069.0000000000
5732.0000000000 2086.0000000000 5684.0000000000 1847.0000000000
2820.0000000000 296.0000000000 3370.0000000000 295.0000000000
7293.0000000000 382.0000000000 7318.0000000000 0.0000000000
