31 4
-1285.0000000000 0.0000000000 -1454.0000000000 204.0000000000
-2257.0000000000 357.0000000000 -2494.0000000000 763.0000000000
-2494.0000000000 763.0000000000 -2222.0000000000 809.0000000000
-2222.0000000000 809.0000000000 -2081.0000000000 970.0000000000
-4978.0000000000 2760.0000000000 -5699.0000000000 3424.0000000000
-6209.0000000000 3880.0000000000 -5685.0000000000 3692.0000000000
-5685.0000000000 3692.0000000000 -5612.0000000000 3930.0000000000
-3207.0000000000 2330.0000000000 -3047.0000000000 2468.0000000000
-5156.0000000000 4327.0000000000 -5241.0000000000 4556.0000000000
-5839.0000000000 5257.0000000000 -5673.0000000000 5478.0000000000
-1658.0000000000 1842.0000000000 -1367.0000000000 1688.0000000000
-1367.0000000000 1688.0000000000 -1209.0000000000 1861.0000000000
-844.0000000000 1351.0000000000 -941.0000000000 1631.0000000000
-807.0000000000 1584.0000000000 -604.0000000000 1754.0000000000
-604.0000000000 1754.0000000000 -356.0000000000 1329.0000000000
-259.0000000000 2965.0000000000 -145.0000000000 2775.0000000000
-145.0000000000 2775.0000000000 -0.0000000000 2918.0000000000
-0.0000000000 2918.0000000000 89.0000000000 2559.0000000000
89.0000000000 2559.0000000000 145.0000000000 2776.0000000000
145.0000000000 2776.0000000000 215.0000000000 2458.0000000000
215.0000000000 2458.0000000000 283.0000000000 2692.0000000000
819.0000000000 5173.0000000000 1058.0000000000 4979.0000000000
1058.0000000000 4979.0000000000 1442.0000000000 5381.0000000000
1526.0000000000 5321.0000000000 3374.0000000000 7579.0000000000
1896.0000000000 3886.0000000000 2182.0000000000 4282.0000000000
2375.0000000000 4114.0000000000 2756.0000000000 3793.0000000000
2756.0000000000 3793.0000000000 3043.0000000000 4038.0000000000
3043.0000000000 4038.0000000000 3470.0000000000 3721.0000000000
1463.0000000000 1515.0000000000 403.0000000000 272.0000000000
1382.0000000000 644.0000000000 1568.0000000000 479.0000000000
1568.0000000000 479.0000000000 799.0000000000 184.0000000000
