33 4
-2981.0000000000 52.0000000000 -3081.0000000000 270.0000000000
-3081.0000000000 270.0000000000 -2689.0000000000 283.0000000000
-2464.0000000000 390.0000000000 -2800.0000000000 647.0000000000
-2982.0000000000 969.0000000000 -3232.0000000000 1113.0000000000
-3232.0000000000 1113.0000000000 -3303.0000000000 1334.0000000000
-3681.0000000000 1957.0000000000 -4158.0000000000 2305.0000000000
-4158.0000000000 2305.0000000000 -3821.0000000000 2296.0000000000
-2980.0000000000 2683.0000000000 -2755.0000000000 2853.0000000000
-2755.0000000000 2853.0000000000 -2935.0000000000 3260.0000000000
-2131.0000000000 2451.0000000000 -1890.0000000000 2601.0000000000
-1890.0000000000 2601.0000000000 -1549.0000000000 2213.0000000000
-1549.0000000000 2213.0000000000 -1799.0000000000 2667.0000000000
-1799.0000000000 2667.0000000000 -1637.0000000000 2725.0000000000
-1637.0000000000 2725.0000000000 -1085.0000000000 2040.0000000000
-1085.0000000000 2040.0000000000 -894.0000000000 2007.0000000000
-812.0000000000 2010.0000000000 -618.0000000000 1610.0000000000
-618.0000000000 1610.0000000000 -769.0000000000 2232.0000000000
-1012.0000000000 3114.0000000000 -830.0000000000 3096.0000000000
-830.0000000000 3096.0000000000 -883.0000000000 3540.0000000000
-883.0000000000 3540.0000000000 -557.0000000000 3160.0000000000
-291.0000000000 2765.0000000000 -220.0000000000 2510.0000000000
-132.0000000000 2527.0000000000 405.0000000000 1755.0000000000
400.0000000000 1603.0000000000 662.0000000000 1723.0000000000
662.0000000000 1723.0000000000 804.0000000000 1578.0000000000
804.0000000000 1578.0000000000 1080.0000000000 2031.0000000000
1080.0000000000 2031.0000000000 4158.0000000000 4158.0000000000
8001.0000000000 6713.0000000000 8276.0000000000 6702.0000000000
1286.0000000000 969.0000000000 1326.0000000000 797.0000000000
1326.0000000000 797.0000000000 883.0000000000 469.0000000000
883.0000000000 469.0000000000 1210.0000000000 617.0000000000
1210.0000000000 617.0000000000 1488.0000000000 236.0000000000
1488.0000000000 236.0000000000 995.0000000000 122.0000000000
995.0000000000 122.0000000000 1416.0000000000 99.0000000000
