34 4
-5953.0000000000 0.0000000000 -5481.0000000000 96.0000000000
-5482.0000000000 191.0000000000 -5858.0000000000 307.0000000000
-5045.0000000000 1258.0000000000 -4810.0000000000 1289.0000000000
-3131.0000000000 1078.0000000000 -2958.0000000000 1135.0000000000
-2958.0000000000 1135.0000000000 -3271.0000000000 1388.0000000000
-3271.0000000000 1388.0000000000 -2764.0000000000 1231.0000000000
-5654.0000000000 2636.0000000000 -5721.0000000000 3042.0000000000
-5721.0000000000 3042.0000000000 -6136.0000000000 3401.0000000000
-6135.0000000000 3833.0000000000 -6153.0000000000 4150.0000000000
-3105.0000000000 3330.0000000000 -2705.0000000000 3004.0000000000
-2705.0000000000 3004.0000000000 -2186.0000000000 3122.0000000000
-1156.0000000000 3176.0000000000 -783.0000000000 3142.0000000000
-783.0000000000 3142.0000000000 -737.0000000000 3469.0000000000
-479.0000000000 9134.0000000000 -314.0000000000 8992.0000000000
-314.0000000000 8992.0000000000 -0.0000000000 8987.0000000000
791.0000000000 9045.0000000000 935.0000000000 8894.0000000000
510.0000000000 2892.0000000000 511.0000000000 2212.0000000000
511.0000000000 2212.0000000000 1216.0000000000 2194.0000000000
1216.0000000000 2194.0000000000 1063.0000000000 1842.0000000000
1063.0000000000 1842.0000000000 1214.0000000000 1943.0000000000
1214.0000000000 1943.0000000000 1222.0000000000 1746.0000000000
1335.0000000000 1708.0000000000 1231.0000000000 1520.0000000000
1267.0000000000 1407.0000000000 1440.0000000000 1391.0000000000
1440.0000000000 1391.0000000000 1343.0000000000 1252.0000000000
1724.0000000000 1396.0000000000 1243.0000000000 936.0000000000
1243.0000000000 936.0000000000 1723.0000000000 1206.0000000000
1723.0000000000 1206.0000000000 1717.0000000000 992.0000000000
1717.0000000000 992.0000000000 1233.0000000000 684.0000000000
1244.0000000000 554.0000000000 1822.0000000000 522.0000000000
1822.0000000000 522.0000000000 1388.0000000000 372.0000000000
1388.0000000000 372.0000000000 1918.0000000000 443.0000000000
1918.0000000000 443.0000000000 1730.0000000000 368.0000000000
1730.0000000000 368.0000000000 1693.0000000000 59.0000000000
1693.0000000000 59.0000000000 1200.0000000000 0.0000000000
