17 4
-1993.0000000000 35.0000000000 -3407.0000000000 2961.0000000000
-4049.0000000000 3646.0000000000 -4156.0000000000 4013.0000000000
-4156.0000000000 4013.0000000000 -3966.0000000000 4107.0000000000
-3966.0000000000 4107.0000000000 -4447.0000000000 5115.0000000000
-5351.0000000000 6377.0000000000 -5155.0000000000 6598.0000000000
-5390.0000000000 7153.0000000000 -4962.0000000000 7357.0000000000
-4962.0000000000 7357.0000000000 -5074.0000000000 7813.0000000000
-7338.0000000000 12711.0000000000 -5247.0000000000 13669.0000000000
-2742.0000000000 8440.0000000000 -2458.0000000000 8572.0000000000
-892.0000000000 3328.0000000000 -644.0000000000 3030.0000000000
-644.0000000000 3030.0000000000 -360.0000000000 2275.0000000000
-360.0000000000 2275.0000000000 -127.0000000000 2428.0000000000
-127.0000000000 2428.0000000000 -0.0000000000 2159.0000000000
-0.0000000000 2159.0000000000 340.0000000000 2145.0000000000
202.0000000000 1146.0000000000 333.0000000000 369.0000000000
438.0000000000 318.0000000000 1036.0000000000 598.0000000000
1036.0000000000 598.0000000000 1312.0000000000 0.0000000000
