16 4
-1852.0000000000 0.0000000000 -1863.0000000000 570.0000000000
-1863.0000000000 570.0000000000 -1602.0000000000 583.0000000000
-1602.0000000000 583.0000000000 -1597.0000000000 1248.0000000000
-1597.0000000000 1248.0000000000 -994.0000000000 1273.0000000000
-994.0000000000 1273.0000000000 -1107.0000000000 2607.0000000000
-968.0000000000 2658.0000000000 -919.0000000000 5210.0000000000
-1116.0000000000 7049.0000000000 -1013.0000000000 7209.0000000000
-1013.0000000000 7209.0000000000 -757.0000000000 7199.0000000000
-854.0000000000 9759.0000000000 -695.0000000000 9933.0000000000
-247.0000000000 7061.0000000000 248.0000000000 7101.0000000000
494.0000000000 7071.0000000000 1875.0000000000 6997.0000000000
1412.0000000000 4925.0000000000 1361.0000000000 1226.0000000000
1361.0000000000 1226.0000000000 2215.0000000000 1178.0000000000
2215.0000000000 1178.0000000000 2182.0000000000 544.0000000000
2182.0000000000 544.0000000000 2428.0000000000 516.0000000000
2428.0000000000 516.0000000000 2425.0000000000 0.0000000000
