25 4
-3075.0000000000 0.0000000000 -3078.0000000000 324.0000000000
-3078.0000000000 324.0000000000 -868.0000000000 368.0000000000
-868.0000000000 368.0000000000 -424.0000000000 286.0000000000
-424.0000000000 286.0000000000 -554.0000000000 1443.0000000000
-554.0000000000 1443.0000000000 -528.0000000000 4300.0000000000
-576.0000000000 6582.0000000000 -253.0000000000 7248.0000000000
-253.0000000000 7248.0000000000 253.0000000000 7248.0000000000
945.0000000000 18029.0000000000 1578.0000000000 18034.0000000000
603.0000000000 4291.0000000000 596.0000000000 2223.0000000000
394.0000000000 1373.0000000000 373.0000000000 1083.0000000000
373.0000000000 1083.0000000000 699.0000000000 1077.0000000000
699.0000000000 1077.0000000000 565.0000000000 807.0000000000
565.0000000000 807.0000000000 779.0000000000 1073.0000000000
779.0000000000 1073.0000000000 997.0000000000 1069.0000000000
997.0000000000 1069.0000000000 697.0000000000 721.0000000000
697.0000000000 721.0000000000 1068.0000000000 1068.0000000000
1068.0000000000 1068.0000000000 1233.0000000000 999.0000000000
1515.0000000000 1061.0000000000 2250.0000000000 1049.0000000000
2747.0000000000 1054.0000000000 3229.0000000000 1049.0000000000
3333.0000000000 893.0000000000 3325.0000000000 586.0000000000
3325.0000000000 586.0000000000 3824.0000000000 537.0000000000
3824.0000000000 537.0000000000 3819.0000000000 334.0000000000
3819.0000000000 334.0000000000 4251.0000000000 297.0000000000
4251.0000000000 297.0000000000 3755.0000000000 197.0000000000
3755.0000000000 197.0000000000 3629.0000000000 0.0000000000
