18 4
-1976.0000000000 0.0000000000 -1298.0000000000 3381.0000000000
-1298.0000000000 3381.0000000000 -1411.0000000000 4099.0000000000
-1411.0000000000 4099.0000000000 -1319.0000000000 4600.0000000000
-1264.0000000000 4719.0000000000 -1011.0000000000 4759.0000000000
-1011.0000000000 4759.0000000000 -745.0000000000 6065.0000000000
-768.0000000000 7305.0000000000 -511.0000000000 7313.0000000000
-511.0000000000 7313.0000000000 -277.0000000000 7941.0000000000
-277.0000000000 7941.0000000000 137.0000000000 7857.0000000000
137.0000000000 7857.0000000000 284.0000000000 8126.0000000000
1427.0000000000 13575.0000000000 3743.0000000000 13054.0000000000
2540.0000000000 7378.0000000000 2947.0000000000 7293.0000000000
939.0000000000 2212.0000000000 893.0000000000 1830.0000000000
970.0000000000 1825.0000000000 716.0000000000 1061.0000000000
716.0000000000 1061.0000000000 1023.0000000000 1059.0000000000
1023.0000000000 1059.0000000000 957.0000000000 695.0000000000
957.0000000000 695.0000000000 1171.0000000000 649.0000000000
1171.0000000000 649.0000000000 1222.0000000000 494.0000000000
1222.0000000000 494.0000000000 1131.0000000000 0.0000000000
