26 4
-2301.0000000000 0.0000000000 -2342.0000000000 164.0000000000
-2342.0000000000 164.0000000000 -3062.0000000000 322.0000000000
-3062.0000000000 322.0000000000 -2371.0000000000 418.0000000000
-2371.0000000000 418.0000000000 -2622.0000000000 510.0000000000
-2622.0000000000 510.0000000000 -2654.0000000000 1295.0000000000
-2654.0000000000 1295.0000000000 -3114.0000000000 1587.0000000000
-3114.0000000000 1587.0000000000 -3097.0000000000 2420.0000000000
-3097.0000000000 2420.0000000000 -622.0000000000 2496.0000000000
-622.0000000000 2496.0000000000 -616.0000000000 2896.0000000000
-616.0000000000 2896.0000000000 -473.0000000000 2435.0000000000
-473.0000000000 2435.0000000000 -499.0000000000 3148.0000000000
-492.0000000000 9388.0000000000 -0.0000000000 9391.0000000000
352.0000000000 20188.0000000000 1060.0000000000 20222.0000000000
285.0000000000 3258.0000000000 574.0000000000 3257.0000000000
691.0000000000 3252.0000000000 624.0000000000 2701.0000000000
624.0000000000 2701.0000000000 810.0000000000 3250.0000000000
810.0000000000 3250.0000000000 1157.0000000000 3178.0000000000
1254.0000000000 3266.0000000000 1113.0000000000 2754.0000000000
1113.0000000000 2754.0000000000 1385.0000000000 3262.0000000000
1385.0000000000 3262.0000000000 1236.0000000000 2777.0000000000
1236.0000000000 2777.0000000000 1524.0000000000 3269.0000000000
1524.0000000000 3269.0000000000 1891.0000000000 3276.0000000000
1891.0000000000 3276.0000000000 1795.0000000000 2988.0000000000
1795.0000000000 2988.0000000000 2051.0000000000 3282.0000000000
2051.0000000000 3282.0000000000 2569.0000000000 3288.0000000000
935.0000000000 1155.0000000000 943.0000000000 0.0000000000
