9 4
-650.0000000000 0.0000000000 -766.0000000000 1383.0000000000
-1206.0000000000 2268.0000000000 -816.0000000000 2241.0000000000
-816.0000000000 2241.0000000000 -831.0000000000 2899.0000000000
-831.0000000000 2899.0000000000 -51.0000000000 2946.0000000000
516.0000000000 9840.0000000000 687.0000000000 9829.0000000000
911.0000000000 7417.0000000000 967.0000000000 6877.0000000000
985.0000000000 6219.0000000000 1345.0000000000 1169.0000000000
1345.0000000000 1169.0000000000 501.0000000000 192.0000000000
501.0000000000 192.0000000000 508.0000000000 0.0000000000
