10 4
-2007.0000000000 0.0000000000 -2168.0000000000 190.0000000000
-2168.0000000000 190.0000000000 -818.0000000000 1539.0000000000
-818.0000000000 1539.0000000000 1588.0000000000 3741.0000000000
1693.0000000000 3802.0000000000 1880.0000000000 3690.0000000000
2931.0000000000 4691.0000000000 3002.0000000000 4450.0000000000
1909.0000000000 2444.0000000000 2201.0000000000 2718.0000000000
1818.0000000000 2167.0000000000 2056.0000000000 1917.0000000000
1263.0000000000 987.0000000000 1479.0000000000 754.0000000000
1479.0000000000 754.0000000000 929.0000000000 266.0000000000
929.0000000000 266.0000000000 1142.0000000000 0.0000000000
