26 4
-765.0000000000 13.0000000000 -1248.0000000000 109.0000000000
-5951.0000000000 1157.0000000000 -5790.0000000000 1231.0000000000
-5489.0000000000 1369.0000000000 -5965.0000000000 1710.0000000000
-5410.0000000000 1863.0000000000 -5790.0000000000 2108.0000000000
-1603.0000000000 963.0000000000 -2277.0000000000 1536.0000000000
-5921.0000000000 7579.0000000000 -5717.0000000000 7586.0000000000
-5920.0000000000 8454.0000000000 -5575.0000000000 8266.0000000000
-973.0000000000 1994.0000000000 -1017.0000000000 2181.0000000000
-2309.0000000000 5187.0000000000 -1966.0000000000 5122.0000000000
-1034.0000000000 11824.0000000000 -828.0000000000 11837.0000000000
-828.0000000000 11837.0000000000 -187.0000000000 10735.0000000000
180.0000000000 10325.0000000000 354.0000000000 10125.0000000000
591.0000000000 11268.0000000000 776.0000000000 11103.0000000000
492.0000000000 4685.0000000000 535.0000000000 4357.0000000000
535.0000000000 4357.0000000000 1087.0000000000 4361.0000000000
1087.0000000000 4361.0000000000 1071.0000000000 3998.0000000000
1071.0000000000 3998.0000000000 1214.0000000000 4232.0000000000
1214.0000000000 4232.0000000000 1188.0000000000 3887.0000000000
995.0000000000 3061.0000000000 1162.0000000000 3192.0000000000
995.0000000000 2134.0000000000 1198.0000000000 2350.0000000000
1198.0000000000 2350.0000000000 1209.0000000000 2181.0000000000
1566.0000000000 2713.0000000000 1260.0000000000 1799.0000000000
1260.0000000000 1799.0000000000 1916.0000000000 1787.0000000000
1916.0000000000 1787.0000000000 1964.0000000000 638.0000000000
1964.0000000000 638.0000000000 1423.0000000000 381.0000000000
1423.0000000000 381.0000000000 1423.0000000000 0.0000000000
