17 4
-601.0000000000 0.0000000000 -607.0000000000 351.0000000000
-607.0000000000 351.0000000000 -361.0000000000 388.0000000000
-361.0000000000 388.0000000000 -585.0000000000 723.0000000000
-3295.0000000000 4706.0000000000 -2950.0000000000 4909.0000000000
-1381.0000000000 2491.0000000000 -1025.0000000000 2536.0000000000
-1025.0000000000 2536.0000000000 -1000.0000000000 4705.0000000000
-912.0000000000 4692.0000000000 -861.0000000000 4886.0000000000
-793.0000000000 6457.0000000000 -741.0000000000 7046.0000000000
-741.0000000000 7046.0000000000 -494.0000000000 7065.0000000000
-494.0000000000 7065.0000000000 -400.0000000000 7625.0000000000
-216.0000000000 6172.0000000000 106.0000000000 6074.0000000000
106.0000000000 6074.0000000000 553.0000000000 6326.0000000000
553.0000000000 6326.0000000000 626.0000000000 5953.0000000000
626.0000000000 5953.0000000000 748.0000000000 6091.0000000000
1280.0000000000 7262.0000000000 1427.0000000000 7340.0000000000
1427.0000000000 7340.0000000000 1480.0000000000 6963.0000000000
359.0000000000 1253.0000000000 539.0000000000 0.0000000000
