30 4
-2491.0000000000 0.0000000000 -2412.0000000000 513.0000000000
-1289.0000000000 298.0000000000 -981.0000000000 338.0000000000
-981.0000000000 338.0000000000 -969.0000000000 1679.0000000000
-855.0000000000 1609.0000000000 -892.0000000000 2452.0000000000
-791.0000000000 2436.0000000000 -768.0000000000 2677.0000000000
-1206.0000000000 4500.0000000000 -1006.0000000000 4357.0000000000
-1006.0000000000 4357.0000000000 -865.0000000000 4903.0000000000
-603.0000000000 4911.0000000000 -260.0000000000 4960.0000000000
-138.0000000000 3961.0000000000 -72.0000000000 4124.0000000000
-72.0000000000 4124.0000000000 -0.0000000000 3908.0000000000
-0.0000000000 3908.0000000000 271.0000000000 3874.0000000000
271.0000000000 3874.0000000000 543.0000000000 4419.0000000000
543.0000000000 4419.0000000000 680.0000000000 4294.0000000000
680.0000000000 4294.0000000000 683.0000000000 3876.0000000000
801.0000000000 3769.0000000000 1018.0000000000 3798.0000000000
1018.0000000000 3798.0000000000 1039.0000000000 3624.0000000000
1126.0000000000 3682.0000000000 1259.0000000000 3460.0000000000
1259.0000000000 3460.0000000000 1475.0000000000 3475.0000000000
2281.0000000000 5122.0000000000 2513.0000000000 5152.0000000000
2513.0000000000 5152.0000000000 2549.0000000000 4598.0000000000
2264.0000000000 3922.0000000000 2236.0000000000 3314.0000000000
2236.0000000000 3314.0000000000 3020.0000000000 3354.0000000000
3020.0000000000 3354.0000000000 3020.0000000000 2037.0000000000
3020.0000000000 2037.0000000000 2774.0000000000 1802.0000000000
2280.0000000000 1264.0000000000 2765.0000000000 1470.0000000000
2765.0000000000 1470.0000000000 3022.0000000000 1345.0000000000
2344.0000000000 995.0000000000 2849.0000000000 1151.0000000000
2849.0000000000 1151.0000000000 2579.0000000000 990.0000000000
2579.0000000000 990.0000000000 2586.0000000000 181.0000000000
2586.0000000000 181.0000000000 3018.0000000000 105.0000000000
