181 2
-479.000000 21.000000
-486.925842 29.499321
-494.698456 38.275249
-485.333954 46.435276
-491.799072 55.389942
-493.116364 64.142090
-492.288330 72.741592
-492.302887 81.447197
-490.182709 89.890686
-489.893402 98.591492
-496.343109 108.518684
-480.997314 114.496407
-486.139343 124.332108
-487.185028 133.475525
-485.147858 141.960953
-484.894775 150.927155
-482.553375 159.369949
-480.065002 167.770599
-485.989868 178.907684
-489.778625 189.644302
-487.700470 198.508453
-493.864044 210.576645
-486.771515 217.668457
-490.629089 229.259689
-484.179108 236.570419
-479.436829 244.565063
-482.652405 256.405304
-480.252502 265.700867
-482.972321 277.800934
-485.413940 290.069336
-486.706268 302.000000
-492.014038 316.631866
-491.867889 328.353180
-474.687531 329.265686
-475.038544 341.417542
-471.012421 350.806458
-472.465912 364.266602
-475.986755 379.681763
-477.534515 394.090851
-482.607635 411.807953
-482.608002 425.956207
-482.259430 440.221710
-481.557861 454.596619
-481.962097 470.436920
-481.238312 485.726440
-479.418396 500.418396
-484.176880 522.379822
-482.172852 538.067078
-485.119690 559.779968
-481.547333 574.956848
-477.591187 590.171021
-478.283508 611.630920
-478.368958 633.284363
-479.044769 656.713867
-477.281616 677.921814
-477.215607 702.534485
-478.669128 730.656189
-470.568115 745.611389
-472.687988 777.458923
-473.319977 808.736755
-473.000000 840.260010
-471.719757 872.005005
-469.471558 903.947571
-471.696136 946.755798
-472.125732 989.001160
-469.106262 1027.001587
-467.340393 1070.663696
-463.797852 1113.639282
-461.889923 1164.217651
-459.069336 1216.916504
-459.333038 1283.007202
-455.795410 1344.725952
-454.873016 1420.955200
-484.459900 1605.596924
-479.057739 1691.672852
-477.779968 1804.099121
-473.924988 1921.809326
-472.397217 2067.177246
-467.385468 2219.875732
-460.994537 2392.611328
-428.042755 2448.551025
-422.060181 2685.783203
-415.849213 2979.920898
-429.833160 3521.710205
-428.148590 4094.561768
-425.581482 4885.418945
-357.920471 5139.500977
-269.896515 5170.932617
-192.819717 5542.634277
-96.215118 5533.160156
-0.000000 5534.000000
96.215118 5533.160156
192.366028 5529.642090
288.842133 5532.436523
385.265015 5530.546387
1077.506470 12336.955078
1293.957886 12332.186523
1512.032959 12335.520508
1724.493896 12291.412109
1809.321045 11444.603516
1771.037720 10065.054688
1750.100098 9024.484375
1732.112305 8169.947754
1718.626099 7465.187500
1707.726685 6870.317383
710.458252 2672.466309
705.356018 2480.868652
704.615784 2325.694580
702.704651 2183.702637
696.715820 2044.409790
696.010986 1933.274536
694.517090 1830.278809
691.149170 1731.654175
689.640442 1645.691040
689.418640 1569.459595
688.445129 1497.375366
685.612488 1426.713867
681.439758 1358.400757
679.325378 1298.625122
681.642334 1250.715332
680.500000 1199.660522
677.790100 1149.032227
679.886414 1109.045654
676.986328 1063.467529
679.419373 1028.280640
675.099487 985.141968
676.540833 952.178589
681.254578 925.055420
679.690247 890.963867
676.519409 856.431885
673.641418 823.814575
675.740784 798.350891
676.491028 772.319397
676.542358 746.502869
676.597229 721.636963
675.286987 696.286987
673.302063 671.200256
670.651367 646.392517
665.114624 619.871887
668.672668 602.268311
664.926575 578.939636
667.568359 561.586243
661.929016 538.155640
663.666138 521.108276
665.011963 504.159485
665.970642 487.317657
660.742920 466.676758
660.033752 449.630920
658.085327 432.217346
657.447327 416.034210
658.179321 401.000000
664.710999 389.455322
656.030090 369.817383
660.235840 357.406952
659.714844 342.764435
665.229919 331.201813
662.320435 315.884064
657.240479 299.982025
662.009277 288.469116
658.174194 273.649414
662.483276 262.124207
659.971985 248.246567
663.837463 236.693863
658.893982 222.444107
664.231812 211.465408
665.522888 199.326324
661.741699 185.990738
664.520386 174.416626
665.140381 162.379944
657.690186 148.842026
652.927551 136.128738
664.714233 126.280396
659.518555 113.689285
659.050659 101.921242
660.362549 90.406898
651.511353 77.999855
654.402039 66.760246
653.103699 55.227715
643.607666 43.475277
641.902222 32.204445
644.000000 21.000000
