181 2
-1649.000000 21.000000
-1655.747803 49.901184
-1645.996704 78.479469
-1655.727783 107.773018
-1642.988037 135.888916
-1649.698364 165.329910
-1639.966553 193.367432
-1645.641479 223.059372
-1641.864502 251.749008
-1638.574951 280.524780
-1642.659302 310.645172
-1637.354126 339.269409
-1632.528320 368.004608
-1635.967285 398.692810
-1631.067139 427.670715
-1632.414673 458.404175
-1622.609741 486.275848
-1623.805420 517.447144
-1623.453491 548.492004
-1614.000244 576.744812
-1612.512573 607.906555
-1611.359863 639.543091
-1608.663940 670.942444
-1615.485962 706.733154
-1612.407715 738.890198
-1606.883667 770.302185
-1603.448608 803.054138
-1598.465698 835.458984
-1600.783936 872.151917
-1598.804810 907.231995
-1591.754639 940.000000
-1590.045288 976.395630
-1590.938232 1015.128540
-1589.280762 1053.090942
-1585.119873 1090.176880
-1588.335815 1133.164673
-1585.673340 1173.059082
-1580.499634 1211.991943
-1582.325562 1257.248291
-1575.274902 1296.632446
-1576.519409 1343.856934
-1575.833618 1390.851196
-1565.806152 1430.858154
-1560.708740 1476.384521
-1560.248047 1527.713989
-1557.756226 1578.756226
-1551.866821 1628.005127
-1539.270264 1671.665283
-1770.519531 1987.361206
-1773.327515 2060.979980
-1772.165405 2132.984619
-1762.097046 2197.008789
-1758.944824 2272.346680
-1763.919800 2361.800781
-1750.424438 2430.252686
-1736.215820 2500.573242
-1734.057251 2591.845459
-1740.121704 2700.552490
-1731.246216 2791.573242
-1722.287354 2887.367432
-1691.500000 2950.763916
-1613.931274 2932.608887
-1546.439331 2929.429443
-1485.910889 2937.264404
-1461.091064 3016.680664
-1447.044922 3124.197754
-1458.150879 3296.060547
-1445.705200 3426.867920
-1436.990845 3577.677246
-1425.229370 3733.849365
-1409.807007 3894.413086
-1395.710693 4074.438232
-1369.563354 4236.082520
-1579.391968 5186.958496
-1568.376587 5490.579102
-1501.409302 5624.335938
-1399.518188 5634.160645
-1290.994141 5612.909668
-1268.885010 5990.634766
-1217.170532 6282.799805
-1102.145020 6271.574707
-988.665833 6263.190430
-877.208069 6262.659668
-763.998901 6243.271973
-653.825562 6241.734375
-596.145264 6834.971680
-541.658997 7767.084961
-469.872223 8986.696289
-330.009644 9471.239258
-173.459473 9958.486328
-0.000000 13199.000000
229.743484 13182.995117
459.416962 13176.980469
688.950500 13166.958984
917.855652 13146.948242
879.314270 10071.608398
1055.528442 10063.681641
1229.783569 10036.783203
1406.761719 10030.629883
1584.211792 10023.320312
1759.924316 10002.026367
1926.980103 9934.453125
1845.008301 8701.082031
1783.861816 7747.754395
1734.096191 6976.079590
1694.747070 6345.882324
1739.822998 6088.483887
1853.051880 6082.059570
1967.511230 6076.376953
2084.287354 6074.209961
2199.531494 6064.163086
2315.056885 6051.929688
2434.942871 6047.694824
2517.480713 5951.812988
2531.935547 5707.820312
2493.870361 5369.122070
2610.938477 5374.217285
2712.139160 5343.873047
2725.751953 5147.393555
2710.570557 4910.999023
2376.500000 4137.218750
2373.295410 3970.826904
2387.286377 3841.456787
2378.438721 3683.474365
2367.622803 3531.145020
2358.546387 3389.353271
2353.492188 3260.303955
2341.060547 3127.692139
2330.894287 3004.408691
2305.200684 2867.685547
2295.394531 2756.544678
2319.168701 2688.898438
2400.171387 2686.660400
2481.110107 2681.664795
2552.869629 2664.573730
2544.877197 2565.877197
2539.988770 2473.838623
2526.827148 2377.304443
2519.260986 2289.352783
821.878723 735.448303
823.497803 711.996704
820.666138 685.562317
828.987305 668.675842
831.379578 647.489441
826.006348 621.128723
828.981873 601.459351
832.353699 582.429688
823.574524 555.835510
825.998840 537.141357
824.594971 516.466614
819.260010 494.000000
818.644043 474.781799
826.438965 460.425385
817.943970 437.763275
799.027893 410.711945
797.550842 392.904083
804.833557 379.334991
812.805786 366.015594
814.994629 350.279205
836.488037 342.097687
946.270447 365.414276
994.685547 363.497711
994.805115 344.231781
1078.711792 350.795288
1097.760864 335.777863
1100.189575 315.794891
1096.434204 294.371735
1101.038208 275.194702
831.425476 197.724930
731.312256 163.152695
723.833679 148.631409
736.815491 137.700104
738.739990 124.823135
735.476685 111.305183
745.891418 99.396347
753.123169 86.889740
756.153564 73.875404
751.968018 60.408974
755.539490 47.384018
759.884277 34.263828
756.000000 21.000000
