181 2
-660.000000 21.000000
-663.898865 32.588398
-664.594910 44.208164
-669.081787 56.065090
-675.350891 68.225136
-663.465698 79.045723
-657.378967 90.093315
-642.177368 99.849464
-643.674255 111.462517
-641.009705 122.525970
-640.125061 133.871323
-638.057678 145.025848
-635.795959 156.142593
-646.007324 170.142548
-646.216980 182.119980
-642.340698 193.114670
-645.967834 206.228302
-644.549377 218.058533
-648.620544 231.749588
-646.734680 243.688614
-649.327576 257.335907
-644.170471 268.273895
-649.028687 283.224609
-652.637939 298.028381
-645.876648 308.562805
-657.979431 327.820862
-655.220886 340.572571
-655.780823 355.136993
-651.615295 367.470001
-643.720093 377.819885
-653.849182 398.500000
-654.875793 414.489075
-656.389221 431.157501
-647.453674 441.461334
-654.939697 462.762390
-654.502502 479.287567
-653.685730 495.930481
-653.283875 513.284668
-657.200989 534.461670
-655.911194 552.146423
-660.330322 575.082947
-657.352051 592.427429
-661.398865 616.526245
-664.069153 640.254517
-661.073303 659.391052
-664.680359 685.680359
-665.482727 710.127502
-664.948425 734.069885
-665.784973 760.429077
-669.836243 791.558472
-668.499084 817.686218
-666.450317 843.997559
-670.455322 879.143738
-672.227356 913.075867
-701.815613 986.966309
-700.910400 1022.003784
-704.023865 1064.758301
-705.307556 1107.078369
-705.852478 1150.600098
-710.237488 1203.033691
-710.500000 1251.622070
-712.185303 1305.816406
-711.718872 1359.548584
-717.758972 1429.681274
-720.682190 1498.617432
-720.141541 1565.348511
-721.957520 1642.543213
-724.415527 1727.615967
-1046.276245 2610.624512
-980.494690 2575.276123
-924.480469 2560.989258
-869.918091 2547.425537
-813.641724 2525.131836
-777.708740 2564.770752
-734.022278 2580.839844
-733.234375 2757.467773
-744.151733 3005.629639
-742.338501 3236.421143
-681.118713 3225.411621
-627.570801 3249.571777
-568.871460 3247.230225
-511.227844 3248.765381
-453.843475 3250.264160
-396.440979 3249.752686
-338.985809 3246.234619
-282.558929 3250.663330
-226.150482 3255.102539
-169.568497 3256.559814
-113.004570 3257.027588
-56.510891 3258.506836
-0.000000 3259.000000
175.815536 10093.465820
352.345306 10110.849609
528.959534 10114.148438
706.354065 10122.333984
882.016113 10102.490234
1020.093262 9726.539062
1060.141357 8655.159180
1093.761353 7803.516602
1145.256714 7251.866211
1145.557007 6517.776855
1166.224609 6020.705566
1182.601685 5584.703613
1199.663940 5217.315430
1214.447876 4891.884766
1227.578735 4602.386230
1237.060425 4335.142578
1248.427124 4104.421387
1254.609009 3882.289551
1263.530029 3690.557617
1271.630859 3514.777100
1279.731934 3354.815674
1283.027588 3196.604736
1315.591675 3120.339844
1322.707520 2991.849854
1327.443970 2867.712646
1331.333130 2750.637451
1340.633911 2652.142334
1342.688721 2546.230225
1346.316284 2449.818848
1325.000000 2315.967285
1326.738037 2229.062988
1332.217041 2152.992920
1334.365601 2075.742920
1339.826172 2007.374023
1342.168823 1937.815796
1342.501465 1868.794800
1351.676514 1814.735352
1353.223877 1753.047607
1353.038818 1691.863770
1357.567383 1638.885864
1361.322510 1587.022339
1361.680786 1533.299683
1368.088745 1488.095581
1344.163940 1412.922485
1239.558228 1260.558228
495.625122 499.619629
492.201050 479.984894
494.191315 465.971863
495.844208 452.030792
493.332611 434.955231
493.487671 420.618439
493.294739 406.404083
492.758118 392.319855
499.163483 383.663513
498.044434 369.734467
497.422546 356.515747
503.202332 347.783417
502.044464 334.712219
499.728546 321.267212
504.892822 312.500000
503.780945 300.250336
501.514221 287.659851
506.091705 278.866608
510.515015 269.994812
508.438660 258.088837
509.758362 247.959045
502.595642 234.339203
506.242371 225.535202
509.734924 216.668900
513.072144 207.742996
510.580017 196.806808
516.423706 188.796234
517.360901 179.173096
520.042603 170.119812
522.565857 161.021103
515.227051 149.460526
517.390503 140.449005
510.593048 129.529907
512.409363 120.602295
516.039246 111.991646
520.511780 103.440964
521.871277 94.344223
512.153809 83.884583
515.162354 75.145744
513.040283 65.885208
516.738159 57.133854
506.305176 47.534328
514.686279 38.973240
515.921387 30.005442
516.000000 21.000000
