181 2
-4913.000000 21.000000
-2084.682373 57.388268
-1166.289062 61.727715
-1149.422607 81.238686
-1048.439819 94.314056
-813.891052 92.206245
-630.526855 87.271049
-513.146362 84.006447
-438.688751 82.653687
-393.099945 83.260918
-329.910583 79.172142
-330.808350 85.302635
-329.635742 91.066238
-329.337067 97.033455
-331.841125 103.737289
-337.108124 111.327850
-333.557800 116.646164
-598.646790 204.024689
-1776.573608 598.243774
-1775.683838 632.416992
-1772.260254 666.049988
-1779.404297 704.049316
-1776.484253 738.746216
-1771.971802 773.157410
-1775.018799 811.289307
-1778.175903 850.177002
-1780.510986 889.413269
-1773.994019 924.895081
-1774.724609 964.637817
-1773.728760 1004.193909
-1764.959717 1040.000000
-1772.621948 1086.098755
-1769.028320 1126.411621
-1775.465576 1174.000854
-1770.824219 1215.436035
-1774.283325 1263.366577
-1777.410278 1312.364258
-1769.776245 1354.622070
-1769.872192 1403.775635
-1766.452759 1451.445190
-1761.902222 1499.411499
-1765.265747 1555.522095
-1766.455200 1611.523438
-1764.025146 1665.980103
-1766.698608 1727.080933
-1762.817261 1783.817261
-1762.348267 1845.965088
-1759.555786 1907.892578
-1763.828247 1979.929810
-1760.206421 2045.885864
-1761.238037 2119.961670
-1758.321167 2192.345703
-1758.944824 2272.346680
-1758.503540 2354.613037
-1756.890137 2439.151855
-1758.011719 2531.700928
-1756.984131 2625.835938
-1752.103760 2719.003174
-1754.032715 2828.039307
-1750.614380 2934.511719
-1749.000000 3050.356934
-1749.193115 3176.627930
-1753.945801 3319.692139
-1755.127319 3465.631104
-1756.991577 3623.366455
-1759.782471 3794.865723
-1758.322510 3970.257080
-1824.714355 4319.757812
-2037.110596 5063.025879
-2026.570801 5300.397461
-1948.830811 5375.368652
-1851.506104 5398.164062
-1741.619751 5381.154297
-1762.124268 5784.648926
-1756.361206 6146.159668
-1751.169678 6556.454102
-2004.564819 8060.870605
-1863.719482 8093.655762
-1776.189575 8377.315430
-1694.956299 8740.793945
-1538.696533 8747.381836
-1380.064819 8734.386719
-1223.888306 8729.416992
-1129.241333 9217.932617
-1118.245483 10660.395508
-1104.001831 12639.797852
-1098.176147 15725.650391
-822.721252 15719.456055
-547.817383 15708.437500
-273.950409 15715.609375
-0.000000 15708.000000
220.197006 12636.078125
440.675934 12640.307617
661.369507 12640.681641
882.558899 12642.180664
1103.566040 12634.817383
1213.470947 11566.404297
1195.050781 9753.907227
1223.749023 8728.426758
1378.656982 8725.497070
1533.660645 8718.822266
1690.758545 8719.198242
668.851929 3167.700928
615.691040 2687.850830
639.157654 2584.521240
658.953308 2480.247070
670.074402 2357.827148
711.340332 2347.689453
763.580994 2371.060547
813.269226 2382.905518
855.392395 2371.171143
946.808105 2487.519531
947.005493 2364.920898
949.867371 2258.747314
951.356995 2157.782715
944.974426 2047.504272
945.566589 1959.698730
942.938293 1871.620605
981.665039 1867.243408
1023.917908 1868.196777
1066.000000 1867.366211
1108.361938 1865.624023
1152.574341 1865.504639
1160.081177 1807.368286
1181.015381 1771.927368
1201.642578 1737.123535
1244.929199 1734.498047
1242.748047 1670.182373
1247.330200 1617.509766
1252.347534 1567.520508
1246.365234 1506.360229
737.410339 869.293579
714.631470 814.678650
702.458313 774.294312
681.459839 726.672363
668.923035 689.923035
644.528442 643.413879
630.426880 608.882568
622.755371 581.731445
612.824158 553.719910
602.110962 526.231079
588.299500 497.395538
577.611877 472.279846
572.621643 452.501373
556.603699 425.396240
557.023376 411.031982
549.651917 391.744904
532.555786 366.845795
531.726135 353.259369
530.586548 339.808563
521.347290 322.000000
511.652527 304.613617
507.694855 290.946136
506.091705 278.866608
504.223450 266.926208
491.218811 250.059097
493.314545 240.637787
486.947083 227.696762
487.698700 218.043076
477.059601 204.126022
471.725708 192.694107
468.977203 182.481812
464.115570 171.800293
466.676727 163.677399
464.289398 154.132843
455.916992 143.162582
470.593414 138.332123
481.338806 132.125824
505.702301 128.490341
498.666595 117.930969
501.267151 109.386925
498.782623 99.999405
495.134033 90.586548
504.213440 82.909630
501.239044 73.682343
517.025024 66.233833
513.745483 56.924583
517.290100 48.110023
853.479736 50.804169
1176.820679 41.541481
1177.000000 21.000000
