181 2
-676.000000 21.000000
-679.896423 32.867638
-678.586365 44.696758
-681.065369 56.693123
-686.324097 68.992455
-683.389587 80.788841
-688.209167 93.333694
-683.864319 104.967979
-684.275208 117.168610
-684.468018 129.409088
-681.486938 141.164536
-689.102295 154.947922
-685.681458 166.746094
-683.033386 178.690689
-684.058472 191.554932
-687.739197 205.279160
-684.418335 217.253799
-686.626831 230.922882
-681.907532 242.565186
-688.337524 258.013611
-683.156555 269.648651
-686.181641 284.400452
-681.480164 296.335846
-685.776123 312.094696
-687.899719 327.272705
-682.449768 339.231537
-684.881042 355.038818
-687.857056 371.480652
-692.230896 389.065704
-682.203369 399.151489
-693.686340 421.500000
-688.305359 434.575562
-686.918945 450.234619
-686.032532 466.514740
-682.297913 481.215759
-689.726013 503.951355
-689.282471 521.793030
-686.826538 538.560913
-686.357361 557.241150
-684.665588 575.431274
-684.843750 595.652100
-683.766907 615.389465
-686.665833 639.276672
-688.935181 663.442444
-689.846863 687.177368
-690.136230 711.136230
-2165.250244 2263.182129
-2095.781006 2268.449951
-2025.458374 2270.499268
-1953.087769 2267.770508
-1451.414429 1750.728394
-1380.099609 1725.281128
-1307.664917 1694.734863
-1243.951660 1671.779541
-1182.036133 1647.933228
-1124.783447 1627.357178
-1073.091187 1611.923096
-1022.287476 1595.184692
-972.931763 1578.016357
-920.888062 1553.615112
-877.000000 1540.008545
-834.357361 1526.220459
-792.468018 1511.415527
-756.348145 1505.416870
-745.230957 1548.949829
-711.266541 1546.316040
-682.097351 1553.015747
-659.944885 1575.732666
-661.555237 1658.406738
-665.489258 1754.658813
-665.229187 1848.702148
-666.437988 1956.476562
-666.858704 2073.379883
-667.484619 2204.243652
-626.799377 2206.909180
-587.260437 2212.685791
-546.985413 2214.838623
-506.139862 2213.332764
-465.306366 2210.094238
-425.504059 2210.028564
-385.846252 2209.242920
-348.066681 2218.606445
-308.268433 2214.443848
-269.818726 2218.497070
-230.276199 2211.931641
-192.004105 2215.616943
-153.603760 2217.635986
-114.720413 2209.995850
-76.499695 2211.664795
-38.203320 2209.666504
-0.000000 2209.000000
38.255676 2212.666260
76.569496 2213.663574
114.615746 2207.998779
630.738037 9040.974609
790.415405 9055.489258
949.222961 9052.252930
1105.233032 9022.401367
1264.387573 9017.584961
1292.930908 8184.244141
1297.499146 7379.483398
1304.751953 6733.366699
1340.406616 6327.117676
1316.638550 5723.987793
1324.038574 5331.428711
1329.294556 4981.995117
1333.533569 4671.583984
1337.015747 4394.181641
1340.206665 4145.731934
1341.666382 3917.481934
1348.927490 3727.147705
1349.613647 3536.863770
1353.078979 3369.988037
1355.055542 3213.310791
1359.720581 3074.982422
1358.717651 2934.779541
1360.265625 2809.958008
1361.063477 2692.237549
1363.814941 2585.962646
1364.254272 2482.179932
1367.000000 2388.713379
1364.850952 2292.493408
1365.072021 2205.571777
1363.231445 2120.192383
1395.745483 2090.277832
1396.658569 2015.635254
1399.516724 1947.269409
1405.839844 1886.612549
1403.092529 1816.876465
1406.531128 1757.921265
1412.847168 1704.765625
1409.214844 1642.116211
1411.196411 1588.292480
1412.418579 1535.633545
1410.851196 1481.979126
1417.749146 1438.749146
1414.941406 1387.393066
1417.363525 1342.712769
1420.149780 1299.708618
1389.420288 1228.804688
1390.370605 1187.659546
1388.759888 1145.595581
1393.203003 1109.489502
1396.014893 1072.972656
1390.700195 1031.402832
1392.558472 996.079956
1393.612183 961.003296
1393.870483 926.190063
1393.343018 891.657349
1399.754150 862.057190
1389.970825 823.500000
1395.893066 794.756165
1403.003784 766.990295
1399.771240 734.219055
1395.827148 701.790405
1400.245483 673.945190
1402.292236 645.340759
1404.690430 617.255676
1398.193237 585.906738
1399.437012 558.193542
1400.141968 530.609985
1399.367432 502.840881
1399.004150 475.563995
1406.724243 451.078766
1402.480835 423.154907
1409.285767 398.616974
1406.928833 371.786743
1406.015991 345.604370
1390.925903 316.650421
1356.608765 284.698029
1322.596802 254.209503
1299.797852 226.867752
1265.562622 198.863220
1290.309937 179.430145
1289.894897 156.573410
1322.946533 136.742828
3138.336426 240.453873
3163.658447 186.800308
3340.963623 137.669022
2151.672119 58.557579
4192.000000 21.000000
