180 2
-1714.000000 21.000000
-1711.739258 50.878521
-1710.957153 80.747940
-1718.641479 111.070183
-1716.807739 141.050888
-1714.451050 170.995041
-1711.572144 200.893478
-1708.171875 230.737137
-1706.231934 260.795258
-1711.663940 292.100922
-1706.671875 321.932281
-1701.159912 351.671997
-1704.911255 383.390076
-1699.301392 413.314636
-1700.928467 445.089081
-1693.267944 474.709778
-1694.704346 506.948669
-1695.528320 539.375061
-1695.733765 571.977295
-1685.859619 601.488037
-1683.929199 633.900085
-1689.780518 669.645996
-1687.474609 702.783997
-1681.762329 734.865784
-1678.182983 768.175232
-1683.013550 805.802124
-1677.149658 839.000549
-1671.528198 872.686157
-1664.356201 905.953918
-1672.272827 947.955994
-1664.500854 982.000000
-1662.904541 1020.173889
-1667.262573 1062.821289
-1664.761108 1102.108521
-1660.562256 1141.063354
-1657.963745 1181.918701
-1644.731567 1215.967407
-1641.195923 1257.729858
-1643.790405 1305.269897
-1643.663696 1352.012573
-1641.633301 1398.493896
-1639.229248 1445.960205
-1636.404907 1494.425537
-1630.918701 1541.856323
-1631.462646 1596.485229
-1629.174072 1650.174072
-1627.584595 1706.413208
-1629.294067 1768.203979
-1621.303467 1821.639893
-1619.153687 1883.623291
-1615.325317 1946.069702
-1616.094727 2016.710815
-1614.264404 2087.164307
-1612.864258 2161.343262
-1608.768188 2235.279541
-1603.719727 2311.349121
-1600.969238 2394.534668
-1594.158447 2475.788818
-1737.605225 2801.749756
-1815.509155 3042.514648
-1822.000000 3176.796631
-1808.824707 3284.206055
-1812.160278 3429.177734
-1803.250244 3560.077881
-1796.883301 3705.156738
-1749.217041 3772.208008
-1670.467407 3772.931152
-1592.229370 3772.057373
-1521.277344 3786.293701
-1514.463013 3966.310791
-1517.543335 4190.416016
-1505.101562 4392.132324
-1493.479126 4617.456055
-1480.277954 4862.770996
-1670.159302 6254.119141
-1604.909912 6457.941895
-1485.801758 6456.714355
-1422.739746 6714.463867
-1366.001587 7048.469238
-1251.135132 7116.540039
-1122.730103 7109.639160
-995.226868 7102.406738
-866.978516 7081.973145
-748.005676 7137.798828
-742.654114 8509.575195
-642.038574 9202.579102
-567.217102 10844.146484
-367.107819 10533.591797
-244.839813 14047.863281
-0.000000 14041.000000
244.438400 14024.867188
488.662750 14014.470703
732.965088 14006.806641
762.507996 10925.373047
953.745300 10922.358398
1144.900269 10913.998047
1335.566162 10898.313477
1526.589722 10883.250000
1718.901855 10873.719727
1715.991333 9752.870117
1637.141235 8443.361328
1593.851074 7519.479492
1602.551270 6962.412109
1729.983521 6959.584961
1857.544312 6953.449707
1985.415894 6944.967773
2115.894043 6941.777344
2248.716553 6941.838379
2382.182129 6939.359375
2401.665527 6619.521484
2393.181152 6255.450195
2516.607178 6249.821289
2633.918457 6226.123047
2635.653564 5940.774414
2301.579102 4956.752441
2309.339111 4755.847168
785.403564 1562.441284
798.101685 1522.010864
797.511841 1459.749390
793.500000 1395.382324
792.643616 1340.180420
773.152222 1258.302124
781.557007 1224.492310
801.323425 1209.010864
835.127319 1213.685425
709.456787 997.483521
714.354431 968.980347
728.327515 953.216736
736.304871 930.260803
739.848511 902.717163
742.658813 875.331238
743.404114 846.633911
744.742188 819.638245
744.673767 792.132263
753.068726 774.068726
752.429443 747.612671
751.831604 722.094299
752.805725 698.829285
743.388916 667.218140
745.361267 646.432373
759.271606 635.846008
771.462524 623.732605
801.031433 624.620483
867.266235 651.105774
905.163025 654.801941
938.470520 654.006348
941.827026 632.629639
1044.795288 673.860535
1048.315552 650.891541
1041.828613 622.500000
1045.170532 600.347473
1037.463379 572.629089
1038.913574 550.352905
1041.702271 529.072144
1040.441284 506.165771
1038.701172 483.459564
1038.329468 461.744720
1037.518677 440.184784
1035.340698 418.430054
1034.601562 397.564178
1034.397339 377.171570
1039.504761 358.755585
1036.634399 337.930939
1030.472534 316.483246
1033.540649 297.936371
1028.513428 277.437195
1034.781006 259.898010
1026.076782 239.099365
1019.910645 219.250549
1023.215271 201.420456
1019.294373 182.440369
1017.005310 163.930771
1021.330017 146.403549
1014.412354 127.619034
1070.909302 114.692421
1222.015991 106.451683
1236.303345 85.791916
1222.255005 63.682083
1213.815063 42.187222
1225.000000 21.000000
