180 2
-1370.000000 21.000000
-1309.800537 43.862652
-1266.228149 65.217659
-1262.267700 87.152649
-1234.984253 107.358513
-1186.467896 124.802490
-1138.727539 140.685089
-1107.681519 157.006180
-1067.509033 171.028610
-1032.134277 184.474014
-990.716614 195.690063
-961.994629 207.992813
-930.218384 218.724014
-903.241028 229.529633
-881.028503 240.665085
-853.878418 249.796036
-832.452637 259.701965
-802.339661 266.299866
-780.817383 274.702942
-762.087952 283.407928
-741.417480 290.853882
-726.325562 299.810272
-703.732544 305.326416
-691.299133 314.439087
-668.715271 318.731232
-656.166809 326.975616
-644.435303 335.312103
-624.595581 339.247345
-608.350891 344.465912
-594.741394 350.670532
-574.174866 352.500000
-567.444763 361.955200
-550.383240 364.917603
-537.587830 370.113617
-523.122681 373.850708
-509.512573 377.764557
-500.781525 384.839081
-501.543091 398.939819
-494.082733 407.019745
-2719.233643 2222.991943
-2766.186523 2342.105957
-2806.764893 2460.883545
-2861.850830 2597.822021
-2904.937012 2729.897461
-2967.276611 2886.465820
-3032.781006 3053.781006
-3098.176270 3229.255615
-3171.974365 3422.526123
-3260.673340 3642.344727
-3863.531738 4465.484863
-3938.359619 4714.554199
-3845.776855 4770.139160
-3749.378418 4819.985352
-3835.367188 5110.704102
-3945.214600 5451.122070
-4103.939453 5882.032715
-4886.786621 7265.959473
-4746.529297 7330.014160
-4809.547363 7717.884277
-4791.914062 7996.084473
-4637.000000 8052.519531
-4482.549805 8107.733887
-4328.058105 8160.894043
-4833.182617 9506.655273
-5573.889160 11449.166016
-6580.185547 14800.338867
-6314.996582 14898.199219
-6050.645508 14996.874023
-5785.850586 15093.656250
-4470.887207 12304.662109
-4259.733887 12392.165039
-4045.032471 12470.330078
-3828.315186 12542.854492
-3615.810791 12630.831055
-3111.004883 11631.428711
-2433.734375 9782.174805
-2075.848389 9012.487305
-1924.430664 9074.734375
-722.784485 3739.403809
-555.847839 3173.369629
-481.035980 3058.141602
-407.081329 2917.534180
-348.424438 2858.689453
-300.101227 2876.272461
-251.967255 2900.998779
-202.712311 2919.921143
-160.200363 3077.804932
-101.801834 2936.223145
-48.482784 2798.576904
-0.000000 2658.000000
43.962612 2539.616455
86.620552 2501.488037
130.892227 2518.572510
175.925827 2536.856445
222.159988 2560.300293
268.742676 2577.915771
301.504761 2476.559082
343.896729 2467.952393
222.136948 1423.517456
219.664948 1266.781860
215.614166 1130.238770
212.277832 1019.688721
211.229034 935.933472
209.020523 859.335510
207.314056 794.706604
206.728012 741.946289
213.138977 718.146179
226.200439 717.173340
238.641464 714.065125
297.899536 839.472290
261.250244 701.580139
267.469116 683.009277
271.558136 660.750854
292.036896 676.925659
295.832794 655.415466
308.613281 653.751038
323.241241 655.396667
342.244781 664.668823
362.637604 675.215515
383.000000 684.375488
405.334961 695.590637
421.285828 695.198242
443.880798 704.516541
469.162842 716.562500
491.554993 723.013306
520.189941 736.980042
543.438965 742.167847
573.796509 755.426025
605.406189 768.614441
640.859253 784.746338
671.804443 793.822632
706.601929 805.760925
746.788208 821.832275
787.742615 836.731323
833.678894 854.678894
879.752563 870.567200
925.893799 884.409912
929.674194 858.082397
938.104004 836.481384
943.766724 812.914307
953.558105 793.176147
966.889221 776.416626
970.342163 752.205261
975.674500 729.869019
987.897339 712.733154
990.699890 689.235535
1002.211304 671.843628
1013.417480 654.253540
1018.314758 632.865234
1028.838135 615.000000
1031.176636 592.590515
1041.878174 574.976440
1052.278687 557.162781
1052.487793 534.332642
1062.192749 516.308594
1069.761719 497.288605
1077.911133 478.546143
1086.659424 460.038940
1094.156250 441.007233
1104.138794 422.873657
1108.147827 402.565887
1114.638184 383.167908
1118.876587 363.074890
1125.637451 343.771332
1137.860596 325.888824
1141.067749 305.500153
1144.884766 285.317474
1156.170410 266.751617
1158.320068 246.154617
1162.073120 225.904846
1176.336792 207.313446
1183.370361 187.311859
1191.055420 167.243210
1201.382446 147.270386
5727.123535 522.058350
5471.638672 403.614258
5181.888672 292.571289
4825.059082 189.494766
4592.300293 101.158905
4385.000000 21.000000
