181 2
-1585.000000 21.000000
-1584.758545 48.662064
-1593.028931 76.629799
-1591.815430 104.423515
-1581.139038 131.564011
-1587.934326 159.926254
-1585.267944 187.618378
-1582.118530 215.259735
-1579.477539 242.981094
-1583.264404 271.764435
-1577.661987 299.184387
-1573.548340 326.866821
-1567.970581 354.282440
-1572.633301 384.071014
-1566.057251 411.461945
-1567.697632 441.063324
-1562.050293 468.910706
-1562.601929 498.735352
-1563.536865 529.023926
-1561.051147 558.513000
-1559.889771 588.753418
-1559.079346 619.474487
-1553.032959 648.466064
-1547.368652 677.819031
-1550.286621 711.232056
-1552.505249 744.945068
-1537.836670 771.053040
-1535.204224 803.225647
-1535.445923 837.411072
-1530.584473 869.416809
-1667.964966 984.000000
-1765.764648 1081.978394
-1761.395874 1121.642334
-1764.562866 1166.920532
-1754.243530 1204.252197
-1749.708740 1246.159302
-1750.712769 1292.967285
-1742.622681 1334.160400
-1737.563721 1378.533569
-1736.144043 1426.901733
-1728.962280 1471.771606
-1743.379150 1536.496338
-1720.380249 1570.037354
-1715.755737 1620.968140
-1704.835327 1667.340332
-1702.005981 1723.005981
-1703.996948 1785.540527
-1698.857910 1842.802124
-1691.562134 1899.670166
-1681.479248 1955.320679
-1689.245850 2034.164795
-1678.397461 2093.648193
-1643.816162 2124.988770
-1585.782593 2125.404541
-1524.714966 2119.590088
-1461.472778 2108.199463
-1422.027588 2129.242432
-1421.507935 2209.930176
-1414.354492 2284.440430
-1419.959961 2384.210205
-1417.000000 2475.315918
-1408.856812 2562.644775
-1399.964233 2653.949707
-1392.842896 2754.607910
-1383.499390 2857.593994
-1373.086792 2965.593994
-1362.567749 3081.377197
-1351.538940 3205.026367
-1336.221680 3328.264893
-1322.019409 3464.978271
-1390.995972 3842.729980
-1506.729370 4396.859863
-1495.642212 4624.113770
-1461.273804 4800.611328
-1374.879150 4815.773438
-1282.707153 4808.128418
-1250.736206 5037.428711
-1190.665894 5178.340820
-1156.404785 5461.457031
-1056.127808 5454.306641
-955.933228 5442.366699
-858.199463 5439.458008
-759.885132 5427.863770
-662.359863 5415.488281
-565.708069 5403.352539
-517.792297 5939.392578
-476.018188 6828.376953
-393.514069 7529.695312
-309.698120 8889.593750
-144.889877 8321.735352
-0.000000 12366.000000
215.188171 12349.122070
430.415497 12346.487305
644.569641 12320.121094
858.911438 12304.005859
1073.758789 12294.119141
965.633972 9208.393555
1127.169556 9201.059570
1288.742920 9190.881836
1449.678223 9173.908203
1612.323364 9164.940430
1774.905273 9152.095703
1938.152832 9139.291992
2057.627197 8933.562500
1981.582275 7968.692383
1899.990601 7111.861328
1848.424072 6467.220703
1805.395264 5926.181641
1768.813232 5464.847656
1792.903809 5227.970703
1893.423462 5223.138184
1991.092285 5207.972656
2091.803223 5198.394531
2196.690430 5196.078125
2300.502441 5188.013184
2406.388428 5181.516602
2509.236328 5165.697266
2594.555664 5113.102051
2575.990479 4865.733398
2615.062988 4738.698730
2580.000000 4489.690918
2688.498779 4495.413086
2777.836670 4466.468262
2791.819580 4320.025391
2773.037598 4132.197266
2753.166992 3952.929932
2735.552490 3786.165039
2429.527344 3245.091553
2425.090576 3124.974365
2443.651123 3038.657715
2439.378906 2928.138672
2422.825928 2808.142578
2414.892334 2703.009766
2406.772217 2601.947266
2400.739258 2507.038330
2392.849365 2413.849365
2383.172852 2322.403076
2376.168213 2236.812744
2365.429932 2150.842773
2353.184570 2066.592041
2337.967529 1982.787842
2336.100830 1912.737061
2323.843750 1836.585693
2379.135254 1813.807007
2461.029785 1809.042725
2536.913818 1797.366211
2573.332520 1756.734741
2562.977295 1685.416870
2551.776611 1615.527100
2548.358398 1552.208252
2552.176758 1494.500000
2534.647949 1425.978271
2537.591309 1370.261230
2533.131592 1311.694946
2525.611328 1252.822876
2535.849121 1203.485840
2525.953125 1145.626831
2517.580811 1089.649658
2523.794434 1040.679199
2518.800049 987.876709
2511.798340 935.219849
2515.079346 887.011292
2497.474365 832.478638
2504.562256 786.721497
2500.241699 737.932739
2419.644287 669.341736
2232.650391 577.662292
2234.230469 536.812744
2225.285889 493.999084
2227.312012 453.945618
2229.604736 414.139465
2226.249512 373.603271
2234.044678 334.974518
2230.251221 294.840424
2225.739990 254.934708
2228.487549 215.967392
2223.570312 176.487183
2217.956299 137.238159
2207.654297 98.092987
1255.808716 42.920223
1139.000000 21.000000
