179 2
-2533.000000 21.000000
-2556.610596 65.625801
-2562.437988 110.482307
-2584.453125 156.445450
-3170.258545 242.686081
-3184.834473 299.636902
-3206.338623 357.999756
-3223.789795 416.831635
-3235.205811 475.678528
-3252.457764 536.138672
-3277.440186 598.901123
-3290.414307 660.591736
-3315.920410 725.820618
-3327.473877 789.207825
-3350.431152 856.356323
-3372.047119 924.537292
-3391.331299 993.448608
-3404.444824 1061.843262
-3440.922363 1139.023438
-3464.380127 1213.881714
-3486.259521 1289.894775
-2806.342773 1098.254028
-2330.012939 962.386353
-2344.525879 1016.192200
-2585.333740 1172.064697
-2563.038330 1216.164429
-2578.640137 1278.686768
-2606.194092 1348.922241
-2631.183838 1420.025269
-2648.348389 1489.003540
-2672.554443 1564.000000
-2699.219727 1642.854858
-2888.451904 1825.905029
-2504.270264 1647.292114
-2948.886719 2010.049194
-2981.713379 2108.818115
-2850.166992 2091.767334
-3851.020508 2922.952148
-4079.531738 3208.279541
-3644.814453 2972.512695
-3555.212158 3004.177246
-2505.635742 2199.115967
-3372.391113 3057.514648
-3284.509521 3083.854736
-1307.759766 1283.888916
-1258.650024 1279.650024
-2459.724121 2752.800293
-2056.089111 2386.259766
-2036.993896 2448.594727
-2093.119629 2605.787354
-4060.903076 5218.718750
-1455.188721 1952.100708
-4369.007812 6034.423340
-2267.921143 3259.927246
-1306.274658 1957.631714
-1259.205444 1960.006348
-1219.344238 1972.358643
-1179.952271 1984.770264
-1135.500000 1987.743652
-1100.033081 2005.512085
-1059.127808 2012.929810
-697.329407 1389.586060
-672.461365 1399.750122
-969.908936 2100.976318
-907.022705 2058.206299
-874.456238 2081.089844
-863.468201 2158.158691
-828.546692 2179.437988
-793.828735 2202.026611
-762.155029 2234.458984
-726.498962 2256.933838
-688.827759 2274.053955
-654.363098 2303.035156
-618.577515 2329.562744
-582.306030 2356.501709
-543.481750 2375.078125
-505.433319 2398.876709
-469.199310 2434.821289
-429.952881 2459.384033
-390.147552 2484.294678
-350.994568 2518.456055
-309.426270 2541.074707
-268.324554 2573.937744
-225.036133 2593.174805
-182.064392 2624.642090
-137.957581 2653.387451
-93.111855 2687.374756
-47.034237 2715.589600
-0.000000 2749.000000
48.290810 2787.578613
98.032684 2828.288818
148.791122 2860.103760
164.695038 2376.248779
246.999374 2844.215820
283.063080 2714.165283
316.982147 2602.612549
350.994568 2518.456055
380.605042 2424.045654
407.204987 2330.374268
433.518036 2251.257080
360.518860 1717.107910
409.860809 1796.302246
454.087402 1842.245117
471.309479 1779.950928
490.083221 1730.123291
506.387787 1677.319824
521.002625 1624.481323
537.838562 1582.996704
554.756653 1545.181396
569.446655 1504.459351
582.138672 1461.843750
596.255676 1425.690430
610.918457 1393.145264
619.981018 1350.553467
635.199768 1323.352539
656.016296 1308.504395
691.531616 1321.581787
727.214417 1332.929565
768.500000 1352.081055
803.974426 1359.038208
847.870850 1377.876953
889.395569 1390.549072
1116.708252 1676.588013
1129.371948 1633.910400
919.883911 1287.111572
875.039062 1182.216064
873.007996 1138.399292
881.677856 1109.781494
889.618042 1081.205566
895.520569 1051.178589
910.686768 1032.420166
931.609741 1020.029175
950.292664 1005.056824
963.079407 984.079407
997.004944 983.796509
1051.686646 1001.713623
1125.121216 1034.063721
1249.799072 1107.433716
1296.147217 1108.596680
1299.388062 1073.223633
1309.673828 1044.229370
1318.547241 1014.596619
1327.596924 985.555603
1336.036987 956.503174
1344.698975 928.010864
1351.098267 898.413513
1356.876953 868.870850
1363.753174 840.425598
1383.908569 820.000000
1387.146851 789.908081
1398.588989 764.642944
1404.226318 736.489014
1416.499390 711.872925
1421.090576 683.665405
1432.439331 658.763062
1445.192627 634.447876
1447.333984 605.760864
1457.319092 580.412354
1466.860229 554.893433
1475.954468 529.211914
1484.599243 503.375519
1492.791748 477.392242
1498.606934 450.718628
1505.878418 424.498901
1509.780151 397.430481
1518.068604 371.473755
1532.757324 346.797607
1536.246582 319.616089
1535.315308 291.717499
1542.769165 265.350647
1554.720825 239.501770
1571.200562 213.919174
1564.382935 185.423279
1567.014282 158.095978
1579.143921 131.424500
1590.816895 104.371178
1602.023438 76.943893
1611.754517 49.133278
1614.000000 21.000000
