181 2
-680.000000 21.000000
-687.895203 33.007256
-682.583923 44.836357
-685.059875 56.902466
-683.331360 68.783188
-684.385742 80.875992
-691.192688 93.647285
-685.849365 105.211716
-692.197388 118.281998
-686.443420 129.721954
-691.335022 142.901016
-691.065552 155.329529
-676.878113 164.874893
-9303.285156 2168.832764
-9313.869141 2343.208252
-9310.558594 2515.756836
-3907.528809 1141.465820
-3740.107910 1164.465698
-3399.075928 1125.426758
-3217.599609 1128.908447
-3091.588623 1146.246216
-2956.649170 1155.951294
-2927.119385 1203.633057
-2966.787109 1280.326416
-2968.109131 1342.487305
-3048.819336 1442.687866
-2919.282959 1444.829468
-2784.395508 1439.720337
-2665.618896 1438.334595
-2564.385010 1442.461792
-2456.048096 1439.000000
-2458.355713 1498.129150
-2455.947266 1555.646240
-2460.659424 1618.970947
-2439.857666 1666.704712
-2353.423828 1668.885132
-2329.159912 1713.233765
-2278.507080 1737.978271
-2199.338135 1739.311157
-2120.831299 1738.415405
-1417.182251 1210.157104
-1327.534180 1175.007812
-1244.024414 1141.124634
-1170.165894 1112.197388
-1104.186646 1087.300659
-1042.982544 1063.982544
-982.246948 1038.146484
-934.337769 1022.954590
-879.906738 998.235474
-833.851013 980.235901
-794.485474 967.830933
-754.555176 952.798035
-734.484131 961.096802
-736.621582 998.529846
-710.044556 998.292542
-677.393799 988.418579
-665.439575 1007.554688
-650.299011 1022.372681
-647.031433 1056.466675
-648.432922 1100.173584
-648.000000 1143.368896
-644.796814 1184.244263
-646.462341 1236.818848
-646.482483 1289.793335
-645.720703 1344.923584
-648.719055 1412.182495
-648.338196 1477.191406
-647.050720 1545.356079
-644.323364 1615.756226
-631.085938 1665.035156
-599.903320 1669.220825
-568.442017 1671.875488
-535.217407 1668.229858
-503.171692 1666.800537
-471.339874 1664.757446
-442.580566 1672.733154
-410.783386 1668.562134
-380.392242 1668.659790
-351.370758 1674.069458
-320.749908 1671.115234
-290.166107 1666.613770
-260.463379 1665.501099
-231.444870 1667.815796
-201.206284 1659.693726
-172.785553 1664.944702
-144.068436 1667.709839
-114.470375 1658.002563
-85.883301 1659.751099
-57.270073 1661.000366
-28.587042 1658.750488
-0.000000 1659.000000
28.621946 1660.750244
57.374771 1663.998535
86.144981 1664.744263
115.028427 1665.983154
143.545502 1661.732666
888.910034 8478.414062
1038.814331 8481.463867
1188.538330 8477.889648
1335.011719 8449.932617
1406.723877 7998.927734
1403.972534 7243.812988
1402.364380 6618.605469
1403.019775 6098.145996
1427.822998 5747.685547
1426.092896 5343.251465
1397.757080 4895.558105
1398.706177 4595.961914
1396.447754 4318.824219
1397.989624 4081.056885
1395.442139 3854.945801
1400.501953 3669.432373
1398.031860 3481.250244
1401.552612 3322.850830
1399.580811 3164.510010
1398.021240 3019.066162
1398.403931 2888.153076
1397.382812 2763.518066
1396.208374 2646.886230
1395.766846 2539.030029
1399.000000 2444.139160
1395.753174 2343.923340
1396.337280 2255.606689
1395.365234 2169.674072
1397.423096 2092.764893
1396.658569 2015.635254
1398.928955 1946.460449
1399.821777 1878.626221
1396.935913 1808.996460
1398.349854 1747.818359
1396.777466 1685.614624
1394.781494 1625.512573
1396.475586 1571.943237
1405.598633 1528.319946
1421.965698 1493.488525
1425.527222 1446.527222
1430.047485 1401.980835
1428.333740 1352.942749
1429.067505 1307.738159
1430.174683 1264.231812
1431.737061 1222.369995
1428.394287 1177.690918
1426.299438 1135.347290
1434.349365 1101.859741
1435.196167 1063.731079
1429.420288 1021.890869
1430.918823 986.166931
1432.449341 951.243469
1432.353271 916.033630
1429.755005 880.083496
1437.602173 851.000000
1433.501709 815.602966
1433.023926 782.952332
1438.084473 753.740662
1435.374146 721.078735
1412.933838 679.861877
1405.032959 646.560974
1407.451904 618.427917
1401.901978 587.405151
1404.104980 559.985413
1402.021362 531.294067
1404.095093 504.468719
1412.318970 479.890228
1409.593262 451.955902
1407.287109 424.533081
1404.456177 397.322906
1410.809937 372.754425
1407.964722 346.054260
1412.445190 321.224487
1406.671753 294.429291
1404.335815 268.622314
1408.443604 244.075546
1405.190430 218.486633
1401.475220 193.079514
1405.259399 168.698715
1398.657349 143.366669
1400.579956 118.938087
1405.071777 94.636688
1397.148315 69.789497
1397.787109 45.398464
1398.000000 21.000000
