181 2
-990.000000 21.000000
-1007.846497 38.592026
-1019.378662 56.597488
-1045.565063 75.795746
-1050.434937 94.453568
-6249.129395 567.727966
-6086.474121 660.714172
-5949.321777 751.484863
-5653.440430 815.539246
-5527.104004 896.407288
-5411.518555 975.196716
-5299.805176 1051.177734
-5221.352051 1130.832642
-5300.573242 1244.733765
-5462.765137 1383.020264
-5096.224609 1386.529297
-5018.747559 1460.102661
-5011.993164 1553.320068
-5136.656250 1690.000732
-5162.531250 1798.602173
-5064.003418 1864.146606
-4961.979980 1925.725708
-4861.225098 1985.062378
-4769.135742 2045.377930
-4678.266113 2103.898438
-4593.167969 2162.829346
-4497.565430 2214.609131
-2909.136230 1503.278931
-4329.092285 2322.819092
-2945.719238 1653.838745
-3960.334229 2307.500000
-3887.253662 2356.697754
-3806.887939 2399.807617
-3725.374756 2440.286621
-3657.713867 2488.159180
-3116.054443 2202.884766
-2876.055420 2110.576660
-2907.033203 2211.606689
-2851.811035 2249.078857
-2585.564697 2114.749023
-2433.723145 2063.136230
-2391.674561 2100.051025
-2370.632080 2155.526611
-2576.559082 2423.680176
-2811.179932 2735.724854
-2761.958984 2782.958984
-2699.442383 2816.354492
-2646.153564 2858.652344
-2590.204590 2897.713623
-2533.699951 2935.688477
-2469.590088 2964.142822
-2670.206299 3318.430420
-2631.952881 3389.745850
-2567.944824 3428.777832
-2502.789551 3465.794434
-2457.201416 3530.247314
-2393.904785 3570.109863
-2325.608643 3602.123291
-2268.584473 3651.493896
-2203.332764 3687.961670
-2137.500000 3723.258545
-2073.045898 3760.873779
-2015.441406 3811.493896
-1949.435181 3846.981934
-1884.119141 3884.016846
-1821.062134 3926.280273
-1753.848389 3960.208008
-1563.705933 3704.860352
-1359.821899 3386.677490
-1245.687012 3266.125488
-1098.910767 3040.232422
-951.961304 2785.696289
-842.380310 2613.580078
-742.331787 2449.057861
-654.914368 2304.957764
-581.307556 2190.469482
-493.520660 2000.403320
-404.686951 1773.891724
-375.696411 1788.512695
-346.509125 1803.635010
-317.081573 1819.258911
-287.057251 1833.408081
-257.887756 1855.966675
-226.920715 1869.120972
-195.363693 1879.761475
-163.678482 1891.853638
-132.328033 1913.379028
-100.171021 1932.376953
-67.146629 1943.828003
-33.875122 1961.704346
-0.000000 1981.000000
34.538311 1999.698608
69.903694 2022.779785
106.399002 2051.213867
143.210037 2068.999023
180.673859 2086.111572
219.718826 2111.485107
259.581696 2135.123291
299.222168 2150.076416
365.587341 2329.227539
413.282654 2364.842529
459.277252 2383.776611
509.175720 2416.483398
561.027954 2451.078857
614.481628 2485.551025
667.494324 2512.122803
725.477539 2551.040771
785.018005 2588.678223
844.852478 2621.188477
911.265259 2667.506592
976.467529 2703.822510
1047.867920 2750.789062
1120.073730 2793.279785
1196.418701 2839.585938
1277.153076 2889.532715
414.165894 909.181641
430.480469 903.615784
727.292786 1448.392456
749.276611 1430.184326
764.544800 1400.275269
779.000000 1370.267578
797.278931 1347.895020
810.246582 1317.665527
827.306702 1294.940552
844.381287 1272.846680
860.364624 1249.728027
821.723755 1152.005737
885.269897 1195.792847
901.328430 1174.647705
915.661194 1151.747314
931.399231 1130.998413
888.303955 1042.876831
832.398499 945.472168
975.939636 1067.567139
988.498840 1044.620483
999.848999 1020.848999
1009.953064 996.300354
1021.701111 973.751709
1037.430176 955.106323
1053.574585 936.858398
1067.865967 917.045898
1082.564331 897.643311
1089.818848 872.459839
1091.734741 843.681152
670.675110 508.273987
674.162109 493.053406
1066.971313 740.681274
1148.140015 766.610840
1164.369995 748.579163
1111.745972 689.004395
1122.368896 669.000000
825.640991 478.660278
710.772827 398.924622
781.412720 419.149658
1243.930908 627.705688
1253.423706 605.481079
1273.482422 587.990906
1272.137695 560.990417
1288.785522 541.703186
1295.809692 518.414734
1325.906250 503.590424
1334.126709 480.376678
1348.598145 459.186096
1362.734253 437.629669
1386.139404 418.469055
1390.933228 393.699432
1405.958496 371.544830
1420.631592 348.978638
1434.942505 326.006439
1368.388306 286.987732
1422.062378 271.747955
1465.729492 253.148743
1475.499390 228.367920
1510.655273 206.485138
1523.607544 181.137604
1535.135986 155.307007
1547.221802 129.192291
1567.848389 103.167450
1580.036865 76.176102
1597.756592 48.888947
1094.000000 21.000000
