38 4
-1683.0000000000 21.0000000000 -1884.8510742188 86.8204498291
-1830.0096435547 181.1051025391 -2159.5798339844 440.7797851562
-2159.5798339844 440.7797851562 -2024.5805664062 563.4847412109
-2024.5805664062 563.4847412109 -2482.1030273438 1126.1035156250
-3863.5900878906 1822.6217041016 -4428.1997070312 2475.5910644531
-3343.8095703125 2030.1635742188 -3134.1318359375 2298.0800781250
-3134.1318359375 2298.0800781250 -2755.2924804688 2097.2617187500
-3542.1083984375 2788.3984375000 -3208.0585937500 2618.8344726562
-3208.0585937500 2618.8344726562 -3313.1750488281 2901.0991210938
-3942.7277832031 3697.6530761719 -3623.9223632812 3644.9223632812
-3623.9223632812 3644.9223632812 -3477.4716796875 3883.1237792969
-3477.4716796875 3883.1237792969 -3050.0183105469 3529.6447753906
-3050.0183105469 3529.6447753906 -3337.9960937500 3999.0688476562
-3337.9960937500 3999.0688476562 -3199.5927734375 4116.2919921875
-3199.5927734375 4116.2919921875 -3252.8103027344 4337.6250000000
-3252.8103027344 4337.6250000000 -3058.2465820312 4230.3154296875
-2240.1003417969 3470.4521484375 -1849.0494384766 3812.1132812500
-1753.8483886719 3960.2080078125 -1218.0767822266 4906.4389648438
-1218.0767822266 4906.4389648438 -770.3033447266 4389.6074218750
-770.3033447266 4389.6074218750 -601.1776733398 3816.6862792969
-601.1776733398 3816.6862792969 -556.1356811523 3978.1110839844
-556.1356811523 3978.1110839844 -185.7926483154 3566.1347656250
-185.7926483154 3566.1347656250 -0.0000000000 3706.0000000000
-0.0000000000 3706.0000000000 71.3803405762 4110.3769531250
120.2985687256 3465.9001464844 297.5497131348 3422.0087890625
297.5497131348 3422.0087890625 449.6978759766 3683.4953613281
449.6978759766 3683.4953613281 1068.1289062500 2955.6601562500
1257.2893066406 2717.2656250000 1195.8764648438 2472.9101562500
1261.4700927734 2393.4802246094 1418.2399902344 2204.8981933594
1418.2399902344 2204.8981933594 1604.8668212891 2312.9873046875
1604.8668212891 2312.9873046875 1211.4536132812 1628.6533203125
1699.2257080078 2195.9096679688 1450.5834960938 1812.3214111328
1026.0762939453 1201.3657226562 1106.5382080078 1052.8635253906
1210.2894287109 900.3267211914 1865.3345947266 1279.1840820312
1865.3345947266 1279.1840820312 2036.0771484375 1103.6014404297
2036.0771484375 1103.6014404297 2504.9389648438 1242.7403564453
2504.9389648438 1242.7403564453 3134.9228515625 517.5230102539
3134.9228515625 517.5230102539 2579.0000000000 21.0000000000
