27 4
-6249.1293945312 567.7279663086 -5299.8051757812 1051.1777343750
-5221.3520507812 1130.8326416016 -5462.7651367188 1383.0202636719
-5462.7651367188 1383.0202636719 -5096.2246093750 1386.5292968750
-5096.2246093750 1386.5292968750 -5011.9931640625 1553.3200683594
-5011.9931640625 1553.3200683594 -5162.5312500000 1798.6021728516
-5162.5312500000 1798.6021728516 -4497.5654296875 2214.6091308594
-3960.3342285156 2307.5000000000 -3657.7138671875 2488.1591796875
-3116.0544433594 2202.8847656250 -2876.0554199219 2110.5766601562
-2851.8110351562 2249.0788574219 -2391.6745605469 2100.0510253906
-2391.6745605469 2100.0510253906 -2811.1799316406 2735.7248535156
-2811.1799316406 2735.7248535156 -2469.5900878906 2964.1428222656
-2469.5900878906 2964.1428222656 -2670.2062988281 3318.4304199219
-2670.2062988281 3318.4304199219 -1753.8483886719 3960.2080078125
-1753.8483886719 3960.2080078125 -404.6869506836 1773.8917236328
-404.6869506836 1773.8917236328 299.2221679688 2150.0764160156
299.2221679688 2150.0764160156 365.5873413086 2329.2275390625
365.5873413086 2329.2275390625 1277.1530761719 2889.5327148438
727.2927856445 1448.3924560547 821.7237548828 1152.0057373047
931.3992309570 1130.9984130859 832.3984985352 945.4721679688
832.3984985352 945.4721679688 975.9396362305 1067.5671386719
975.9396362305 1067.5671386719 1091.7347412109 843.6811523438
1091.7347412109 843.6811523438 674.1621093750 493.0534057617
674.1621093750 493.0534057617 1164.3699951172 748.5791625977
1164.3699951172 748.5791625977 710.7728271484 398.9246215820
710.7728271484 398.9246215820 1243.9309082031 627.7056884766
1243.9309082031 627.7056884766 1597.7565917969 48.8889465332
1597.7565917969 48.8889465332 1094.0000000000 21.0000000000
