26 4
-2292.0000000000 21.0000000000 -2136.4916992188 927.8869628906
-2136.4916992188 927.8869628906 -2620.9619140625 1187.9273681641
-2620.9619140625 1187.9273681641 -2567.6115722656 1386.2232666016
-2424.4458007812 1364.8922119141 -2539.1865234375 1487.0000000000
-2539.1865234375 1487.0000000000 -2350.5708007812 2212.9426269531
-1781.0853271484 1740.9741210938 -1463.7110595703 1484.7110595703
-1463.7110595703 1484.7110595703 -1742.2032470703 1825.1042480469
-1742.2032470703 1825.1042480469 -1567.3250732422 1824.0012207031
-1567.3250732422 1824.0012207031 -1457.8078613281 2353.9802246094
-1457.8078613281 2353.9802246094 -1282.9598388672 2156.2038574219
-1282.9598388672 2156.2038574219 -1496.0000000000 2612.1479492188
-1496.0000000000 2612.1479492188 -1437.7879638672 2842.8176269531
-1906.4760742188 3929.8552246094 -1810.2573242188 4285.6992187500
-1810.2573242188 4285.6992187500 -1561.3602294922 3885.5021972656
-1230.1966552734 3807.1560058594 -1135.6258544922 3981.3981933594
-708.8208007812 3091.2399902344 -492.0964050293 2552.6164550781
-661.5606689453 6315.3291015625 -581.5902709961 6668.6074218750
-91.5879211426 1768.6016845703 175.6078186035 1691.7967529297
291.0343322754 1671.5378417969 1704.9958496094 1849.3842773438
1704.9958496094 1849.3842773438 1366.1302490234 1387.1302490234
1366.1302490234 1387.1302490234 1653.7622070312 1618.0196533203
1653.7622070312 1618.0196533203 1507.0910644531 999.7163696289
1507.0910644531 999.7163696289 1191.6510009766 709.0000000000
1336.7827148438 731.7799682617 1223.7458496094 214.8222961426
1223.7458496094 214.8222961426 1783.6445312500 145.7245788574
1783.6445312500 145.7245788574 1381.0000000000 21.0000000000
