22 4
-1714.0000000000 21.0000000000 -1594.1584472656 2475.7888183594
-1594.1584472656 2475.7888183594 -1815.5091552734 3042.5146484375
-1815.5091552734 3042.5146484375 -1812.1602783203 3429.1777343750
-1812.1602783203 3429.1777343750 -1749.2170410156 3772.2080078125
-1749.2170410156 3772.2080078125 -1521.2773437500 3786.2937011719
-1521.2773437500 3786.2937011719 -1480.2779541016 4862.7709960938
-1670.1593017578 6254.1191406250 -1604.9099121094 6457.9418945312
-1485.8017578125 6456.7143554688 -1366.0015869141 7048.4692382812
-1366.0015869141 7048.4692382812 -748.0056762695 7137.7988281250
-567.2171020508 10844.1464843750 -367.1078186035 10533.5917968750
-244.8398132324 14047.8632812500 732.9650878906 14006.8066406250
762.5079956055 10925.3730468750 1718.9018554688 10873.7197265625
1593.8510742188 7519.4794921875 1602.5512695312 6962.4121093750
1602.5512695312 6962.4121093750 2382.1821289062 6939.3593750000
2382.1821289062 6939.3593750000 2393.1811523438 6255.4501953125
2393.1811523438 6255.4501953125 2633.9184570312 6226.1230468750
2633.9184570312 6226.1230468750 2635.6535644531 5940.7744140625
2301.5791015625 4956.7524414062 2309.3391113281 4755.8471679688
785.4035644531 1562.4412841797 745.3612670898 646.4323730469
745.3612670898 646.4323730469 1044.7952880859 673.8605346680
1044.7952880859 673.8605346680 1014.4123535156 127.6190338135
1014.4123535156 127.6190338135 1225.0000000000 21.0000000000
