21 4
-720.0000000000 21.0000000000 -630.9052124023 155.1030426025
-3344.0380859375 793.0320434570 -4738.7587890625 2032.4838867188
-5481.2729492188 2461.4199218750 -5558.3857421875 2612.9177246094
-5558.3857421875 2612.9177246094 -5424.4477539062 2784.8940429688
-5424.4477539062 2784.8940429688 -6275.2202148438 3644.0000000000
-7401.7636718750 4646.1352539062 -7686.4155273438 5012.6166992188
-7686.4155273438 5012.6166992188 -7710.8784179688 5222.0532226562
-7710.8784179688 5222.0532226562 -7442.4843750000 5629.3139648438
-10092.0175781250 8193.3544921875 -9900.3583984375 8328.3867187500
-12206.6728515625 10632.0986328125 -11620.9345703125 11243.2060546875
-9246.8349609375 9267.8349609375 -8603.5585937500 9918.2617187500
-6120.7700195312 7579.5214843750 -5685.6337890625 7298.2792968750
-5685.6337890625 7298.2792968750 -5574.0107421875 7417.9619140625
-2211.2480468750 3064.5219726562 -1566.9265136719 2433.8552246094
-1566.9265136719 2433.8552246094 -1423.9072265625 2698.9799804688
-1423.9072265625 2698.9799804688 -1009.9270629883 2289.3332519531
-1009.9270629883 2289.3332519531 -874.5455322266 2423.7939453125
-458.7312011719 1521.4421386719 -112.4763793945 731.1478881836
-0.0000000000 699.0000000000 470.8804931641 1186.4700927734
470.8804931641 1186.4700927734 1026.8864746094 638.0156250000
4967.5214843750 2889.0000000000 2160.0000000000 21.0000000000
