20 4
-1748.0000000000 21.0000000000 -1630.3022460938 3363.6149902344
-1856.1394042969 4001.5039062500 -1842.6898193359 4581.8173828125
-1842.6898193359 4581.8173828125 -1570.8663330078 4583.1269531250
-1570.8663330078 4583.1269531250 -1498.4642333984 6031.0117187500
-1547.4866943359 7301.3525390625 -1396.6523437500 7941.8085937500
-1396.6523437500 7941.8085937500 -970.0799560547 7921.6674804688
-970.0799560547 7921.6674804688 -843.8582763672 8049.7753906250
-751.0679321289 10761.7724609375 -570.6712646484 10910.0566406250
-519.4091796875 14894.9335937500 518.1179199219 14857.9560546875
616.5698852539 11785.8544921875 1440.3737792969 11751.9033203125
1440.3737792969 11751.9033203125 1620.8099365234 11553.6621093750
1516.5499267578 7822.9726562500 2232.6625976562 7807.2197265625
2232.6625976562 7807.2197265625 2312.6601562500 7585.3706054688
765.7441406250 2377.7180175781 730.7647094727 1519.2896728516
730.7647094727 1519.2896728516 1020.5270385742 1533.9935302734
1020.5270385742 1533.9935302734 1004.1983642578 990.7431030273
1004.1983642578 990.7431030273 1222.9926757812 976.5065917969
1222.9926757812 976.5065917969 1299.2097167969 832.8363037109
1299.2097167969 832.8363037109 1284.8043212891 43.4263420105
1284.8043212891 43.4263420105 893.0000000000 21.0000000000
