30 4
-4165.0000000000 21.0000000000 -4116.2763671875 381.1275329590
-10927.6083984375 1556.7751464844 -10913.9560546875 1749.6008300781
-17647.7558593750 3132.7753906250 -17599.5937500000 3442.0144042969
-4778.4321289062 1391.1932373047 -4639.2626953125 1709.5534667969
-4639.2626953125 1709.5534667969 -4702.8593750000 2017.2453613281
-4702.8593750000 2017.2453613281 -4423.3872070312 1990.4188232422
-4423.3872070312 1990.4188232422 -4652.0776367188 2190.2995605469
-4609.9145507812 2269.4055175781 -4290.1962890625 2206.9643554688
-4290.1962890625 2206.9643554688 -4663.7290039062 2500.7487792969
-2545.1433105469 1431.7960205078 -2032.3161621094 1444.0430908203
-2032.3161621094 1444.0430908203 -1974.3203125000 1737.2503662109
-1974.3203125000 1737.2503662109 -1035.9921875000 1678.9340820312
-966.2255859375 1764.1170654297 -761.4110107422 1731.1571044922
-761.4110107422 1731.1571044922 -655.2561035156 1564.6866455078
-655.2561035156 1564.6866455078 50.6391716003 1471.1160888672
50.6391716003 1471.1160888672 323.9264221191 1544.9539794922
323.9264221191 1544.9539794922 509.2456054688 2063.4724121094
509.2456054688 2063.4724121094 1678.8551025391 1952.3017578125
1678.8551025391 1952.3017578125 984.0568237305 971.2926635742
984.0568237305 971.2926635742 1269.2913818359 1163.8751220703
1269.2913818359 1163.8751220703 1766.6218261719 1082.4935302734
1766.6218261719 1082.4935302734 2107.8334960938 1189.3912353516
2107.8334960938 1189.3912353516 1677.6004638672 912.9959716797
1677.6004638672 912.9959716797 2479.7727050781 1230.4659423828
2479.7727050781 1230.4659423828 2226.7983398438 1059.3730468750
3332.6137695312 1504.7752685547 3288.7534179688 1089.5808105469
3582.6223144531 1048.3004150391 3865.6352539062 1056.7938232422
2779.8955078125 611.8850097656 2748.8583984375 309.9166870117
2748.8583984375 309.9166870117 2197.6054687500 213.2655639648
2966.1918945312 124.5817031860 2718.0000000000 21.0000000000
