180 2
-455.000000 21.000000
-443.932373 28.748869
-445.728302 36.565174
-447.386017 44.446507
-447.906250 52.320656
-453.268585 60.655865
-451.512939 68.455925
-447.638306 75.963074
-446.610901 83.767067
-437.545929 90.300468
-444.148285 99.315331
-442.713867 107.054855
-444.079010 115.391907
-438.466522 122.227974
-432.751892 128.897171
-436.598480 137.986206
-434.490295 145.588089
-437.987579 154.906235
-427.024384 159.748627
-433.047516 170.110214
-432.258606 178.329269
-429.446991 185.849258
-432.994873 195.941284
-428.955261 203.080704
-426.625732 210.946014
-423.245728 218.362732
-419.736816 225.719330
-423.228088 236.645493
-420.283051 244.468460
-415.444366 251.284576
-413.960144 260.000000
-417.440460 271.823547
-418.935760 282.780121
-414.303253 290.051697
-409.544556 297.241302
-412.852631 310.082520
-409.362610 318.419342
-404.109558 325.518402
-403.461517 336.218689
-404.893036 348.875916
-400.641235 357.177917
-402.260193 370.679474
-396.096191 377.646606
-396.393707 390.643097
-395.636902 403.062103
-387.494507 408.494507
-387.619385 422.391602
-386.693085 435.677551
-386.757477 450.537720
-379.202118 457.222137
-376.673553 469.902039
-379.480194 489.619019
-377.400482 504.050598
-373.125305 516.153992
-376.182556 538.770874
-367.088928 545.257324
-365.712158 563.190552
-364.363525 582.070618
-359.285248 595.976624
-357.951477 616.731262
-356.000000 637.610107
-353.911011 659.472412
-349.756317 678.795959
-346.848755 701.729004
-342.367859 722.958130
-337.671997 745.139893
-331.490356 765.539551
-328.214142 794.224060
-324.783905 824.868408
-320.022583 854.687317
-316.026611 889.276001
-309.615326 920.188171
-305.308777 960.643860
-299.681000 1001.212402
-293.002502 1042.821167
-287.030334 1092.211792
-278.935944 1139.750977
-268.141663 1182.449097
-245.335800 1175.214111
-237.366394 1242.144165
-226.437225 1305.189331
-230.115097 1473.889526
-205.001984 1479.664917
-178.294846 1473.094971
-152.088913 1468.029297
-224.687500 2589.189941
-363.221954 5215.315918
-159.415329 3062.825684
-112.132080 3232.042725
-63.404594 3653.446777
-0.000000 5187.000000
89.862442 5169.215820
193.133820 5551.628906
297.006561 5688.222656
329.948120 4739.478027
405.971436 4661.274902
481.876221 4605.746094
557.795959 4563.883789
646.180725 4618.814453
746.505249 4734.248535
1033.901245 5884.545410
1137.412476 5872.479492
894.851929 4230.947266
970.213867 4223.458008
1044.618774 4210.736816
1119.651245 4199.595215
1194.061035 4185.185547
1268.308472 4169.450195
1345.459961 4161.899902
1628.817505 4751.429199
1652.299316 4560.655273
1592.228760 4168.897949
1819.838867 4525.259277
1805.959229 4275.573242
1799.809692 4063.438721
1414.925903 3055.318359
1327.826172 2743.447266
1338.817993 2648.578125
1382.124268 2620.397705
1436.490845 2612.498291
1492.500000 2606.085938
1525.542725 2559.929443
1555.843018 2510.869141
1503.203735 2335.730713
1534.425293 2295.879150
1587.086060 2287.593750
1639.920898 2278.157471
1693.507446 2268.360352
1752.788208 2264.466553
1807.408203 2252.963135
1877.582642 2258.615723
2157.122070 2502.485107
2226.866699 2494.186035
2300.380371 2487.855957
2341.693359 2445.894531
2409.112793 2430.112793
2484.599609 2420.350098
2557.543945 2405.948242
2640.393555 2398.421143
2773.557617 2432.016846
2855.047607 2416.669434
2940.720215 2402.348389
3092.154297 2436.855713
3184.159668 2420.436523
3290.272217 2411.522705
3383.916992 2390.444336
3481.128662 2369.051025
3597.058105 2356.956787
3709.362305 2338.866943
3822.966064 2318.069824
3974.190674 2315.500000
3978.645020 2226.398926
4105.706543 2204.042725
4232.280762 2177.454834
5010.776855 2464.919189
4846.027832 2280.739746
5130.471191 2305.232910
5110.643066 2190.339111
5220.972168 2130.409668
6223.247070 2409.880859
5934.158691 2180.857178
2556.682129 901.336304
2911.184082 966.901001
2961.647217 870.238708
2948.971436 811.174561
3238.847168 828.535278
7236.646484 1691.711426
3306.138916 723.741516
3701.716064 740.540710
3689.089844 671.486084
3673.212891 602.779785
690.216858 118.003654
678.901550 104.358627
644.450195 88.734444
642.545593 77.215454
615.497009 64.039742
612.159912 53.081940
597.635742 41.869900
600.908447 31.488895
596.000000 21.000000
