181 2
-2018.000000 21.000000
-2030.690674 56.445839
-2013.772461 91.322487
-2010.241211 126.352280
-811.019592 77.712013
-778.028076 89.068634
-625.554260 86.748405
-614.386047 96.437126
-605.053772 106.034767
-611.379089 117.832932
-735.651367 150.715195
-727.385742 162.389465
-729.698120 176.102127
-744.418701 192.862610
-1894.987549 493.473450
-1877.759766 524.144226
-1871.576538 557.665955
-1869.575806 592.586670
-1865.972900 627.291321
-1855.107422 659.764709
-1843.676880 692.043518
-1841.020630 727.701599
-1828.406616 759.724182
-1825.361084 795.819824
-2155.053711 980.491760
-1573.350342 754.665283
-1559.407715 781.573914
-1692.912354 883.581970
-1736.757935 944.450562
-1727.373901 978.499023
-1723.390503 1016.000000
-1710.905884 1049.015991
-1720.689575 1096.206177
-1705.855957 1128.795776
-1675.484985 1151.128906
-1508.058960 1076.954224
-1486.973267 1101.349243
-1650.779541 1264.951660
-1646.154419 1307.116821
-1628.897949 1340.055542
-1620.950073 1381.138550
-1613.569092 1423.654175
-1591.073120 1453.608643
-1584.112061 1498.208496
-1572.476807 1539.523193
-1555.634888 1576.634888
-1544.225586 1620.092407
-1537.906250 1670.202637
-1518.257324 1707.195557
-1514.840332 1763.624390
-1479.697021 1784.434326
-1482.049561 1851.178711
-1526.840454 1975.266724
-1450.374146 1945.711548
-1456.531860 2025.744141
-1417.880981 2045.943848
-1654.651855 2474.122070
-1386.106323 2155.416504
-1373.550781 2219.140625
-1349.399780 2266.778320
-1323.500000 2313.369141
-1314.318848 2392.093994
-556.323792 1067.292847
-542.518677 1085.752808
-483.961731 1013.268616
-464.034851 1016.125977
-447.003571 1024.986450
-441.526184 1061.170532
-488.861603 1230.974976
-485.946930 1286.935059
-1056.158203 2922.770752
-990.052734 2896.322021
-918.089478 2846.588867
-864.250732 2847.836914
-808.720032 2841.341797
-759.892700 2856.958252
-890.756409 3593.628906
-852.339539 3712.888184
-796.509705 3768.283447
-490.951538 2546.726807
-447.665009 2559.834473
-573.801636 3643.840820
-513.409546 3674.098877
-456.278809 3737.092773
-392.922485 3759.407715
-234.013168 2695.782715
-187.854187 2707.439941
-142.510803 2740.268311
-98.765579 2849.276123
-38.430199 2222.664551
-0.000000 2176.000000
38.116055 2204.667480
80.059448 2313.602539
82.795486 1600.831909
103.239578 1497.394775
122.279510 1418.661133
142.681351 1378.522339
166.107910 1373.840454
188.997070 1365.784058
211.812271 1358.329956
235.466934 1356.399292
259.500244 1356.012939
281.304504 1344.433716
305.708496 1345.168945
331.674927 1351.275391
358.464386 1358.807251
383.962830 1360.037598
431.540649 1432.505859
454.873016 1420.955200
482.166443 1421.312988
504.821716 1407.986328
541.493958 1431.640015
550.297058 1383.033081
1046.377930 2486.112061
1090.054199 2469.301758
1144.872925 2476.187744
1323.004150 2733.560547
1669.323120 3297.230957
1737.983765 3289.671875
1857.305664 3371.668213
1826.000000 3183.724854
1758.339966 2947.369141
1696.801514 2736.449951
1649.711670 2561.333252
1593.699829 2383.757080
1564.142944 2254.827637
1521.188232 2114.736084
1481.668579 1987.240601
1448.651489 1875.189331
1413.453613 1766.469849
1380.064941 1665.697388
1357.386108 1582.494141
1332.908203 1501.344482
1308.754883 1424.467773
1287.896606 1354.656006
1272.085083 1293.085083
1251.651245 1229.705566
817.653442 783.474182
740.915405 688.123230
732.822998 658.033325
717.783630 623.291992
704.094238 591.164246
696.601501 565.244751
682.833374 535.551819
677.956238 513.564026
670.885498 490.759094
661.571960 467.235931
658.356384 448.541656
651.300964 427.977997
643.732666 407.793579
633.064575 386.500000
649.842468 381.213562
670.157227 377.328918
682.510986 368.756714
695.666565 360.299255
712.357910 353.177948
732.663452 347.202789
748.370422 338.664398
769.562622 331.923462
790.742615 324.537659
804.376892 313.769257
833.001892 307.825531
845.489258 295.716095
888.407104 292.613312
918.966187 284.509308
964.959900 279.560211
957.681885 259.776917
951.959534 240.777176
944.890564 221.842697
938.435608 203.413406
924.734497 184.055634
929.414734 168.204834
925.900635 151.126846
915.127563 133.363541
916.949158 117.375244
901.556213 99.875946
902.795471 84.129608
886.783020 67.474327
881.462708 51.781357
877.866272 36.323212
880.000000 21.000000
