181 2
-3141.000000 21.000000
-3028.538574 73.863342
-3023.157227 126.570976
-3013.864014 178.949921
-3006.657959 231.246017
-2997.549805 283.251617
-2991.521973 335.421631
-2985.578857 387.582977
-2978.726318 439.632690
-2968.991211 491.242004
-2968.210449 544.375610
-3627.112549 726.039246
-3673.922363 801.916321
-3665.580078 867.265869
-3120.470947 799.020813
-2405.155273 665.459412
-3596.080078 1052.159302
-2770.414795 868.000854
-2762.819092 918.694397
-2755.241211 969.705627
-1946.103394 729.323730
-1938.112915 764.971863
-1932.251099 801.680115
-1930.298706 840.363159
-1923.013184 877.180664
-1915.934692 914.414978
-1908.139771 951.661926
-1900.516968 989.361755
-1892.156738 1027.077515
-1891.802368 1069.643188
-1880.141113 1106.500000
-1896.054077 1160.264282
-1352.636719 866.221252
-1291.552734 859.744141
-1237.753052 855.875000
-1186.951294 852.112244
-1136.668823 846.838257
-1090.936157 843.079346
-1046.478271 838.598450
-1004.849731 834.711243
-968.280151 833.483521
-931.311646 830.576843
-895.489502 827.302368
-861.534668 824.394043
-829.398804 821.941101
-794.788025 815.788025
-766.902832 815.151123
-740.650208 815.250122
-707.271057 806.504089
-680.989258 804.388550
-656.286133 803.131348
-630.579041 799.700256
-605.195251 795.614563
-580.149658 790.884644
-563.098267 796.038269
-540.309021 792.641235
-518.371826 789.517822
-498.344727 788.383545
-475.337585 781.699158
-458.383881 783.878906
-438.500000 780.504272
-428.571716 794.163818
-440.364319 849.204834
-416.763275 838.943970
-392.780548 826.319458
-376.130249 827.613953
-361.588867 833.141907
-346.969238 838.408325
-345.387268 875.863525
-339.732819 906.034241
-334.153687 939.079712
-330.451691 980.701355
-325.394897 1022.462524
-321.316498 1071.978882
-311.194580 1106.264404
-304.371185 1156.928711
-298.773529 1219.315186
-288.612213 1271.116821
-279.017487 1333.674072
-268.659058 1403.131104
-256.652008 1476.545898
-243.568466 1558.830688
-234.785019 1691.582275
-226.676971 1867.135864
-207.488998 1995.125977
-184.683014 2131.936523
-159.184280 2297.441162
-170.824554 3280.526855
-112.969673 3256.028076
-56.859940 3278.503906
-0.000000 3280.000000
62.252735 3587.456787
136.317429 3924.620605
203.639206 3906.667480
271.352692 3901.524170
339.035828 3896.197266
406.720245 3890.684814
474.315491 3883.989502
540.130798 3864.230469
607.122131 3854.218506
673.754944 3842.054199
742.247009 3839.529785
808.776489 3825.994141
876.859192 3819.094482
2602.353760 10458.470703
2789.033936 10429.816406
2971.370605 10383.401367
3040.081055 9964.657227
2880.038330 8884.846680
2755.934326 8024.814941
2698.197021 7434.234863
2570.214844 6716.638672
2490.759277 6185.845215
2424.877441 5733.653320
2365.987061 5335.093750
2317.638428 4991.191895
2267.255615 4669.562988
2230.001221 4397.624023
2188.676514 4137.301758
2153.524414 3906.060791
2125.000000 3701.607910
2097.235107 3511.385254
2108.018799 3394.535400
2090.324707 3239.817627
2068.454590 3087.609863
2048.241455 2946.191895
2030.798096 2816.153809
1975.758667 2642.920410
1959.650513 2529.238281
1948.375977 2427.043945
829.196045 1009.197327
820.729858 965.141663
818.346741 929.866150
807.486084 886.922791
810.666321 860.469543
803.980408 824.980408
797.028503 790.681458
795.712830 763.014221
795.908081 737.638855
785.652649 703.957458
775.237000 671.501038
779.477417 652.208374
775.402588 626.810913
771.481873 602.353333
766.948120 578.220398
767.545471 558.441101
761.885559 534.898254
760.674194 514.987610
755.610840 493.158051
748.307068 470.628235
749.978027 454.000000
741.677490 432.118561
739.910095 414.417175
737.753418 396.904144
737.909912 380.902710
735.015625 363.743408
731.749939 346.796051
728.119324 330.068329
726.912170 314.691559
731.927063 301.960480
725.442688 285.039551
722.376221 269.734070
728.509277 257.707031
723.922729 242.325378
719.023743 227.176743
712.853271 212.008453
718.018860 200.022202
710.315796 184.989319
712.091431 172.359711
704.808289 158.000854
699.213501 144.290207
705.209473 132.694214
699.129272 119.256210
691.804688 105.942932
692.187256 93.751808
693.351501 81.660400
694.304565 69.550507
686.058472 56.954803
686.581482 44.975956
686.895386 32.989803
679.000000 21.000000
