181 2
-816.000000 21.000000
-811.876343 35.171352
-798.513245 48.884697
-803.896790 63.130444
-798.051270 76.805176
-783.009033 89.504417
-781.694214 103.159370
-769.223267 115.448738
-756.564819 127.328247
-752.618530 140.203064
-752.393127 153.667206
-741.128540 165.060791
-731.654419 176.517944
-729.803162 189.488342
-726.751526 202.199493
-714.785095 212.526093
-710.372375 224.695999
-698.102478 234.431351
-696.173340 247.200439
-692.119568 259.315887
-680.337463 268.622589
-674.978638 280.100037
-670.353943 291.840576
-663.684021 302.717133
-657.752747 313.850372
-653.447937 325.707764
-649.828125 337.942352
-642.415710 348.327148
-638.371094 360.427948
-630.600830 370.547729
-624.404297 381.500000
-617.160461 391.827423
-611.442688 403.071777
-603.842834 413.140106
-602.710327 427.533234
-635.661987 466.095306
-635.078369 482.411438
-626.928894 493.424805
-620.164490 505.525574
-615.499573 519.421753
-535.465088 470.308533
-486.787689 444.158081
-441.428040 418.463593
-418.334320 411.103058
-413.620392 420.428558
-399.515320 420.515320
-393.871307 428.865662
-386.693085 435.677551
-380.735321 443.849396
-368.705170 445.146790
-361.246643 451.516968
-353.678070 457.756042
-348.464386 467.014099
-343.034576 476.222229
-334.449799 481.330658
-331.527191 494.469879
-328.246246 507.645050
-319.158478 512.460938
-314.772034 524.740540
-309.537872 536.157532
-304.500000 548.409485
-295.733856 554.518005
-295.767090 577.256958
-293.277863 596.590210
-292.831940 621.394409
-423.463501 929.120422
-448.630524 1028.640625
-436.446655 1049.203979
-427.800720 1079.843994
-416.423553 1105.820435
-402.899719 1127.957886
-386.774963 1144.276123
-373.292542 1169.876221
-358.740082 1194.385986
-343.719788 1219.693359
-327.664917 1243.862061
-310.869629 1267.829956
-292.661316 1288.655396
-274.027618 1310.198486
-257.019714 1343.251831
-238.766251 1375.110718
-219.321121 1405.739014
-198.878357 1436.093018
-177.441757 1466.147217
-155.747406 1502.837646
-132.215256 1532.227417
-108.331802 1570.216919
-83.632858 1616.809937
-57.025776 1654.004639
-29.285137 1698.744385
-0.000000 1746.000000
30.943117 1793.729980
63.935879 1851.884033
98.862625 1907.411133
135.676346 1961.262085
174.572952 2016.377930
217.314682 2088.611084
262.384705 2157.951904
311.886932 2240.190674
365.118042 2326.264648
421.270477 2410.143555
482.937561 2505.498291
529.758972 2513.320068
569.351135 2487.130615
582.547913 2357.472168
621.683350 2341.153809
688.266479 2421.270508
727.420776 2400.286133
762.962952 2369.158447
801.223206 2347.921143
838.633362 2325.126221
1193.006958 3128.889160
923.779846 2307.435303
1080.371582 2566.195801
1144.556885 2591.716797
1840.502563 3967.970459
1906.476074 3929.855225
1971.226807 3889.750244
2032.342407 3843.280029
2094.377441 3799.357178
2155.000000 3753.569580
2298.099854 3845.680420
2363.969727 3804.142578
2425.277588 3755.600098
2492.322754 3716.020508
2563.312988 3681.790527
2623.285645 3631.642822
2688.307617 3588.504883
2021.216675 2608.039307
2059.136230 2563.821533
1688.603027 2033.398804
2960.138428 3426.249512
3025.808594 3381.500977
3096.272461 3341.345703
3160.000977 3293.276855
3230.063721 3251.063721
3298.892334 3206.703369
3372.271973 3165.694336
1189.774902 1092.278076
1210.554199 1073.318726
3566.702881 3013.819092
3639.374512 2968.107422
3891.985107 3061.751953
3785.532227 2873.603271
5894.498047 4303.603516
5729.149414 4032.593506
1249.359619 863.703735
1237.877808 824.887207
1232.213867 790.972717
713.163208 449.511688
721.399170 437.500000
727.683594 424.361603
842.332031 468.875885
859.821289 459.100830
1156.747925 585.183655
1359.461670 654.927368
1378.540039 634.765564
1402.849365 616.474243
1433.426270 600.141785
1461.986938 582.204224
1500.689087 567.206177
6246.095703 2171.703125
5801.444824 1906.003662
602.471985 205.194168
600.788574 193.273346
592.112549 179.656082
579.266541 165.427368
564.160278 151.246658
557.544128 139.509659
539.894958 125.944946
535.735413 115.464607
524.462524 104.066704
522.861511 94.483398
513.146362 84.006447
505.217133 74.100456
485.146820 63.444847
488.806396 55.180672
479.342163 46.121258
470.713074 37.437664
471.928101 29.237535
463.000000 21.000000
