181 2
-2643.000000 21.000000
-2521.615967 65.014969
-2497.477783 108.213844
-2468.612305 150.374481
-491.799072 55.389942
-500.089752 64.752182
-500.244507 73.577820
-524.064392 85.347015
-510.978333 92.813316
-493.844177 99.217232
-2273.921143 421.953644
-2243.999756 457.189362
-2219.416992 492.751617
-2192.332764 527.139893
-2175.403076 563.388916
-588.248840 178.620804
-2125.349609 630.434204
-2101.001465 663.340637
-346.184570 133.482193
-326.203918 133.321014
-415.344147 172.172897
-421.044769 182.623947
-416.305542 189.198364
-378.327484 181.590500
-390.997467 195.083282
-399.681732 207.374649
-405.356110 218.705383
-402.734955 226.203705
-401.741150 234.609558
-388.331146 236.255478
-381.917206 241.500000
-659.161682 417.064270
-913.347778 591.723022
-940.988403 632.085022
-999.819336 695.386658
-1104.216919 794.181030
-1837.277588 1355.860352
-1817.694458 1390.730957
-1797.452515 1425.323853
-1773.447144 1457.109131
-1754.241821 1492.983643
-1726.775513 1522.063110
-1707.746826 1558.662109
-1686.501587 1593.688232
-1665.990967 1629.828735
-1637.659302 1658.659302
-1614.386108 1692.745728
-1597.922119 1734.561768
-1574.464355 1769.619751
-1548.955322 1802.869263
-1529.834473 1844.185791
-1503.446411 1877.601685
-1481.281494 1916.953857
-1453.383301 1949.704712
-1430.669312 1990.147339
-1405.262329 2027.922485
-1361.634766 2039.706543
-1339.267334 2083.291016
-1316.849365 2128.399414
-1289.140259 2166.489746
-1268.000000 2217.240479
-1294.441650 2356.234619
-1219.217651 2314.014893
-1146.326050 2270.791504
-1929.271362 3976.592529
-1807.960938 3898.184814
-1695.278320 3828.657471
-1419.135498 3364.273682
-1366.564819 3403.366699
-1323.811157 3469.645996
-1278.813354 3534.510742
-1234.880005 3607.352051
-1165.303101 3607.434082
-1141.126709 3753.457520
-1088.216309 3816.061279
-1039.417236 3900.158203
-988.009033 3983.687744
-797.001587 3473.193115
-869.694580 4112.591309
-821.814331 4248.868164
-759.884399 4330.518555
-698.636292 4432.016113
-578.125061 4134.573730
-566.083130 4631.376953
-495.883026 4739.011719
-423.053986 4856.529297
-346.480408 4975.900879
-265.919006 5095.036621
-181.756577 5225.827637
-93.195854 5360.186523
-0.000000 5516.000000
98.501381 5664.140625
203.289566 5842.451660
299.989716 5745.144531
396.147003 5686.166016
489.640961 5617.621582
581.909973 5557.503418
618.852539 5061.149414
686.680054 4906.982422
758.394287 4809.312988
847.229431 4825.876953
942.596436 4870.238281
933.107666 4410.926270
994.958496 4330.638672
681.735901 2755.293457
720.034607 2708.205566
740.913208 2604.871338
715.433533 2361.077637
751.220337 2333.018311
789.177185 2312.937012
820.848328 2276.262207
860.441467 2262.526611
893.811340 2233.260742
930.330811 2212.722168
976.167969 2213.509033
1011.325500 2189.794434
1088.037231 2251.806885
1189.455078 2355.437012
1254.897461 2381.118896
1291.047974 2350.112305
1333.000000 2329.823730
1368.456177 2298.493408
1411.175049 2279.352051
1448.739868 2251.863770
1487.453125 2226.239990
1509.079590 2176.188965
1547.638550 2151.141846
1589.995239 2130.995117
1627.193237 2103.712402
1666.440430 2078.882568
1711.100586 2060.210205
1747.085205 2030.791626
1812.674805 2034.179321
1850.943604 2005.893921
1891.554688 1979.762329
1935.351318 1956.351318
1977.465088 1930.615845
2018.536255 1903.315430
2056.281738 1872.484375
2159.978760 1898.640991
2193.185303 1861.300903
2238.957520 1834.072021
2284.443115 1805.802612
2331.217041 1777.697998
2382.554932 1752.027588
2431.243164 1723.374878
2472.189941 1688.513184
2511.818359 1652.193970
2565.345459 1624.005737
1094.602661 678.703613
1098.986206 655.500000
1119.513184 641.556335
2773.338379 1495.610229
2821.817627 1458.787964
2879.736084 1425.541138
2937.343506 1390.705811
2934.308105 1327.438110
2949.297607 1272.902588
3008.711670 1236.598389
3063.077393 1196.805298
3116.020752 1155.138794
652.407837 245.642029
595.361389 214.444641
590.040039 201.393341
569.066895 184.177307
570.862183 173.962051
576.355652 164.701599
567.083374 151.921509
591.779297 146.786575
602.719116 138.156723
645.049072 134.739563
666.689636 126.593262
633.771545 110.070786
704.707764 107.527237
652.406372 89.570671
606.682556 74.077850
599.536011 62.923641
647.111938 54.913700
724.558350 46.302135
717.890625 33.530827
754.000000 21.000000
