181 2
-844.000000 21.000000
-842.871582 35.712379
-848.482788 50.629673
-841.844727 65.119209
-843.939209 80.013977
-848.757874 95.256691
-841.365540 109.431084
-844.656799 124.710808
-840.737610 139.157959
-840.522766 154.125732
-838.071411 168.774597
-835.364746 183.378448
-842.185059 200.011963
-837.958252 214.457901
-835.424622 229.294754
-831.662109 243.843201
-839.181458 261.631409
-824.334717 273.024414
-828.370239 290.153809
-812.200439 300.663055
-783.703674 306.244812
-827.152283 338.514008
-829.829529 356.272888
-823.851868 370.704346
-827.672180 389.503387
-820.208557 403.469513
-813.408630 417.725891
-816.161987 436.855286
-816.726501 455.261200
-810.772461 470.418518
-819.260010 494.000000
-818.594788 512.861389
-825.150818 536.611450
-674.291138 458.889771
-621.778198 440.394684
-604.534180 444.299408
-594.627502 453.022156
-589.393005 465.139496
-604.404236 493.212341
-658.242615 554.034363
-637.348999 555.799316
-610.560059 551.751770
-594.515869 556.304504
-568.993164 551.594727
-539.504822 541.993774
-523.966125 544.966125
-509.184570 548.276062
-487.628815 543.917908
-472.406219 545.660217
-457.929199 547.787292
-442.880676 548.804626
-421.644653 541.687805
-412.493195 548.967224
-390.577942 539.314453
-387.938263 554.951233
-392.899872 582.119141
-348.377167 537.490417
-336.042297 538.459717
-331.199554 551.030090
-330.654449 571.301392
-331.000000 594.308838
-329.670532 615.741394
-331.916382 645.243958
-329.597107 667.870728
-329.216736 695.994324
-324.148193 716.138062
-322.542145 745.441528
-323.525360 783.178040
-322.910889 820.232483
-318.230743 850.019409
-319.788849 899.612610
-314.824402 935.316467
-312.416168 982.518127
-311.960602 1041.377197
-311.745850 1108.187012
-306.700562 1165.622070
-304.337738 1241.632080
-300.984497 1324.707153
-296.482086 1415.838501
-291.937775 1522.889648
-294.854614 1693.203613
-389.521820 2480.343994
-345.149292 2476.864746
-301.261017 2474.573975
-257.453613 2470.507324
-213.793030 2464.665527
-170.624329 2461.041748
-127.490387 2453.661621
-84.735977 2447.520996
-42.252277 2441.631348
-0.000000 2432.000000
42.095203 2432.632568
83.968185 2425.534424
133.927719 2576.492920
178.506821 2573.766357
223.118698 2571.258545
268.324554 2573.937744
312.351135 2564.895752
357.535706 2564.998779
401.254395 2554.420654
447.838654 2560.819092
493.622864 2560.469482
358.647675 1708.304565
372.069031 1632.608032
629.238831 2544.739258
297.383087 1130.848755
722.721130 2541.428223
769.814697 2538.950439
467.233704 1458.997437
468.492584 1381.601196
492.166992 1373.217651
519.633545 1374.691650
544.303406 1368.198120
375.492615 905.605164
1104.696777 2502.189453
1159.241943 2507.002197
1215.603149 2513.355957
1265.725464 2505.126221
1317.806641 2499.433838
1369.102417 2490.926025
434.000000 772.710022
441.387634 755.592346
458.380157 754.561584
470.568115 745.611389
477.550751 728.998108
493.275726 725.470764
515.487671 730.507935
1914.975464 2562.258301
1913.475830 2470.137451
1911.875366 2381.969482
3002.460938 3599.193604
2740.358643 3173.421875
2784.252441 3113.225586
2873.259033 3102.193115
2977.305664 3104.090332
3069.550537 3090.550537
3172.288574 3084.443359
3278.658691 3078.398682
3392.456055 3075.581299
3502.607178 3065.770020
3133.121826 2650.001221
3727.969238 3039.849854
3867.556885 3042.666504
3995.573486 3031.880615
4131.649902 3022.819336
4273.516113 3013.348389
4421.257324 3003.175781
4583.334473 2997.452393
4747.373047 2987.488037
4134.117676 2505.028564
5103.487793 2967.500000
5287.076172 2951.674072
5484.870605 2937.357422
5692.640625 2921.545410
5653.414551 2778.354492
5649.922852 2655.602295
5630.180664 2527.718018
5686.878906 2434.937012
5131.962402 2094.447510
5065.607422 1965.504517
5105.350098 1879.195435
5193.733398 1809.345825
4754.331543 1565.776001
3210.315186 1002.491821
3013.555420 885.123108
2910.334473 800.821777
2898.273438 743.620728
2890.956055 688.429749
2880.644775 633.299927
2876.167725 580.070374
2872.684326 527.531738
2884.050049 477.788635
2881.680176 425.993713
3122.550293 404.400940
3172.524902 354.445801
3170.887695 298.416718
3166.268311 242.407043
3153.672119 186.276947
3153.078125 131.107910
3143.521240 75.870369
3117.000000 21.000000
