179 2
-1016.000000 21.000000
-1031.842773 39.010883
-1032.370728 57.051182
-3426.297852 200.564667
-3213.153809 245.685608
-3594.270508 335.457916
-3758.298340 416.013062
-3525.523926 453.879913
-3307.495361 485.838165
-3353.201904 552.095032
-3251.835205 594.386292
-3146.115234 632.542847
-3144.744629 689.436096
-3171.574463 753.215698
-3186.451172 815.471497
-3146.020508 863.973633
-3093.340088 908.001038
-3100.340088 968.869080
-3017.702393 1001.510925
-2936.780762 1032.214722
-2182.906006 815.512817
-2008.131470 791.849487
-1895.163818 786.695862
-1798.666504 784.488647
-1701.935181 778.750366
-1625.916138 779.177185
-1545.026978 774.559998
-1475.506836 772.808289
-1415.364990 773.562927
-1355.660522 772.454895
-1345.803467 798.000000
-1334.609497 822.914307
-1294.969482 830.186707
-1287.359375 857.020935
-1294.956665 894.459290
-1311.462402 939.295898
-1333.260010 989.670105
-1352.089966 1039.872803
-1371.138672 1092.250977
-1391.091309 1147.483521
-1408.755737 1203.086426
-1429.419922 1263.575806
-1456.563843 1332.495972
-1480.991211 1402.046631
-1500.542847 1470.057373
-1465.832397 1486.832397
-1426.828247 1498.523926
-1391.276611 1512.961548
-1356.996826 1528.097656
-1317.366577 1536.456787
-1285.575195 1553.088867
-1253.606201 1569.074707
-1215.315796 1576.533203
-1181.964722 1589.520142
-1149.708008 1603.437256
-1116.753296 1615.889038
-1082.597412 1626.016724
-1051.153320 1639.634155
-1016.915039 1648.404297
-983.722717 1658.189575
-954.500000 1674.242554
-920.653442 1681.902832
-892.465454 1699.483398
-858.496033 1705.893311
-830.274963 1723.315918
-796.635437 1729.390137
-765.478333 1740.292603
-954.165405 2268.872803
-1328.354980 3308.793945
-2373.470947 6204.103027
-2963.604492 8163.436523
-2829.512939 8238.501953
-2686.902832 8290.436523
-2545.680420 8347.545898
-2401.352539 8395.511719
-2259.490234 8453.532227
-2114.397461 8501.384766
-1963.822754 8527.250977
-1695.519897 7997.793457
-1375.541992 7097.550293
-1122.114502 6384.827637
-942.830505 5973.797852
-749.725525 5355.574219
-607.274963 4966.857422
-483.862244 4624.642090
-377.210052 4332.530762
-283.629822 4077.095459
-200.603714 3848.747070
-126.405975 3640.793457
-59.931564 3454.477051
-0.000000 3292.000000
54.521317 3144.524170
104.349495 3009.178467
149.733170 2878.079102
191.830307 2764.301025
230.875565 2659.919678
266.861176 2560.014404
300.286072 2466.633789
331.510315 2379.818604
360.737885 2298.609375
388.971924 2226.969482
415.963623 2160.947266
438.693665 2084.891357
467.223328 2044.766602
496.907562 2013.987427
520.226257 1962.510864
538.871033 1900.266602
560.768921 1855.192505
579.097839 1803.279907
597.743103 1756.972046
614.610168 1709.627686
630.369202 1663.167969
648.444031 1625.955200
662.679993 1582.176270
678.436707 1544.793823
690.558228 1501.906982
704.462463 1465.362061
716.851013 1427.899292
729.558838 1393.100586
744.182739 1363.541260
754.500000 1327.832275
766.891724 1297.322144
751.955444 1224.380249
769.030334 1205.202881
778.955688 1175.849365
793.256226 1153.887329
801.151306 1123.690186
808.237549 1093.567505
821.908081 1072.994385
827.556335 1042.946899
840.123413 1022.220093
850.908569 999.858337
855.818054 971.482239
866.819885 950.550537
875.269531 927.368164
883.883484 904.883484
894.139343 884.460327
899.565063 859.857971
914.068115 844.030640
913.198608 814.831421
925.381714 797.487427
931.020874 774.925842
935.368774 751.790161
948.778992 735.956238
953.022034 713.411011
964.961121 696.673035
969.973938 675.255676
972.857849 652.781311
985.431885 636.766174
996.885559 619.989258
998.527283 597.500000
1008.436523 579.985474
1010.974976 558.544922
1020.202454 540.819092
1029.119141 522.934937
1029.565674 501.094360
1037.787598 483.052826
1046.614014 465.261292
1055.135254 447.302307
1062.414551 428.822723
1069.370239 410.218933
1077.891235 392.147705
1074.693848 370.189209
1062.454590 345.824951
1049.697754 321.996002
1040.302124 299.748108
1030.454102 277.921051
1025.037354 257.648499
1007.492004 235.149048
988.498596 213.144653
1010.412781 199.163025
1005.466736 180.250290
1048.693848 168.384308
3984.080322 510.183533
4000.961670 441.518005
4049.531494 375.288086
4053.102783 304.420563
4055.434570 233.536316
7924.000000 21.000000
