181 2
-2952.000000 21.000000
-3059.533936 74.404366
-3432.907471 140.879776
-2400.705322 146.815643
-2765.247559 214.364944
-1939.591064 190.692230
-1936.334106 224.516922
-1927.524658 257.670258
-1925.081177 291.552521
-1918.090698 324.795746
-1911.511841 358.051117
-1905.338379 391.360260
-1903.475220 425.596161
-1374.836182 338.405945
-1208.988525 322.434692
-1086.666504 312.171417
-966.067993 298.015533
-854.936462 282.380310
-754.187805 266.050476
-682.664429 256.060211
-633.352844 251.521576
-585.354919 245.696701
-543.329712 240.519470
-510.880188 237.855774
-475.043640 232.503052
-448.622345 230.196045
-440.409088 235.801865
-436.593201 243.455338
-433.527283 251.510544
-432.936768 260.980774
-448.601166 280.000000
-515.157532 330.537872
-417.239655 281.720276
-368.176392 260.096527
-372.237885 272.077606
-367.799255 278.535828
-362.439606 284.327789
-348.205078 283.391357
-347.512756 292.506714
-342.721375 298.530304
-345.486053 310.897217
-347.166412 322.787140
-342.589752 329.469208
-337.154053 335.401245
-338.809052 348.184082
-340.118347 361.118347
-339.687958 372.757172
-333.497192 378.631958
-334.565308 392.572418
-334.590118 405.901886
-329.107269 413.214752
-326.617279 424.338745
-325.069244 437.069672
-324.980103 452.263184
-322.694092 465.150330
-320.055664 478.086853
-315.944000 489.406219
-313.712097 504.074249
-308.942932 515.412048
-303.872467 526.728699
-304.500000 548.409485
-299.612335 561.514954
-298.583923 582.554688
-298.271759 606.391296
-291.955170 619.596863
-291.606598 646.352356
-287.969543 667.790161
-282.107880 685.604492
-277.583496 708.043213
-274.868225 737.056213
-268.827820 759.598389
-265.989197 793.488647
-262.046417 827.495911
-255.240494 855.854065
-247.797989 885.174255
-244.325180 932.833984
-236.599609 969.949219
-229.899979 1016.806213
-222.257599 1066.639771
-228.970795 1198.952637
-220.880478 1273.675415
-208.057846 1334.625488
-195.399033 1411.336426
-181.707184 1500.886353
-165.991196 1600.300781
-147.728989 1709.550049
-127.166054 1839.559204
-142.092117 2732.279297
-93.740051 2705.363770
-46.754997 2699.592041
-0.000000 2719.000000
47.296021 2730.587158
108.711929 3134.102539
166.637680 3200.636475
217.082153 3125.419434
291.623108 3354.267578
349.543182 3346.681152
406.678009 3333.126465
464.838165 3328.495361
522.021790 3316.916016
579.463989 3307.303467
636.729614 3296.689941
693.593384 3284.100342
752.011353 3278.319092
810.438354 3271.490723
867.302612 3257.817383
927.244080 3254.684326
2998.564209 9828.861328
3170.514404 9778.839844
3055.457031 8894.691406
2921.536133 8047.854492
2831.823486 7398.152344
2775.085693 6889.578125
2652.282959 6269.386719
2574.236328 5802.829102
2512.465576 5409.000000
2460.138916 5065.032227
2412.505615 4755.808594
2367.075684 4472.821777
2325.146973 4215.676270
2291.500000 3989.994385
2262.047119 3785.678711
2230.430176 3590.434326
2204.698730 3415.938477
2175.260498 3245.956055
2156.073730 3100.192627
2137.187256 2962.585693
2151.488770 2876.122070
2130.188721 2747.517090
2114.516602 2632.210449
2099.987061 2523.667236
2086.923828 2421.731201
2070.959229 2321.033203
2058.953125 2228.956787
2024.234497 2117.156250
1993.333984 2014.333984
1980.342529 1933.394531
1966.610107 1854.893555
1957.443481 1783.489990
1947.905396 1714.288330
1936.560303 1645.967041
1929.653442 1583.602539
1921.958252 1522.598389
1909.537476 1459.939697
1905.234985 1405.234253
1896.337036 1348.829468
1887.718506 1294.282227
1884.492798 1244.803955
1787.685425 1138.069824
1732.335083 1061.891968
1738.979004 1025.000000
1173.739624 671.614502
930.626770 515.822998
836.655151 447.297089
834.979675 428.246796
834.709473 410.231415
831.326355 391.130341
831.215881 373.830200
827.975159 355.523682
824.351501 337.438904
823.170715 320.609650
819.764587 303.267578
816.006470 286.136566
812.859070 269.515961
815.149902 254.740479
809.445862 237.890366
813.107849 223.730545
807.752808 207.484421
800.124756 191.071762
802.971008 177.081757
795.724670 161.307724
801.015259 147.868347
797.165771 133.034348
789.074219 117.886131
788.655884 103.891075
788.986206 90.027351
779.097534 75.479805
779.929688 61.874382
771.529724 47.942413
771.882446 34.473259
776.000000 21.000000
