181 2
-1273.000000 21.000000
-1270.806396 43.182007
-1270.225708 65.357262
-1269.258179 87.518997
-1267.903931 109.660477
-1275.129272 132.559357
-1269.009888 154.378326
-1237.705078 172.971069
-1242.786377 195.662247
-1236.585815 216.855957
-1231.994507 238.233871
-1242.739990 262.564178
-1246.160034 285.879486
-1239.398682 307.137756
-1237.127075 329.450409
-1244.112427 354.358917
-1228.492432 373.264526
-1233.633179 398.159485
-1303.898438 444.662292
-1474.063477 528.560730
-1473.437988 557.287598
-1467.588379 584.354431
-1469.586426 614.751465
-1463.602661 642.262512
-1456.191406 669.338196
-1460.968140 702.260620
-1460.540283 733.353088
-1455.013672 762.366516
-1456.863525 795.628052
-1449.244873 824.329529
-1448.860474 857.500000
-1452.041382 893.474487
-1445.921997 924.512329
-1433.287964 951.788086
-1440.038208 992.318054
-1435.154419 1025.905884
-1434.387085 1063.143311
-1427.960327 1097.045288
-1424.723389 1134.115967
-1425.285645 1175.173584
-1421.012451 1213.370972
-1417.344604 1253.078857
-1412.718262 1293.017334
-1412.244019 1337.938843
-1410.625366 1383.225098
-1405.021118 1426.021118
-1407.377808 1478.382446
-1394.004639 1515.886963
-1390.453369 1565.255005
-1390.845093 1620.984253
-1358.853027 1640.417969
-1309.615723 1638.240723
-1259.027710 1632.481934
-1213.259033 1631.049194
-1167.929321 1628.516724
-1170.095947 1692.070190
-1154.174194 1732.133545
-1143.741943 1782.208252
-1136.146851 1839.215088
-1132.568726 1905.910889
-1129.000000 1976.485352
-1127.667236 2055.365479
-1118.281250 2124.181152
-1110.914795 2201.292969
-1106.010376 2288.657471
-1061.617065 2297.645264
-1013.994446 2298.468750
-967.841003 2301.090576
-916.662354 2289.818848
-867.608826 2281.198242
-821.190369 2277.201904
-778.759033 2282.680420
-732.988281 2276.906006
-690.874329 2280.748047
-645.818298 2273.236084
-601.754272 2266.777588
-559.807251 2266.264404
-515.812744 2255.230469
-488.592468 2319.646973
-478.358154 2481.939453
-467.287231 2671.117676
-447.246124 2844.801025
-512.852905 3670.137939
-448.601044 3674.562500
-384.560211 3679.845947
-360.389008 4140.265137
-325.902252 4681.619141
-286.853363 5494.488281
-213.794312 6143.268066
-107.053062 6154.065918
-0.000000 6166.000000
107.035606 6153.065918
214.038620 6150.264160
321.238098 6150.587891
427.676941 6137.065430
534.613342 6131.658203
641.282104 6122.391602
748.034058 6113.248047
855.497070 6108.177734
963.479858 6104.172363
1066.720703 6070.673828
1172.330444 6052.117188
1281.775635 6051.279785
1388.847778 6036.760742
1497.738403 6028.101074
1609.595581 6028.092773
1719.977051 6019.272949
1829.369751 6004.598633
1942.171753 5998.390137
2058.567383 5999.514160
2098.293701 5786.014160
2157.733398 5642.087891
2140.876709 5319.855957
2111.901855 4996.328613
2001.957764 4517.470703
1981.656982 4270.677246
1962.587646 4044.900879
1949.435181 3846.981934
1939.856445 3669.339355
1924.209351 3492.365723
1912.500000 3333.547119
1909.246094 3198.519287
1896.581055 3056.164062
1885.540283 2924.477539
1879.447388 2807.395264
1873.300659 2696.350586
1868.569336 2592.864990
1860.210205 2489.582275
1855.603638 2396.064453
1843.908691 2298.037598
1841.586548 2215.717285
1837.621338 2134.941650
1862.859619 2089.915283
1924.599365 2084.880127
1986.028320 2077.592529
2054.145264 2075.145264
2122.771729 2070.936768
2190.404297 2063.585205
2266.591797 2061.848389
2338.844971 2054.126953
2425.296631 2056.065674
2497.747070 2043.635742
2585.463379 2040.985352
2670.637207 2033.469482
2675.419189 1964.805786
2668.797363 1889.712036
2668.671875 1821.041992
2659.424316 1748.050415
2656.086670 1680.707153
2644.361084 1609.892456
2630.985107 1540.000000
2629.106934 1478.337769
2627.652100 1418.147339
2615.104248 1353.462158
2753.905029 1364.169189
2853.056885 1351.402344
2857.570312 1293.272217
2856.326660 1233.438721
2853.871826 1174.039062
2858.623291 1118.322632
2849.147949 1058.005127
2847.901855 1001.611267
2838.903809 943.415710
2838.312500 888.759216
2836.683350 834.405823
2824.367188 777.786865
2833.263428 727.411926
2821.775635 672.458252
2820.977783 620.617310
2826.104736 570.339111
2814.580566 517.286499
2811.948730 466.368927
2801.468262 414.720703
2798.980225 364.671539
2793.612061 314.620453
2782.371826 264.425995
2779.213379 215.341537
2553.495605 154.823044
2519.464355 108.981628
2509.617676 64.805542
2519.000000 21.000000
