181 2
-576.000000 21.000000
-572.912720 31.000229
-572.650940 40.997410
-571.216064 50.936169
-579.584717 61.528511
-577.792908 71.550331
-578.811768 81.835564
-583.617126 92.659172
-580.297058 102.555435
-579.773071 112.827034
-588.915039 124.841614
-587.994690 135.294586
-594.713745 147.410309
-601.186340 159.794800
-608.375427 172.685028
-623.988098 188.197098
-964.145508 297.464264
-969.692993 317.464905
-972.930786 337.124390
-967.265503 354.056213
-969.762756 373.964783
-969.990051 393.344299
-957.780945 407.968597
-963.768555 430.095490
-964.703979 450.513885
-968.843018 472.778931
-965.304810 491.810608
-966.742065 513.579712
-965.944641 534.601868
-965.580139 556.229797
-972.546509 582.500000
-963.456055 599.902771
-969.318970 626.697693
-966.148499 648.424194
-969.973938 675.255676
-966.599426 697.820190
-970.820374 726.342285
-964.751709 747.992554
-966.101196 775.800964
-969.101013 805.762512
-960.619751 827.055664
-960.745300 856.163147
-961.629395 886.854980
-958.073364 914.417847
-963.915344 951.842224
-960.251038 981.251038
-957.239258 1012.250244
-958.889709 1049.283325
-957.525879 1084.440186
-957.846191 1122.875977
-956.467957 1160.874146
-953.420410 1198.376099
-955.506592 1243.992676
-955.682251 1289.233154
-955.151062 1335.652588
-959.019775 1390.622192
-955.660645 1437.825195
-956.930786 1494.544189
-955.444458 1550.030762
-952.305420 1605.902344
-952.000000 1669.912354
-948.772400 1732.630737
-948.802002 1805.437134
-949.294128 1884.094604
-945.128174 1958.799927
-944.974426 2047.504272
-943.222290 2139.511963
-947.913696 2254.144775
-888.566833 2220.280029
-846.823486 2227.050537
-768.861267 2133.428955
-725.691406 2128.560791
-715.683350 2223.646973
-673.916809 2225.282471
-632.587708 2227.095703
-592.177979 2231.038330
-551.581909 2233.274170
-568.451294 2483.233154
-467.385468 2219.875732
-466.718811 2422.060059
-453.048096 2590.363525
-484.633972 3080.858398
-579.516785 4144.476074
-506.854614 4148.999512
-434.002167 4150.254883
-360.127533 4137.276367
-287.117645 4126.973633
-215.310120 4129.361816
-143.227539 4122.500000
-74.277443 4276.351562
-0.000000 4274.000000
74.102921 4266.353516
148.427567 4271.409180
185.426300 3559.144531
239.055435 3439.652100
295.457977 3398.100098
322.888428 3093.078125
370.117188 3035.362549
337.077240 2419.429199
673.763245 4274.973633
749.639160 4272.415039
825.439697 4267.519043
902.960449 4269.095215
981.236511 4271.202148
1058.892090 4267.984375
1137.768555 4267.209961
393.058868 1391.759155
408.150909 1356.001465
431.387726 1348.674927
1453.661865 4242.740234
1533.618286 4234.581543
1669.277954 4369.617676
1677.488281 4172.929199
2717.534912 6423.111328
2708.459229 6104.299316
2708.560547 5829.526367
573.389465 1196.622559
575.659973 1150.796265
592.003662 1134.396973
614.253784 1129.143188
630.500000 1113.057983
376.492828 647.589294
337.028656 560.358582
343.122589 549.362488
352.850708 544.122681
364.221039 541.161560
447.304565 636.661926
534.411743 730.188354
815.751465 1065.114258
842.659973 1061.598389
876.119507 1065.118530
901.425110 1057.970947
947.488953 1073.293091
4585.756836 4938.622070
4743.821777 4933.371582
4911.563477 4932.563477
2715.507812 2643.335449
1497.081055 1417.050659
1533.850952 1402.085571
2741.105225 2403.806396
2744.737305 2324.107910
2812.491211 2298.510498
2942.432129 2319.879883
372.962769 302.047607
374.574860 293.144562
374.352478 283.124420
373.066895 272.636810
374.047058 263.908997
370.597015 252.574722
374.582123 246.071640
372.390930 236.000000
368.214905 225.104843
364.657349 214.891754
368.876709 208.952072
364.011597 198.540314
367.054657 192.160400
363.591095 182.881180
363.599426 175.338791
368.091980 169.718811
357.561310 158.254929
363.661041 153.361801
357.406036 144.064758
359.499359 137.808426
357.657990 130.347015
359.511871 124.088371
358.358490 117.021866
359.009430 110.511101
361.491302 104.456841
362.892761 98.135239
352.404144 89.500427
356.500397 83.860641
348.653992 76.221367
355.506226 70.963142
356.324066 64.751091
346.093628 57.375904
346.675751 51.330200
348.149841 45.345009
339.534027 38.794224
350.786194 33.249722
345.947296 27.038532
346.000000 21.000000
