181 2
-1785.000000 21.000000
-1451.778809 46.340893
-1216.258667 63.472687
-1132.445923 80.348976
-1119.266846 99.266762
-1046.004395 112.513527
-926.894409 118.420525
-837.708923 123.857727
-759.535583 127.745766
-693.357239 130.817001
-639.140259 133.697662
-596.829346 137.011871
-563.413025 140.757141
-529.082947 143.148422
-496.791412 144.864014
-471.371796 147.303696
-450.831726 150.273926
-431.293457 152.859634
-409.905365 154.186325
-394.281250 156.761917
-373.057983 156.781998
-353.826996 156.821457
-340.276489 158.480621
-325.858704 159.318817
-314.259644 160.917404
-306.332031 163.844971
-303.792389 169.169449
-306.506256 177.172729
-306.382812 183.906631
-304.367645 189.713745
-307.439026 198.500000
-300.008545 201.263321
-1828.391724 1163.505981
-1824.947144 1206.134521
-1829.685913 1255.138794
-1832.443115 1304.090454
-1834.041504 1353.509155
-1840.854858 1408.183594
-1838.429077 1457.338257
-1843.390259 1513.747925
-1846.167114 1570.118164
-1854.321411 1632.937012
-1858.605225 1694.495605
-1853.981689 1749.865845
-1863.090088 1820.165161
-1867.468994 1888.468994
-1872.798950 1960.340088
-1876.859497 2033.685425
-1878.918701 2107.750732
-1884.857544 2189.280518
-1894.295044 2278.532959
-1900.547607 2367.980713
-1906.703613 2461.469238
-1916.179077 2563.855469
-1922.057739 2666.485596
-1928.364014 2774.989258
-1937.044189 2892.786133
-1941.093506 3010.021973
-1951.692627 3144.361084
-1963.840210 3289.378906
-1980.500000 3451.326660
-1994.021973 3618.310791
-2008.868774 3799.132812
-2022.073730 3989.542969
-2360.190186 4860.106934
-2381.031250 5127.138184
-2353.378174 5306.773926
-2249.048340 5319.425781
-2146.870361 5334.690430
-2164.184082 5658.892090
-2179.352295 6008.721191
-2205.724365 6426.888184
-2584.000000 7973.734375
-2444.812256 8017.620605
-2360.007080 8251.322266
-2320.571533 8681.491211
-2161.088379 8688.651367
-2004.988770 8705.560547
-1846.879517 8709.884766
-1806.770386 9316.027344
-1919.854248 10909.034180
-1997.511719 12632.791992
-1777.101318 12665.733398
-1554.199707 12678.941406
-1333.051514 12704.137695
-1110.451294 12713.516602
-888.488220 12726.973633
-665.346985 12716.577148
-443.677307 12726.255859
-222.221497 12752.060547
-0.000000 12771.000000
222.727615 12781.056641
387.628723 11121.234375
501.116791 9582.877930
620.135071 8889.344727
776.644836 8898.090820
934.379944 8911.031250
424.227173 3476.053223
456.348602 3268.089111
468.364777 2978.138916
449.227844 2568.697754
496.675812 2576.175537
485.265900 2303.996582
589.596741 2574.823975
632.141907 2556.382812
754.716309 2837.639648
781.983154 2748.099365
785.018005 2588.678223
733.606323 2278.808105
735.458435 2156.926514
817.770142 2267.805176
825.679749 2171.969238
830.877441 2077.493896
859.608459 2046.110718
899.701477 2041.762573
943.283936 2043.879028
991.595520 2054.072021
1036.914307 2056.058838
1050.207886 1996.153809
1063.672363 1939.915649
1099.000000 1924.523804
1142.869507 1923.054199
1148.335083 1858.720215
1154.090088 1798.142944
1163.121216 1745.398193
884.454895 1284.132446
711.807922 1000.719604
690.281860 937.034912
669.839661 878.355713
651.346619 825.346069
636.359741 779.383972
621.287903 735.709961
608.908875 697.261780
595.384583 659.471802
583.513062 625.245422
574.877808 595.877808
574.752502 576.032043
555.828796 539.318726
552.899780 518.833191
541.881470 492.050385
529.336731 465.166229
529.236389 449.567200
515.359009 423.642609
507.133545 403.152527
507.253662 389.541351
498.863586 370.308044
496.593506 355.956543
497.331635 343.970947
487.627655 325.703583
486.013855 313.026581
478.046021 297.000000
474.918488 284.251617
489.152954 281.087250
496.290619 273.872711
521.300537 275.255280
536.534180 271.190002
517.066711 251.212936
521.926270 242.544556
525.713257 233.401932
512.535645 217.744003
538.443848 216.977539
546.509766 209.178391
550.661743 199.920837
564.219788 193.499313
636.355225 203.471924
690.636963 206.055618
775.266296 214.295593
864.266235 220.531586
983.038330 229.951248
1119.054932 238.522247
1199.495850 232.503479
1206.955200 212.162918
1203.175659 190.095322
1209.913818 169.558731
1217.294800 148.942841
1213.365112 127.155693
1215.032959 105.963387
1214.333496 84.640526
1215.259277 63.437786
1212.815308 42.169769
1211.000000 21.000000
