180 2
-386.000000 21.000000
-384.941376 27.719177
-385.764862 34.471207
-388.466888 41.358688
-389.049988 48.205025
-392.500702 55.339363
-390.847107 62.079685
-386.100464 68.407173
-385.214264 75.138336
-380.260010 81.227272
-386.044647 89.070084
-385.779480 95.987938
-377.564972 101.253914
-380.978699 108.955864
-381.326233 116.075302
-382.506622 123.492340
-381.620880 130.428024
-373.915161 135.317337
-369.009918 140.898590
-373.479828 149.599426
-371.178589 156.097961
-367.830688 162.196976
-364.383240 168.220398
-359.917389 173.775864
-358.109833 180.440765
-355.272644 186.666351
-357.720032 195.471710
-356.402618 202.596207
-354.944946 209.727570
-477.542358 285.706055
-495.366516 307.000000
-498.014191 320.237122
-500.348389 333.652374
-495.654297 342.881683
-487.474091 349.805420
-489.033783 363.425140
-491.073303 377.785645
-484.771759 386.301727
-485.414612 400.247467
-480.276215 409.920013
-481.075897 424.670624
-473.957611 433.005066
-473.383240 447.236206
-471.723145 460.888947
-471.886902 476.695892
-469.518890 490.518890
-468.199738 505.835022
-465.804871 520.514587
-465.045776 537.485657
-459.241333 549.296692
-456.379211 564.891541
-456.886597 585.207947
-452.511169 600.187927
-451.963074 620.775269
-447.304565 636.661926
-447.389618 659.938599
-442.321594 676.768738
-439.523712 697.807129
-436.123566 718.943604
-433.662048 742.734863
-429.500000 764.915833
-424.693237 787.166870
-423.463348 817.418701
-419.487213 844.290039
-411.630493 864.967590
-409.517090 899.212219
-404.702972 929.977722
-399.717957 962.676453
-396.333771 1001.960510
-393.129639 1045.137695
-384.430634 1077.214478
-381.240295 1128.202271
-372.365479 1167.023071
-365.756989 1217.337280
-359.155487 1273.524048
-348.629242 1322.102051
-340.384094 1386.206055
-330.453094 1452.349609
-320.183990 1527.347290
-307.584106 1603.383057
-295.201904 1695.173218
-270.788055 1730.688477
-253.155869 1822.297607
-246.419815 2027.928345
-211.565613 2033.912354
-175.444504 2026.339966
-408.424164 5861.737305
-188.671127 3621.059570
-200.323105 5757.503418
-99.792862 5738.128906
-0.000000 5723.000000
103.963982 5977.092773
217.388962 6246.205566
284.602936 5451.547363
384.846466 5524.561035
468.897888 5380.527344
540.725769 5165.661621
790.688293 6460.639648
905.460205 6463.684082
1017.762634 6446.900391
844.277466 4809.135254
926.759277 4788.763184
1009.411255 4769.906738
1093.712036 4758.387207
1180.578857 4756.042969
1264.589844 4740.513672
1355.308838 4747.523926
1551.616577 5096.109375
1523.453735 4709.708496
1760.021484 5132.473633
1750.117065 4829.407227
1301.234009 3410.830566
1296.513428 3229.983398
1348.022339 3196.741699
1405.681885 3178.213135
1469.866333 3173.138428
1536.929199 3172.171875
1551.285522 3065.569336
1507.003662 2855.261719
1571.752808 2856.517090
1637.500000 2857.233154
1697.050415 2845.366211
1757.212280 2833.127441
1820.728271 2824.675781
2047.764404 3056.935547
2147.470215 3087.905273
2215.950439 3070.994141
2283.887939 3051.821777
2343.823242 3020.957031
2417.848877 3006.794678
2495.301514 2994.784424
2571.095215 2978.706787
2701.949463 3021.818848
2783.917236 3006.385742
2871.022949 2994.031494
603.162109 624.162109
598.490723 598.955750
588.008362 569.326660
583.368713 546.267517
572.069885 518.292725
638.881042 557.084839
659.796936 555.293030
654.836914 532.614685
674.048401 528.931885
697.372620 527.670898
639.757751 468.963196
722.920776 508.616211
732.159424 496.469879
4786.383301 3011.864258
4775.278809 2890.277100
2543.516602 1489.500000
672.582581 393.818604
2772.455322 1495.140747
610.339478 331.983490
2843.784424 1408.006348
2767.864014 1311.676147
2767.129150 1253.005249
2802.016846 1210.385498
2853.871826 1174.039062
2274.056152 848.688721
1336.963257 481.353363
1347.647095 458.877075
1346.477051 432.659363
1355.379028 409.648682
2536.521240 700.658813
2581.957031 664.754150
2661.979004 635.566284
2683.058838 591.301758
2613.091553 528.933533
3705.831543 674.438110
2442.553223 407.862427
2605.395264 387.164429
3571.181152 459.485901
3143.683594 351.414459
3512.582520 328.311157
3225.124512 246.522675
3504.190918 204.646866
3744.717529 151.768417
5364.183105 114.632164
5373.000000 21.000000
