181 2
-1030.000000 21.000000
-1020.844482 38.818909
-1012.382935 56.353191
-1008.615845 73.859314
-1022.503174 92.500389
-1006.156616 109.027298
-1073.089111 133.786209
-1055.076538 150.547119
-1042.752319 167.549271
-1417.332764 245.483459
-2160.668213 401.984100
-2145.836914 438.108459
-2130.405518 473.831665
-2112.434326 508.693878
-2095.838867 543.551270
-2076.740479 577.460938
-2067.673828 613.895935
-2049.361084 647.552551
-2028.603516 680.133240
-2008.281494 712.506775
-1995.907104 747.450806
-1975.456177 779.306580
-1999.008423 828.651794
-1947.788330 847.787048
-1926.667358 878.807556
-1911.403076 912.301941
-1900.050659 947.716614
-1882.696777 980.281921
-1862.136475 1011.115540
-1853.319214 1048.311646
-1837.705933 1082.000000
-1816.337524 1112.365723
-1801.254150 1146.548462
-1789.723022 1183.259644
-1769.166138 1214.317627
-1756.261963 1250.747925
-1734.532471 1281.211548
-1719.462280 1316.707764
-1704.467285 1352.675781
-1688.738159 1388.513184
-1664.614624 1417.777466
-1647.531006 1453.176880
-1608.165405 1468.998657
-1594.351074 1507.756470
-1583.266846 1549.943115
-1563.413086 1584.413086
-1542.141602 1617.934326
-1586.328125 1722.128662
-1602.567749 1800.831909
-1511.560059 1759.850830
-1428.274048 1723.150757
-1399.608521 1749.372559
-2698.444336 3474.851074
-2543.872070 3396.832275
-2402.866211 3328.261475
-2274.804199 3269.757080
-2069.013672 3088.438965
-1790.228516 2777.710205
-1759.331909 2836.519775
-1726.922607 2895.082031
-1694.000000 2955.093994
-1664.836182 3024.444092
-1629.066284 3084.828125
-1596.230591 3153.779053
-1564.108276 3227.897217
-1531.145996 3304.553223
-1492.316772 3372.798340
-1455.864136 3450.801025
-1144.423096 2853.546631
-1374.699463 3602.214600
-1337.298706 3695.198242
-1293.482300 3777.545410
-1251.518799 3872.778809
-1203.694336 3958.106689
-960.044922 3369.074463
-884.902344 3323.500488
-1056.956787 4260.222168
-1004.631409 4372.536621
-949.324768 4487.222168
-890.505554 4602.253906
-829.343689 4724.441895
-765.903137 4856.722168
-698.788147 4993.135742
-628.236450 5137.575195
-553.164612 5284.009766
-471.425415 5409.416992
-371.313721 5331.033203
-275.653473 5280.781738
-181.826370 5227.826172
-89.932251 5173.215332
-0.000000 5181.000000
81.171143 4671.291504
161.130981 4635.187500
234.255737 4490.865723
290.744995 4178.847168
398.563202 4576.598145
422.085938 4036.879395
489.792877 4010.042969
340.834930 2446.166504
320.377777 2043.785767
357.367950 2047.734375
382.572021 1989.162476
414.991730 1973.382568
449.677155 1968.765747
481.182648 1950.918213
514.273438 1940.294678
545.486328 1923.336914
576.264648 1905.876709
610.617554 1900.287720
642.997131 1888.399170
674.121704 1873.134155
707.059937 1862.954224
739.098816 1850.333740
769.740295 1834.394531
929.393250 2108.451416
965.682739 2091.913330
1001.678101 2074.744385
1033.282349 2048.930908
1074.620361 2042.067017
1108.274780 2020.380615
1144.000000 2002.466064
1183.557495 1990.770508
1216.164673 1967.270386
1246.134155 1939.878296
1279.433350 1917.838013
1316.931519 1901.773071
1356.608398 1888.211182
1394.405396 1871.438477
1429.565918 1850.760986
1466.945801 1832.527222
1502.837402 1812.011963
1552.235718 1806.642822
1593.869141 1791.171021
1630.658081 1769.666748
1663.706787 1743.818848
1716.148193 1737.148193
1752.311768 1713.187744
1794.010620 1693.942017
1901.707642 1733.305176
1938.848877 1706.415649
1980.990967 1683.248779
2022.910889 1659.120972
2071.680176 1639.573975
2121.176025 1619.420654
2189.199951 1611.546875
2214.987061 1571.950684
2254.982178 1542.004639
2303.828125 1517.123413
2353.333496 1491.526001
2412.926025 1470.832153
2486.358887 1456.500000
2522.403320 1419.190918
2575.558105 1390.448608
2632.033203 1362.087891
1723.886963 861.795837
1714.734375 820.593750
1714.724854 784.444702
1724.105591 752.839417
1757.013428 730.879517
993.329590 402.303497
1001.712341 385.593475
1004.140747 366.753387
3828.953613 1265.102417
1737.605713 552.239380
1712.968384 512.185791
1717.416138 481.180267
1777.581787 464.200928
4329.125977 1020.457520
4444.702637 965.750732
4569.474609 909.215881
4687.685059 847.565308
1385.726685 240.477554
1289.328979 202.203384
1382.616821 190.763992
1367.467651 164.726639
1370.763916 140.926300
1638.000122 135.540131
1633.757935 106.621628
4406.313965 174.871887
4558.305664 100.565521
4713.000000 21.000000
