178 2
-522.000000 21.000000
-518.920959 30.057798
-522.681396 39.252438
-523.281860 48.424042
-522.723572 57.552391
-518.021240 66.320984
-514.167847 75.041214
-522.079285 85.103271
-519.890747 94.065880
-518.536377 103.128098
-516.039246 111.991646
-514.372620 120.983917
-520.374512 131.609024
-518.364868 140.673965
-524.929993 151.879745
-523.531799 161.279922
-521.003845 170.395447
-517.360901 179.173096
-523.081055 190.959351
-518.144165 199.411346
-516.830933 209.111084
-522.805054 221.686050
-530.349182 235.274979
-530.210815 246.061127
-520.720886 252.839890
-487.593597 248.368622
-457.486176 244.130920
-436.593201 243.455338
-422.931885 245.876877
-415.444366 251.284576
-422.620392 265.000000
-414.868988 270.278442
-411.303314 278.010834
-407.593903 285.694580
-407.886475 296.122894
-412.852631 310.082520
-406.935547 316.655975
-405.706848 326.722046
-408.977570 340.528320
-408.778778 352.022522
-401.407288 357.820709
-407.543182 375.271881
-403.527649 384.337921
-402.244537 396.099091
-404.268982 411.398010
-403.050873 424.050873
-400.123230 435.339722
-396.923035 446.647858
-397.463593 462.428040
-394.947540 475.335175
-390.814880 486.755035
-391.437286 504.384796
-394.639008 526.114868
-394.790649 544.904907
-397.342834 567.895508
-888.469910 1289.866577
-886.879944 1335.853638
-883.949158 1382.162354
-883.905334 1435.544189
-880.200073 1485.898926
-879.000000 1543.472656
-860.052246 1572.575317
-867.583435 1652.687134
-868.937805 1726.386475
-863.591187 1791.624268
-860.873413 1867.148926
-854.146973 1939.445435
-453.248108 1088.785645
-851.855408 2129.416016
-847.540222 2228.917725
-840.343506 2329.824707
-834.756775 2445.309570
-829.710632 2574.586670
-825.657715 2721.604736
-426.410980 1508.071899
-510.908783 1927.737549
-541.905029 2194.462402
-501.640839 2193.845215
-461.563965 2192.487793
-421.687866 2190.395996
-380.810455 2180.683350
-341.496429 2177.123535
-302.562317 2173.842773
-264.822083 2177.802734
-226.304123 2174.139893
-187.820633 2167.799561
-149.836899 2163.767578
-113.778366 2192.020508
-97.893089 2824.291260
-56.092033 3234.510498
-0.000000 3072.000000
53.072769 3061.536865
106.129372 3060.147461
158.787292 3050.842041
212.059677 3053.594727
265.389252 3054.412842
317.975586 3046.335693
370.970276 3042.310547
424.617126 3042.307861
479.628082 3049.252441
533.620850 3047.314209
570.518921 2956.065186
623.319275 2953.486572
692.849243 3022.059814
747.296753 3018.243408
889.561035 3340.886963
919.526245 3227.769043
881.638550 2581.464355
891.646484 2470.778564
1050.396851 2620.823486
1582.461060 3749.044678
1666.400024 3763.795654
1638.068359 3533.848877
1646.083618 3395.971680
1661.605225 3282.083984
1673.196655 3167.825195
1724.952637 3132.896973
1622.000000 2830.386475
1596.103027 2677.361572
1579.689331 2549.031494
1479.784302 2299.667969
1453.901489 2176.497803
1445.986206 2086.082275
1440.073853 2003.091675
1435.328857 1925.745728
1431.412964 1853.125000
1436.738403 1795.224243
1480.339844 1785.200317
1531.897827 1783.246826
1581.824707 1777.794312
1635.432007 1774.786133
1687.325195 1768.276367
1743.018188 1764.018188
1880.354248 1836.837036
1973.192261 1861.031616
2068.172119 1883.190430
2169.790039 1907.169678
2283.578369 1937.149902
2405.266846 1968.746582
2531.878662 1999.120361
2667.442627 2031.062134
2808.097900 2061.202637
2987.447510 2112.833252
3194.281738 2175.570312
3184.432129 2088.994385
3181.028320 2008.727173
3177.519287 1930.246094
3169.653076 1851.000000
3172.245605 1779.404541
3164.484131 1703.586060
3161.291260 1631.758301
3156.564697 1560.559448
3159.388916 1494.247314
3149.904785 1423.427979
1109.208374 491.831024
1114.474976 471.277130
1078.285400 434.914978
1070.309937 410.560944
1068.436035 388.892029
1066.134399 367.408051
1063.410889 346.117340
1059.310425 324.752380
1064.450317 306.218597
1061.503540 285.662567
1055.242798 264.621979
1049.552368 244.089249
1043.469727 223.829956
1046.850586 205.588013
1043.986572 186.351227
1045.723022 167.966797
1043.166016 149.084686
1049.220581 131.277527
1100.795166 117.307098
1185.106079 103.870689
1292.226562 88.722725
1437.124023 71.185478
1642.749756 49.674305
3538.000000 21.000000
