181 2
-896.000000 21.000000
-914.860657 36.968952
-914.442627 52.933041
-916.741943 69.044411
-914.766235 84.966690
-915.502930 101.096130
-912.971130 116.957130
-918.105164 133.729141
-915.997986 149.735123
-912.624023 165.545441
-910.947144 181.624557
-909.968384 197.879944
-915.546143 215.605347
-910.061646 231.104279
-908.196777 247.438889
-913.765808 265.842804
-909.353577 281.752930
-914.227356 300.507355
-909.210022 316.420258
-912.425415 335.173279
-906.803406 351.049438
-914.908813 372.200592
-908.640198 388.114471
-909.458801 407.042358
-911.718384 426.923157
-906.307800 443.618256
-905.085632 462.439758
-904.371643 481.800354
-904.138306 501.738892
-906.106018 523.262756
-906.728577 544.500000
-906.882996 565.910278
-895.538818 580.594727
-887.313477 597.228088
-882.924988 616.540466
-888.779968 643.330444
-898.817871 674.029419
-890.478577 692.023743
-885.724060 713.003479
-879.729248 733.390686
-883.249268 762.134094
-893.576172 797.773865
-887.314941 819.941956
-887.863403 848.945984
-886.945984 877.513794
-884.590576 905.590576
-887.773376 940.316284
-883.869873 968.834412
-879.906738 998.235474
-879.119080 1032.310791
-879.976257 1069.714844
-878.531250 1105.895752
-876.701965 1143.127319
-873.835388 1180.618774
-869.922180 1218.345093
-868.394714 1261.196167
-866.189819 1305.179199
-867.609985 1357.002197
-864.828247 1405.014526
-864.748901 1460.183838
-858.500000 1507.965576
-861.021912 1574.324585
-855.377197 1629.730469
-852.140198 1693.419189
-850.001648 1763.761597
-844.391296 1831.802979
-790.696045 1796.932373
-753.329590 1795.733398
-682.533203 1710.328979
-640.045166 1688.374634
-646.760071 1797.958740
-612.393677 1799.520386
-578.788818 1802.328857
-544.688477 1802.595703
-508.550934 1794.527832
-474.932953 1793.473877
-441.507446 1791.789673
-604.443481 2639.132324
-375.280609 1786.556396
-366.544067 1906.705811
-362.577393 2077.278564
-347.128082 2212.680420
-365.886078 2624.414795
-349.277527 2865.637207
-388.845886 3720.621338
-322.650574 3708.912842
-257.540894 3704.006592
-192.805664 3699.951172
-127.906654 3683.767334
-63.963070 3685.441895
-0.000000 3677.000000
66.511124 3831.419678
132.932190 3827.679688
199.347656 3824.779785
266.190704 3827.704346
332.237701 3818.494141
324.874451 3111.974121
465.784637 3814.511475
532.615479 3810.755859
408.450378 2599.854248
459.994019 2629.755859
509.650818 2642.926270
511.462769 2427.243164
459.575012 2011.638062
943.011536 3803.212646
1011.205994 3794.872314
1081.876587 3793.952148
1152.821655 3791.709717
1225.252441 3791.939209
1297.063477 3787.946045
1369.448608 3783.529297
1442.072632 3777.727539
1516.032837 3773.312988
1582.070312 3748.124268
1659.078735 3747.351807
1820.216797 3924.467529
1821.870483 3756.387939
1862.723022 3676.799805
469.941040 904.830566
486.264038 898.243591
499.500000 886.159363
2656.051270 4441.411621
2759.289551 4436.786621
2865.345947 4433.246094
2968.196045 4421.531250
3074.369629 4411.654785
3192.261719 4414.771484
3312.389893 4416.689941
892.093506 1162.827637
883.565857 1112.112915
862.620972 1049.031616
884.367554 1038.348511
835.744141 949.187866
788.390076 866.444885
660.620117 705.092163
675.994080 696.994080
671.863403 669.810913
686.741150 661.396484
700.785583 651.990173
710.936401 639.007629
729.274292 632.933777
747.614441 626.406189
765.158447 618.807312
785.058716 612.584167
806.589966 607.021912
829.801025 602.032959
861.370056 602.001404
888.990784 598.317383
915.043884 592.782898
945.455505 589.086975
1098.120239 655.000000
1590.933228 902.868713
3144.176270 1692.788208
3139.015869 1620.408569
3136.791260 1550.915283
3132.199707 1481.568726
3127.979736 1413.666260
3099.339844 1336.591675
485.844330 217.293854
489.196136 208.784805
488.640167 198.850479
491.669647 190.295441
497.402557 182.615891
506.841522 175.957001
1672.595337 500.609009
551.543640 168.785675
391.029175 118.494522
386.824921 110.305565
397.127930 105.412148
393.632507 97.514404
394.907898 90.632919
400.013763 84.355957
525.832336 94.900917
1598.991821 217.331512
3174.513916 354.654846
3157.937256 297.283691
1485.372925 124.867386
1495.947021 99.399261
3151.079346 131.038116
3152.519775 76.027435
3171.000000 21.000000
