180 2
-2969.000000 21.000000
-2990.544434 73.200150
-2990.177246 125.419296
-5019.111816 284.040527
-3446.583740 262.008606
-5176.227539 473.861237
-5230.190430 570.715210
-5135.433594 651.552002
-5023.629883 727.025146
-4948.318359 804.736694
-4859.041504 877.780090
-4780.524414 950.239807
-4699.999023 1020.015686
-4611.693359 1085.693359
-4538.073242 1152.468750
-4462.577148 1216.744019
-4387.198242 1279.008911
-4312.934570 1339.596436
-4238.858887 1398.288696
-4171.627930 1457.406738
-4103.637695 1514.601929
-2646.700439 1036.973145
-2761.153564 1136.578491
-3910.304688 1680.825806
-3362.760742 1518.197632
-3311.648682 1565.247070
-3259.027100 1610.533813
-3208.514404 1655.819824
-3157.420654 1699.830322
-3101.401367 1740.134888
-3056.203613 1785.500000
-3009.514404 1829.298706
-2962.231934 1872.007935
-2256.862549 1486.623657
-2149.694336 1470.987183
-2093.752686 1487.061401
-2047.622070 1508.684448
-2206.629883 1683.814941
-2682.388672 2116.711670
-2632.193359 2152.508057
-2589.230225 2193.622070
-2544.125977 2232.574951
-2842.529053 2580.424561
-2780.606689 2613.957764
-3624.753174 3521.383545
-4194.557617 4215.557617
-4139.469238 4307.545898
-5837.905762 6281.387695
-5909.092285 6583.711914
-5583.062500 6443.578613
-5676.457520 6785.938477
-5333.490234 6607.312012
-5452.297852 6999.623047
-4058.069336 5606.453125
-2032.181274 2923.255615
-1694.913696 2533.812988
-1784.782104 2769.323486
-1591.877441 2568.536377
-1439.016357 2415.925537
-1248.500000 2183.465332
-1098.578613 2002.888306
-969.458801 1844.286743
-865.305908 1719.258423
-775.916931 1611.865479
-694.784424 1510.969971
-598.716309 1365.738892
-474.347595 1138.492920
-455.896210 1149.382690
-439.359100 1165.569580
-422.736908 1182.460083
-405.983490 1200.061646
-388.125336 1215.526978
-370.434937 1232.638184
-354.469635 1257.182495
-335.429474 1272.839844
-315.224243 1285.295288
-295.360748 1300.347900
-275.067169 1315.089233
-255.684052 1336.380371
-234.251389 1349.505615
-214.002350 1372.157593
-193.033096 1394.501831
-171.104553 1414.534790
-147.698715 1426.259399
-124.719872 1446.554565
-101.007378 1465.472778
-76.776848 1485.989502
-52.104950 1513.090454
-26.370586 1531.769897
-0.000000 1558.000000
27.173397 1577.762817
55.350601 1606.033813
84.993591 1642.774414
115.237694 1668.975830
161.412430 1865.952637
196.408981 1889.706665
233.623535 1923.710938
271.944244 1955.983765
311.617462 1988.475220
352.332153 2019.174927
396.310272 2059.839600
439.733215 2089.782227
486.119232 2126.613770
531.986267 2154.680420
584.413391 2202.060547
638.376099 2247.281982
696.721802 2299.874268
759.254761 2357.745850
818.152771 2397.088135
886.858215 2457.623047
957.200806 2514.593262
1032.790405 2577.245850
1113.192993 2643.518311
1205.160645 2727.835205
1296.170166 2800.645996
1397.088867 2885.456543
1502.708496 2970.231689
1673.196655 3167.825195
2133.647217 3870.201416
2185.500000 3806.396973
622.166016 1056.458130
639.082642 1043.745972
656.290039 1031.598022
669.353882 1013.357971
680.835205 993.333496
697.701111 981.303162
714.354431 968.980347
724.633545 948.488647
740.080750 934.923645
751.418701 916.505981
766.932983 903.255493
768.831055 874.873413
406.471008 456.886810
409.848450 445.410492
436.992004 457.992004
761.780823 756.643188
793.518738 760.968201
853.873413 789.831055
866.406616 774.155762
877.886902 757.634583
892.163574 743.459839
903.060303 726.548035
915.236267 710.679993
934.414612 699.891968
946.120605 683.480774
955.051270 665.190247
968.664490 650.058105
987.127991 637.826050
998.599915 621.019348
1008.919617 603.500000
1025.928955 589.681702
1044.526978 576.384888
1053.169678 557.616760
1063.273315 539.593079
1081.225220 525.183594
1088.032593 505.423340
1090.798218 484.016388
1111.693481 470.153320
1124.964355 452.833374
1135.148682 434.160339
1079.782227 392.798828
1172.652710 402.017944
1180.080078 381.786682
1184.274414 360.585236
1120.473999 321.230103
1245.859741 331.627716
1260.834839 312.086670
1270.613770 291.077301
1290.839722 271.913818
1308.809448 251.778427
1301.773193 227.180618
1316.066284 205.961044
871.455505 128.001282
700.143433 94.588036
714.271606 83.490669
1396.589722 118.659065
1426.042969 95.735748
1446.118530 71.499573
1462.777222 46.532871
758.000000 21.000000
