23 4
-485.0000000000 21.0000000000 -1034.2330322266 147.9878540039
-4874.0996093750 706.0100097656 -4580.4204101562 1248.3199462891
-4580.4204101562 1248.3199462891 -4305.4912109375 1255.5797119141
-3957.9406738281 1383.8282470703 -3649.3659667969 1421.8603515625
-3649.3659667969 1421.8603515625 -3849.6674804688 1576.3665771484
-3849.6674804688 1576.3665771484 -3682.5300292969 1897.3427734375
-2983.4799804688 1607.3443603516 -2859.5100097656 1739.1669921875
-8106.5898437500 5285.4809570312 -7857.1728515625 5729.5703125000
-3379.8227539062 3064.2060546875 -2835.6374511719 2759.3432617188
-2702.9157714844 2819.9511718750 -1208.0093994141 1881.1712646484
-1208.0093994141 1881.1712646484 -377.1387023926 3609.2351074219
-150.6042327881 2174.7407226562 101.3747482300 1955.3454589844
141.0475921631 2038.0744628906 366.1624755859 1904.7425537109
366.1624755859 1904.7425537109 275.0671691895 1315.0892333984
275.0671691895 1315.0892333984 485.0268859863 1831.1450195312
485.0268859863 1831.1450195312 354.1940002441 1256.2213134766
354.1940002441 1256.2213134766 573.5355224609 1786.1608886719
632.3952636719 1758.4916992188 1003.1851806641 1453.6968994141
1075.0592041016 1500.6921386719 761.8978271484 1032.0725097656
761.8978271484 1032.0725097656 1130.9700927734 1468.5758056641
1130.9700927734 1468.5758056641 2385.9804687500 750.4674072266
2385.9804687500 750.4674072266 2160.7648925781 324.6757202148
2160.7648925781 324.6757202148 2361.2341308594 186.1135711670
