33 4
-1347.0000000000 21.0000000000 -1105.7761230469 117.7428741455
-1842.8491210938 214.6912384033 -973.2066040039 263.6476745605
-1783.5084228516 566.2732543945 -1789.4719238281 1012.9204711914
-668.5905151367 422.7297058105 -1217.5705566406 905.6168212891
-1217.5705566406 905.6168212891 -951.6887817383 848.2904052734
-951.6887817383 848.2904052734 -1071.8579101562 1130.9412841797
-1071.8579101562 1130.9412841797 -888.3995361328 1158.0994873047
-1354.0838623047 1817.9299316406 -1163.8936767578 1813.2390136719
-1163.8936767578 1813.2390136719 -963.9231567383 1563.5994873047
-963.9231567383 1563.5994873047 -1071.2791748047 1803.9079589844
-1071.2791748047 1803.9079589844 -863.5911865234 1791.6242675781
-863.5911865234 1791.6242675781 -939.9030151367 2036.6285400391
-812.5217285156 2032.0617675781 -978.5196533203 2709.4606933594
-978.5196533203 2709.4606933594 -800.2465209961 2345.0847167969
-800.2465209961 2345.0847167969 -835.7324829102 2935.5454101562
-463.5153198242 2947.5205078125 -254.6690826416 2931.8808593750
-254.6690826416 2931.8808593750 -159.9386749268 3072.8117675781
-159.9386749268 3072.8117675781 -66.5809326172 3835.4189453125
355.2070922852 10192.7998046875 711.3765258789 10194.1582031250
743.6999511719 8521.5292968750 1191.7392578125 8500.6650390625
623.1113281250 2952.5083007812 948.6821899414 2940.7434082031
707.4595947266 2075.6118164062 614.9522094727 1710.5673828125
692.6724853516 1576.7679443359 845.5000000000 1485.4489746094
845.5000000000 1485.4489746094 1049.6051025391 1577.1035156250
1049.6051025391 1577.1035156250 556.6540527344 684.3944702148
556.6540527344 684.3944702148 833.7367553711 946.9584350586
952.4728393555 973.4728393555 712.6759033203 662.6962280273
712.6759033203 662.6962280273 1228.7352294922 1052.0313720703
1354.4858398438 1041.6782226562 962.7302246094 720.4644775391
1062.6131591797 634.5000000000 920.8087158203 450.3801574707
920.8087158203 450.3801574707 1227.8139648438 419.9409484863
1227.8139648438 419.9409484863 871.5548706055 174.6786346436
871.5548706055 174.6786346436 1984.0000000000 21.0000000000
