31 4
-658.6741333008 173.0669097900 -882.9691162109 241.1489257812
-882.9691162109 241.1489257812 -617.5567016602 295.9539794922
-617.5567016602 295.9539794922 -756.4645385742 406.4379272461
-2023.7159423828 1097.0288085938 -1534.3294677734 942.9181518555
-1534.3294677734 942.9181518555 -1588.4863281250 1307.3309326172
-1493.7866210938 1274.4357910156 -1719.9326171875 2144.9399414062
-1753.6889648438 2348.2238769531 -1842.5139160156 2858.2224121094
-1123.4288330078 1818.8619384766 -1209.3094482422 2033.6287841797
-1934.0000000000 3370.7863769531 -1999.0098876953 3780.5908203125
-1867.8994140625 3850.7614746094 -1562.8587646484 3889.2109375000
-1562.8587646484 3889.2109375000 -1530.1702880859 4464.9375000000
-1164.3759765625 3604.5810546875 -914.4647827148 3688.7177734375
-942.0239868164 4867.2934570312 -771.6912231445 4893.2666015625
-456.0702514648 3266.1083984375 -0.0000000000 3340.0000000000
84.3125762939 4851.2641601562 181.5471801758 5219.8310546875
270.0970764160 3883.5681152344 411.7965087891 3374.8134765625
411.7965087891 3374.8134765625 503.8066406250 3605.7705078125
389.9911193848 2483.3071289062 382.1904296875 1987.1992187500
382.1904296875 1987.1992187500 571.8790283203 1891.5321044922
571.8790283203 1891.5321044922 647.8322143555 1547.1970214844
647.8322143555 1547.1970214844 1099.9324951172 1651.7169189453
1099.9324951172 1651.7169189453 1412.1451416016 2037.7523193359
1412.1451416016 2037.7523193359 3044.0854492188 2399.3002929688
3044.0854492188 2399.3002929688 3337.2253417969 2357.7504882812
3869.6259765625 2533.9645996094 4217.3432617188 2656.2885742188
4917.2924804688 2860.0000000000 4985.6103515625 2452.6447753906
4985.6103515625 2452.6447753906 5262.9291992188 2475.1442871094
2483.2084960938 827.8433837891 2188.7878417969 607.4839477539
2188.7878417969 607.4839477539 3281.6853027344 718.5437011719
3281.6853027344 718.5437011719 3333.4252929688 195.6974182129
2551.4448242188 110.0984115601 2100.0000000000 21.0000000000
