17 4
-3426.2978515625 200.5646667480 -3213.1538085938 245.6856079102
-3213.1538085938 245.6856079102 -3758.2983398438 416.0130615234
-3758.2983398438 416.0130615234 -3307.4953613281 485.8381652832
-3353.2019042969 552.0950317383 -3146.1152343750 632.5428466797
-3146.1152343750 632.5428466797 -3100.3400878906 968.8690795898
-3100.3400878906 968.8690795898 -2936.7807617188 1032.2147216797
-2182.9060058594 815.5128173828 -1294.9694824219 830.1867065430
-1294.9694824219 830.1867065430 -1500.5428466797 1470.0573730469
-1500.5428466797 1470.0573730469 -765.4783325195 1740.2926025391
-765.4783325195 1740.2926025391 -954.1654052734 2268.8728027344
-2963.6044921875 8163.4365234375 -1963.8227539062 8527.2509765625
-1963.8227539062 8527.2509765625 -1695.5198974609 7997.7934570312
-1122.1145019531 6384.8276367188 -942.8305053711 5973.7978515625
-749.7255249023 5355.5742187500 744.1827392578 1363.5412597656
744.1827392578 1363.5412597656 1077.8912353516 392.1477050781
1077.8912353516 392.1477050781 1048.6938476562 168.3843078613
3984.0803222656 510.1835327148 4055.4345703125 233.5363159180
