25 4
-5230.1904296875 570.7152099609 -4103.6376953125 1514.6019287109
-3910.3046875000 1680.8258056641 -3362.7607421875 1518.1976318359
-3362.7607421875 1518.1976318359 -2962.2319335938 1872.0079345703
-2256.8625488281 1486.6236572266 -2047.6220703125 1508.6844482422
-2047.6220703125 1508.6844482422 -2206.6298828125 1683.8149414062
-2682.3886718750 2116.7116699219 -2544.1259765625 2232.5749511719
-2544.1259765625 2232.5749511719 -2780.6066894531 2613.9577636719
-5837.9057617188 6281.3876953125 -5909.0922851562 6583.7119140625
-5909.0922851562 6583.7119140625 -5583.0625000000 6443.5786132812
-5583.0625000000 6443.5786132812 -5676.4575195312 6785.9384765625
-5676.4575195312 6785.9384765625 -5333.4902343750 6607.3120117188
-5333.4902343750 6607.3120117188 -5452.2978515625 6999.6230468750
-2032.1812744141 2923.2556152344 -1694.9136962891 2533.8129882812
-1694.9136962891 2533.8129882812 -1784.7821044922 2769.3234863281
-1784.7821044922 2769.3234863281 -1439.0163574219 2415.9255371094
-1439.0163574219 2415.9255371094 -474.3475952148 1138.4929199219
-474.3475952148 1138.4929199219 115.2376937866 1668.9758300781
115.2376937866 1668.9758300781 161.4124298096 1865.9526367188
161.4124298096 1865.9526367188 1673.1966552734 3167.8251953125
622.1660156250 1056.4581298828 768.8310546875 874.8734130859
768.8310546875 874.8734130859 409.8484497070 445.4104919434
409.8484497070 445.4104919434 853.8734130859 789.8310546875
853.8734130859 789.8310546875 1079.7822265625 392.7988281250
1120.4739990234 321.2301025391 1316.0662841797 205.9610443115
1316.0662841797 205.9610443115 714.2716064453 83.4906692505
