15 4
-1404.0000000000 21.0000000000 -1710.1929931641 261.3519592285
-1710.1929931641 261.3519592285 -1586.0501708984 445.9808654785
-1586.0501708984 445.9808654785 -271.9104309082 283.5808715820
-271.9104309082 283.5808715820 -211.7104644775 602.6697387695
-690.8556518555 2027.3903808594 106.0326461792 2044.2233886719
106.0326461792 2044.2233886719 162.6023406982 2346.3217773438
162.6023406982 2346.3217773438 1050.1939697266 2379.7744140625
1050.1939697266 2379.7744140625 1056.0361328125 2186.1948242188
1056.0361328125 2186.1948242188 1235.0000000000 2160.0827636719
1235.0000000000 2160.0827636719 1582.3388671875 2553.2717285156
1582.3388671875 2553.2717285156 2136.6259765625 2567.3317871094
1137.9863281250 1082.1894531250 1116.2705078125 745.9145507812
1003.2409057617 647.8944702148 1225.4259033203 728.5000000000
1225.4259033203 728.5000000000 1101.4884033203 78.7265625000
1101.4884033203 78.7265625000 1378.0000000000 21.0000000000
