16 4
-9593.5390625000 188.4558410645 -9500.7998046875 685.3606567383
-13319.9697265625 1656.4865722656 -12902.0546875000 3720.6044921875
-9022.1386718750 3127.5712890625 -8995.6777343750 3295.1589355469
-3855.6872558594 1501.0596923828 -2980.5947265625 1286.1873779297
-2980.5947265625 1286.1873779297 -2916.5866699219 1443.5144042969
-2916.5866699219 1443.5144042969 -3077.0722656250 1657.1083984375
-3077.0722656250 1657.1083984375 -2660.5932617188 1495.7908935547
-2689.0087890625 1573.5000000000 -2391.4956054688 1515.3723144531
-2391.4956054688 1515.3723144531 -2239.3740234375 1708.4893798828
-1605.1778564453 1275.1024169922 -774.3569335938 718.2340698242
-859.6110839844 851.1167602539 -666.4541015625 761.1722412109
-666.4541015625 761.1722412109 -527.1592407227 1394.2967529297
-527.1592407227 1394.2967529297 236.9847717285 1240.1809082031
1669.9466552734 7877.4814453125 2645.2412109375 7703.3383789062
2645.2412109375 7703.3383789062 2709.8256835938 7466.1845703125
2437.5651855469 6054.1855468750 1266.0000000000 21.0000000000
