17 4
-522.0000000000 21.0000000000 -397.3428344727 567.8955078125
-888.4699096680 1289.8665771484 -854.1469726562 1939.4454345703
-851.8554077148 2129.4160156250 -825.6577148438 2721.6047363281
-426.4109802246 1508.0718994141 -541.9050292969 2194.4624023438
-541.9050292969 2194.4624023438 -113.7783660889 2192.0205078125
-97.8930892944 2824.2912597656 -56.0920333862 3234.5104980469
-56.0920333862 3234.5104980469 -0.0000000000 3072.0000000000
-0.0000000000 3072.0000000000 533.6208496094 3047.3142089844
623.3192749023 2953.4865722656 889.5610351562 3340.8869628906
881.6385498047 2581.4643554688 1050.3968505859 2620.8234863281
1666.4000244141 3763.7956542969 1724.9526367188 3132.8969726562
1724.9526367188 3132.8969726562 1436.7384033203 1795.2242431641
1436.7384033203 1795.2242431641 1743.0181884766 1764.0181884766
1743.0181884766 1764.0181884766 3194.2817382812 2175.5703125000
3194.2817382812 2175.5703125000 3149.9047851562 1423.4279785156
1109.2083740234 491.8310241699 1049.2205810547 131.2775268555
1049.2205810547 131.2775268555 1642.7497558594 49.6743049622
