19 4
-816.0000000000 21.0000000000 -615.4995727539 519.4217529297
-615.4995727539 519.4217529297 -418.3343200684 411.1030578613
-418.3343200684 411.1030578613 -295.7338562012 554.5180053711
-295.7338562012 554.5180053711 -448.6305236816 1028.6406250000
-448.6305236816 1028.6406250000 482.9375610352 2505.4982910156
482.9375610352 2505.4982910156 582.5479125977 2357.4721679688
688.2664794922 2421.2705078125 838.6333618164 2325.1262207031
923.7798461914 2307.4353027344 1144.5568847656 2591.7167968750
1840.5025634766 3967.9704589844 2155.0000000000 3753.5695800781
2155.0000000000 3753.5695800781 2298.0998535156 3845.6804199219
2298.0998535156 3845.6804199219 2688.3076171875 3588.5048828125
2960.1384277344 3426.2495117188 3372.2719726562 3165.6943359375
3566.7028808594 3013.8190917969 3891.9851074219 3061.7519531250
3891.9851074219 3061.7519531250 3785.5322265625 2873.6032714844
5894.4980468750 4303.6035156250 5729.1494140625 4032.5935058594
713.1632080078 449.5116882324 1359.4616699219 654.9273681641
1359.4616699219 654.9273681641 1500.6890869141 567.2061767578
6246.0957031250 2171.7031250000 5801.4448242188 1906.0036621094
602.4719848633 205.1941680908 463.0000000000 21.0000000000
