21 4
-885.0000000000 21.0000000000 -410.4367370605 42.5100784302
-410.4367370605 42.5100784302 -888.6056518555 98.7429199219
-888.6056518555 98.7429199219 -817.6776123047 929.1229858398
-804.7700805664 980.0876464844 -760.2902832031 1651.4477539062
-760.2902832031 1651.4477539062 -515.3353271484 1178.4620361328
-515.3353271484 1178.4620361328 -77.3599319458 1127.2985839844
-77.3599319458 1127.2985839844 -46.9049224854 1364.1812744141
37.8717231750 2190.6694335938 70.0781860352 2027.7767333984
70.0781860352 2027.7767333984 636.5750122070 1980.1763916016
681.3041381836 1892.8676757812 969.7946777344 2305.6931152344
969.7946777344 2305.6931152344 907.3613891602 1966.8427734375
960.0309448242 1618.7598876953 1005.4794921875 1456.9735107422
1723.3863525391 2393.0378417969 1754.9578857422 2039.8481445312
1754.9578857422 2039.8481445312 1943.6541748047 2033.7127685547
1943.6541748047 2033.7127685547 1652.5085449219 1673.5085449219
1652.5085449219 1673.5085449219 1490.8763427734 716.2070312500
1490.8763427734 716.2070312500 1785.4160156250 670.8382568359
1785.4160156250 670.8382568359 3245.6982421875 1013.3095703125
3245.6982421875 1013.3095703125 3169.6501464844 187.1143188477
3169.6501464844 187.1143188477 3588.8125000000 146.3240966797
3588.8125000000 146.3240966797 3395.0000000000 21.0000000000
