23 4
-5304.0478515625 391.8951721191 -4153.2636718750 1370.4771728516
-2641.7788085938 930.6374511719 -2783.3696289062 1034.0637207031
-3947.1779785156 1536.1796875000 -3336.8300781250 1437.4003906250
-3336.8300781250 1437.4003906250 -2987.7875976562 1746.0000000000
-2244.0639648438 1369.3696289062 -2147.8166503906 1524.9173583984
-2703.7348632812 1985.3782958984 -2561.4731445312 2095.2399902344
-2561.4731445312 2095.2399902344 -2794.2246093750 2536.9311523438
-5767.0537109375 5992.9589843750 -5869.6137695312 6539.8662109375
-5869.6137695312 6539.8662109375 -5567.3168945312 6425.4653320312
-5567.3168945312 6425.4653320312 -5639.8183593750 6742.2739257812
-5639.8183593750 6742.2739257812 -5403.6606445312 6937.3706054688
-1720.4473876953 2388.9926757812 -1877.8892822266 2702.9038085938
-1877.8892822266 2702.9038085938 -1403.2261962891 2266.6313476562
-1403.2261962891 2266.6313476562 -473.3324584961 1036.0646972656
-473.3324584961 1036.0646972656 106.9366760254 1550.2657470703
106.9366760254 1550.2657470703 184.7017974854 1778.3201904297
184.7017974854 1778.3201904297 1517.3320312500 2874.6865234375
1912.5739746094 3471.3747558594 2150.5000000000 3745.7751464844
629.0581054688 989.6644897461 797.7280273438 714.4544067383
797.7280273438 714.4544067383 409.7655944824 341.1439819336
409.7655944824 341.1439819336 884.6842041016 640.4625244141
884.6842041016 640.4625244141 1141.7243652344 326.9241027832
1246.4626464844 218.4202880859 1390.0000000000 21.0000000000
