21 4
-2014.0000000000 21.0000000000 -2185.6677246094 97.3252029419
-424.9622802734 50.7162590027 -593.8209838867 169.0561981201
-593.8209838867 169.0561981201 -518.3187255859 576.8287963867
-1788.5860595703 2007.4261474609 -1608.0007324219 1870.7932128906
-1608.0007324219 1870.7932128906 -1754.6352539062 2266.8305664062
-1754.6352539062 2266.8305664062 -1530.3018798828 2206.4975585938
-1531.8857421875 2902.0581054688 -1719.2619628906 3395.2416992188
-1719.2619628906 3395.2416992188 -1506.2432861328 3109.2563476562
-1506.2432861328 3109.2563476562 -1359.2896728516 3562.0705566406
-698.0693969727 2169.4367675781 -400.6988830566 2082.4169921875
-515.7755126953 3690.9333496094 -424.2271728516 3476.0532226562
-268.3531494141 3858.6289062500 -139.5281829834 4016.5644531250
45.9696388245 2654.5988769531 219.1095428467 2525.4333496094
219.1095428467 2525.4333496094 491.5239868164 2549.6716308594
879.4664306641 4158.5644531250 1034.9997558594 4504.0766601562
907.2070922852 3659.6088867188 1147.5589599609 3774.4960937500
1544.4669189453 4774.3803710938 1572.8197021484 4588.8002929688
1572.8197021484 4588.8002929688 1739.1596679688 4551.6660156250
630.0883178711 1580.5231933594 802.2191772461 1665.7930908203
802.2191772461 1665.7930908203 936.2344970703 1462.6746826172
936.2344970703 1462.6746826172 555.0000000000 21.0000000000
