16 4
-684.0000000000 21.0000000000 -553.9764404297 1062.8781738281
-553.9764404297 1062.8781738281 -642.3619995117 1534.3099365234
-2025.1232910156 5033.3559570312 -1966.2738037109 5423.2929687500
-1066.5612792969 3118.5187988281 -1194.6596679688 3697.7844238281
-1194.6596679688 3697.7844238281 -768.6495361328 3637.2116699219
-588.8365478516 3050.3015136719 -566.1363525391 3595.4440917969
-566.1363525391 3595.4440917969 -122.5670318604 3530.8605957031
-122.5670318604 3530.8605957031 -51.7987442017 2988.5478515625
-51.7987442017 2988.5478515625 -0.0000000000 3504.0000000000
-0.0000000000 3504.0000000000 900.9490966797 3383.3876953125
546.8645019531 1928.1431884766 410.3312988281 1089.9495849609
410.3312988281 1089.9495849609 680.0636596680 1548.4479980469
801.8574218750 1529.0744628906 600.1943359375 1103.7791748047
600.1943359375 1103.7791748047 590.4595947266 632.4388427734
590.4595947266 632.4388427734 1339.3345947266 589.5137939453
2224.5212402344 743.7907714844 2144.0576171875 133.3652954102
