17 4
-1273.0000000000 21.0000000000 -1233.6331787109 398.1594848633
-1233.6331787109 398.1594848633 -1474.0634765625 528.5607299805
-1474.0634765625 528.5607299805 -1390.8450927734 1620.9842529297
-1390.8450927734 1620.9842529297 -1167.9293212891 1628.5167236328
-1167.9293212891 1628.5167236328 -1106.0103759766 2288.6574707031
-1106.0103759766 2288.6574707031 -515.8127441406 2255.2304687500
-515.8127441406 2255.2304687500 -447.2461242676 2844.8010253906
-384.5602111816 3679.8459472656 -325.9022521973 4681.6191406250
-213.7943115234 6143.2680664062 2058.5673828125 5999.5141601562
2058.5673828125 5999.5141601562 2140.8767089844 5319.8559570312
2140.8767089844 5319.8559570312 1837.6213378906 2134.9416503906
1837.6213378906 2134.9416503906 2670.6372070312 2033.4694824219
2670.6372070312 2033.4694824219 2615.1042480469 1353.4621582031
2615.1042480469 1353.4621582031 2853.0568847656 1351.4023437500
2853.0568847656 1351.4023437500 2826.1047363281 570.3391113281
2826.1047363281 570.3391113281 2779.2133789062 215.3415374756
2779.2133789062 215.3415374756 2553.4956054688 154.8230438232
