179 2
-618.000000 21.000000
-610.906921 31.663420
-617.623535 42.567890
-607.166748 52.820263
-617.492126 64.179260
-620.629272 75.298027
-624.559753 86.643875
-622.326416 97.412079
-616.937012 107.704842
-620.268250 119.240845
-620.428894 130.398346
-616.461853 140.828049
-614.276672 151.568542
-621.648071 164.518768
-619.048645 175.346176
-616.260681 186.126556
-612.323730 196.580994
-617.772888 209.872116
-614.382507 220.624985
-610.804993 231.317032
-616.438354 245.365219
-611.495178 255.731003
-615.650085 269.738770
-619.499756 283.962036
-615.729614 295.140503
-619.008240 309.648285
-613.876343 320.407501
-613.903503 333.799469
-609.233826 344.935364
-611.359192 359.881927
-613.145996 375.000000
-612.874634 389.252228
-614.834900 405.191467
-604.681458 413.684753
-612.658752 434.243561
-613.544861 450.608765
-605.953735 461.251160
-605.365723 477.175781
-602.040222 491.365356
-601.510986 508.093994
-580.661682 508.233002
-571.315125 517.636658
-575.937256 539.576233
-574.112671 556.368713
-576.191162 577.421326
-573.463623 594.463623
-575.871765 617.332703
-572.196594 634.605774
-571.437561 655.645691
-572.739502 679.861450
-572.723755 703.545593
-572.052246 727.425659
-572.565186 753.849976
-571.122437 778.905090
-573.678406 810.600586
-571.282104 836.875427
-567.580811 862.473145
-568.603149 896.572083
-567.013611 928.411438
-564.481750 960.455383
-567.000000 1003.072815
-563.348755 1037.308105
-562.426941 1078.771240
-559.770264 1119.611084
-561.115051 1171.456421
-558.278748 1218.232544
-558.449402 1275.297974
-587.268860 1404.518799
-1250.062256 3115.012451
-1179.030518 3092.479492
-1111.223389 3074.061279
-1046.701660 3060.842285
-981.747009 3042.506592
-918.924255 3026.665771
-856.405273 3007.640137
-794.574463 2986.392334
-736.410278 2974.580078
-678.002502 2957.751465
-619.784729 2936.857910
-574.525879 2976.679443
-523.028320 2987.240967
-513.105042 3260.617676
-504.920013 3613.692627
-444.579376 3641.808350
-379.856445 3635.092529
-316.462494 3638.182861
-252.588196 3633.179443
-189.037476 3628.049805
-126.022079 3629.800293
-63.003189 3630.450195
-0.000000 3623.000000
63.020641 3631.449951
125.952286 3627.801514
188.828125 3624.055420
251.820877 3622.206299
1224.276733 14014.546875
1460.621704 10413.863281
1641.310425 10383.826172
1621.353027 9216.150391
1605.848511 8282.374023
1624.414062 7663.267090
1586.129883 6891.283203
1572.250366 6326.952148
1565.855225 5864.851074
1557.075439 5451.167480
1554.540405 5105.672363
1544.466919 4774.380371
1539.286255 4491.411621
1538.064575 4246.797852
1535.606689 4021.392090
1534.014038 3817.817871
1532.056763 3630.299561
1539.498169 3478.769531
1554.812622 3355.306396
1549.641968 3198.237061
1553.101440 3069.133301
1546.908813 2930.312256
1546.542725 2811.036865
1547.000000 2700.482666
1517.302124 2546.214844
1511.329712 2439.633057
1512.462646 2349.988281
1511.498413 2261.888672
1511.373901 2179.465576
580.731812 820.308777
583.158752 794.877808
579.337463 762.518127
580.233398 737.528564
578.508850 710.440002
577.987976 685.899170
584.151001 669.765442
582.426575 645.576050
580.039734 621.648743
576.999146 597.999146
581.945923 582.978638
577.769409 559.778687
572.964661 536.899719
576.598145 522.229126
579.129578 506.947418
580.528015 491.102325
580.763916 474.742493
574.218933 453.704987
576.020081 439.503113
575.863892 424.224243
582.813416 414.112610
577.005371 395.711670
574.976624 380.285248
582.016602 370.710846
580.237000 356.000000
587.744446 346.792053
573.915955 326.156525
579.154236 316.093811
578.823364 303.311005
581.849609 292.320923
577.360718 278.057556
579.918030 267.160614
573.926819 252.881485
579.753418 243.546494
583.549133 233.394516
579.602905 220.573273
582.997620 210.427414
579.520691 198.177246
582.524597 188.036240
585.351074 177.844345
586.058594 167.120819
580.724548 155.070831
582.975952 144.915375
583.086548 134.340546
578.082153 122.931480
580.760742 112.983467
573.365234 101.581223
573.691650 91.440483
574.833679 81.417450
575.800537 71.376022
568.611511 60.761189
568.220215 50.779160
568.653381 40.857815
569.913208 30.947872
569.000000 21.000000
