175 2
-1462.000000 21.000000
-1461.777344 46.515419
-1463.108154 72.092865
-1454.004639 97.201149
-1452.453247 122.565422
-1451.455688 147.985916
-1439.073242 172.252686
-1436.214233 197.344940
-1432.917847 222.383484
-1430.172729 247.517105
-1373.806763 263.239197
-1101.385742 235.087692
-937.065430 220.179398
-932.472168 236.278152
-935.365051 254.212708
-926.322876 269.207458
-929.540039 287.541321
-921.877808 302.846313
-919.671631 319.819427
-923.771667 339.080078
-923.717834 357.205811
-920.510315 374.350800
-1145.072021 483.639130
-1587.870850 695.011169
-1575.865967 722.620728
-1313.239990 633.373840
-1231.347900 621.568481
-1162.763550 613.457581
-1099.269775 605.492065
-1041.672119 598.408264
-991.599060 593.500000
-947.169861 590.117065
-889.602478 576.885315
-850.411926 573.263977
-818.260071 572.923401
-774.098694 563.029724
-735.396423 555.296814
-702.799255 550.597229
-673.749207 547.390564
-647.362610 545.223877
-615.899719 537.801208
-582.635803 527.477600
-566.276367 530.877502
-540.470398 524.996765
-522.960022 526.016663
-523.966125 544.966125
-520.993774 560.504822
-518.318726 576.828796
-514.561462 592.478394
-509.757874 607.409363
-511.658936 630.771362
-504.714966 644.271057
-503.611084 665.592773
-504.922791 691.055176
-502.556396 712.709534
-496.717194 730.385681
-494.326538 753.869202
-490.719757 776.642212
-486.465881 799.508179
-483.620758 825.880066
-482.000000 855.848511
-476.083038 879.876526
-471.349457 907.479370
-465.340271 934.281677
-464.673401 973.721680
-458.963440 1005.250244
-453.104614 1038.689697
-447.387146 1074.978027
-442.035767 1115.076904
-435.417053 1155.300171
-429.919312 1202.193604
-423.889740 1252.065186
-412.846710 1291.611450
-404.057709 1342.613159
-845.379761 2969.189697
-823.044556 3092.644043
-963.333008 3884.717529
-888.331726 3868.787354
-816.469238 3862.185547
-745.872375 3858.180664
-696.502869 3971.063965
-856.165833 5426.618164
-758.075867 5414.990234
-675.034302 5518.712891
-615.881714 5880.723145
-552.567383 6336.874512
-481.040649 6900.201660
-391.629974 7493.744629
-260.280457 7474.457031
-129.880814 7461.866699
-0.000000 7441.000000
129.200165 7422.872559
258.291168 7417.491699
386.448700 7394.880371
541.728760 7768.082520
679.814819 7791.318848
814.381287 7769.320312
948.752869 7747.971680
1083.880127 7733.207520
906.694153 5745.641602
990.141907 5636.374023
1069.484375 5523.020508
985.917236 4659.375977
912.176514 3972.070557
1086.229370 4377.627930
1089.628174 4087.547607
813.681458 2858.644531
923.017456 3040.054199
901.711609 2796.182861
932.752747 2729.910645
922.770325 2556.290771
1025.290649 2691.973633
1123.819824 2802.551514
1421.089111 3368.876221
1291.795532 2922.420410
1291.521362 2790.676514
1319.058838 2725.471191
1589.874756 3141.304932
1520.148926 2879.984375
902.230713 1648.667236
770.500000 1355.545166
786.978149 1330.751587
809.186707 1315.969482
845.279785 1322.616699
890.794312 1341.656860
924.031616 1340.653931
957.502197 1338.888672
992.392944 1337.949951
1025.076416 1333.037964
2982.349365 3703.894775
812.483521 989.280151
824.010132 968.915222
843.104553 957.362488
1114.385376 1216.031982
1131.598511 1192.804565
1141.270386 1162.270386
1154.540405 1135.926636
1189.181152 1129.929321
1335.431274 1223.427734
2662.615479 2335.576172
2713.329346 2297.753662
2674.936279 2187.120850
2865.207031 2259.545166
1995.790161 1524.935791
2101.017090 1547.478271
2137.167725 1517.460938
3733.820801 2264.505859
3270.437988 1759.922729
4030.022461 2074.398926
3337.222412 1648.672119
4023.100342 1897.002441
1910.968018 832.157837
2024.969482 839.140808
2122.028320 835.570374
3851.800049 1422.940552
5729.842773 1993.942993
3867.946777 1277.772095
3971.533691 1235.219727
2079.208984 617.203613
5838.055664 1585.302368
2851.699219 732.008423
2538.234131 606.997498
2834.671631 623.528076
5492.204102 1088.576294
3583.715332 652.905701
3231.716309 532.853577
5818.814941 838.781128
3925.520020 502.993256
5695.626953 619.634521
6107.669922 555.351868
5685.117676 418.542145
5665.225586 317.901886
5650.555664 218.321747
5637.141113 119.396667
5624.000000 21.000000
