169 2
-3112.000000 21.000000
-3110.526123 75.294434
-3106.106689 129.467636
-3105.737793 183.764832
-3110.404785 238.500687
-3104.142578 292.577301
-3095.946777 346.397095
-10403.869141 1298.434448
-10393.853516 1481.760864
-10367.764648 1663.092529
-8492.982422 1518.541870
-7958.051758 1567.888550
-10319.457031 2214.468262
-6690.999023 1565.738892
-6760.050293 1706.469849
-6741.196289 1827.298096
-5498.416992 1597.645630
-5285.496582 1636.938354
-5499.008789 1807.736206
-6473.965820 2250.165039
-4002.652588 1638.176636
-3969.217041 1705.832642
-3671.539307 1655.674561
-3977.784912 1875.871582
-4100.298340 2020.849121
-3936.466797 2026.729980
-5189.965820 2780.553955
-5174.250000 2889.133789
-6669.261719 3871.500000
-3564.101562 2162.528320
-3545.689209 2236.592529
-3547.576416 2324.822998
-3536.674316 2406.516846
-3532.183594 2494.261475
-3621.013428 2749.629395
-3744.627197 2946.623291
-3623.054443 2954.891602
-3498.524902 2956.611084
-3393.174316 2970.641357
-3388.740479 3072.235596
-3403.720215 3195.020264
-3423.338135 3326.879150
-3486.743652 3507.743652
-3410.077881 3552.239014
-3370.435791 3635.350098
-3660.809326 4232.279297
-3415.773438 4091.760254
-3439.865234 4268.879883
-3386.138184 4355.059082
-3373.774902 4498.150879
-4684.060547 6468.056641
-4629.335449 6632.375977
-4500.896973 6951.773438
-4324.670898 6941.920410
-3869.996094 6461.754883
-3703.500000 6435.650391
-3682.613770 6664.611328
-3475.967529 6558.343750
-3328.204346 6552.968750
-3178.629150 6538.155762
-3038.625244 6537.353027
-2897.998535 6530.011230
-1248.385986 2962.012939
-1140.677124 2844.274902
-1042.850708 2737.718994
-958.340454 2654.018799
-892.382324 2612.666504
-804.062195 2495.649170
-761.043518 2510.261230
-943.231018 3310.437500
-881.278870 3309.977539
-821.808655 3317.094482
-703.197021 3066.880859
-597.538208 2832.196289
-546.476990 2832.380371
-495.244598 2829.671631
-465.236084 2958.385010
-404.297852 2897.728760
-437.754669 3586.225830
-338.567688 3242.256348
-250.311295 2882.071289
-190.644440 2747.342529
-138.742615 2668.366943
-111.817986 3223.048096
-55.777889 3216.513184
-0.000000 3221.000000
55.044891 3174.519531
102.848816 2966.204834
167.056366 3208.625488
188.342484 2714.422852
234.884720 2705.744629
281.495148 2699.247559
327.219177 2685.986328
395.947479 2838.312744
500.746735 3182.590332
553.590393 3160.567139
604.101257 3128.831543
623.111328 2952.508301
678.452393 2959.700195
626.093872 2532.125244
660.506226 2486.042725
706.734192 2485.675049
846.416077 2789.502197
1012.957703 3138.563232
1017.400513 2975.745605
1008.275391 2791.213867
1013.106201 2660.231934
1062.384277 2650.493408
1113.974487 2645.359375
1255.596069 2841.114746
1438.592529 3106.071777
1351.936646 2792.880859
1390.118896 2749.261963
1369.448608 2596.558105
1406.432739 2558.271729
1461.500000 2552.392334
1563.140503 2622.502686
1530.936768 2471.010986
1628.470703 2528.625000
1713.367065 2561.171143
1806.192139 2600.509766
1880.325073 2609.045410
1945.667969 2602.988525
2068.622559 2668.716064
2093.119629 2605.787354
2137.911621 2568.863770
2193.205322 2543.994141
2265.676270 2537.288330
2365.170410 2557.334717
2342.387939 2446.613770
2665.154053 2594.709229
2744.770508 2580.539795
3180.659912 2884.878906
3372.797119 2952.927734
3126.038574 2463.329102
3170.583008 2410.205566
3512.751709 2573.163574
3714.035400 2621.595459
3784.556641 2573.715576
3669.183838 2403.795898
3677.984619 2319.259766
3689.248047 2237.723877
3688.402100 2150.500000
3669.029785 2054.776367
3668.647217 1971.654297
3660.254883 1885.992920
3667.978516 1809.992676
3650.607666 1723.306396
3647.787109 1645.099365
3647.960693 1569.467407
3679.065430 1507.438965
3627.893555 1413.617798
3635.670654 1344.275879
3627.009277 1269.879395
3622.574219 1198.045776
3723.850830 1159.495361
3791.216064 1108.113770
2374.245605 657.177185
2779.877686 662.785339
3765.067871 617.328186
3523.373779 516.177917
2429.752930 319.336151
2807.535400 316.083862
3585.304688 334.673523
2305.370605 182.207214
3566.105957 207.891693
2526.459961 109.225929
2259.655762 60.442440
2272.000000 21.000000
