181 2
-703.000000 21.000000
-709.891846 33.391209
-708.568115 45.743744
-709.026978 58.158527
-708.270447 70.527100
-705.305847 82.706268
-706.110535 95.215210
-711.655579 108.380318
-709.031921 120.647942
-706.197144 132.850647
-705.122375 145.332092
-701.863464 157.428436
-699.375549 169.656860
-705.443909 183.864563
-705.404968 196.877213
-702.228088 209.161453
-697.875977 221.112717
-702.883972 235.893204
-700.928650 248.745529
-694.956177 260.292603
-699.131287 275.462982
-691.783081 286.550659
-696.315063 302.329559
-691.299133 314.439087
-695.208069 330.526581
-696.044373 345.570831
-689.375061 357.230682
-694.094055 374.658600
-696.645630 391.413055
-689.200317 403.029968
-689.356201 419.000000
-688.305359 434.575562
-689.463074 451.824371
-687.709839 467.604004
-687.272156 484.570923
-683.991943 499.936310
-683.619385 517.678528
-682.034729 534.950012
-681.629272 553.547180
-679.225586 571.026001
-684.077698 595.009338
-681.502747 613.421326
-677.004944 630.578003
-680.890320 655.940491
-682.653442 680.230774
-677.408325 698.408325
-671.734619 716.601562
-678.588379 748.696960
-672.476257 767.860535
-671.148376 793.067871
-669.784668 819.218323
-667.079590 844.774719
-670.455322 879.143738
-665.607422 904.290894
-667.136292 939.234314
-668.216553 975.312134
-660.406799 1000.093384
-659.557861 1036.630005
-656.569946 1071.731567
-653.583313 1108.745361
-654.000000 1153.761230
-651.584106 1196.488892
-648.340210 1240.350586
-643.304565 1283.556274
-645.282349 1344.024780
-642.379761 1398.587891
-639.390015 1457.093506
-639.236145 1526.945923
-635.707397 1594.431030
-631.085938 1665.035156
-624.528809 1736.878784
-624.765259 1835.450195
-616.179871 1917.406738
-611.349243 2020.633301
-606.677795 2136.737061
-599.424927 2258.084229
-591.740967 2394.343262
-585.772522 2558.259766
-576.123291 2731.447021
-567.847595 2942.322510
-556.889709 3179.278564
-543.453308 3452.229248
-531.919617 3805.804443
-428.492615 3510.792236
-380.065491 3637.081543
-334.242279 3841.406738
-283.978607 4082.083252
-418.949341 8015.029297
-275.740936 7917.187012
-135.203796 7766.820312
-0.000000 7778.000000
134.086838 7702.830078
271.727478 7802.256836
413.506378 7911.171875
539.636108 7738.155273
668.484558 7661.813477
804.242004 7672.851562
526.597412 4309.791992
595.382507 4257.366699
670.791016 4256.207520
733.663574 4181.812988
713.434814 3691.303955
694.632935 3288.991211
678.902283 2961.648926
667.704407 2699.016113
658.694458 2479.281250
650.779785 2290.538818
640.294006 2115.307373
635.338928 1976.372192
628.020996 1844.905273
654.284546 1818.631958
656.171692 1730.385742
652.564697 1636.154297
648.222961 1548.117554
645.491028 1470.796631
640.266663 1394.056274
637.391663 1327.846558
636.040710 1269.300171
631.908752 1209.447510
630.737305 1158.880249
628.000000 1108.727905
628.861511 1067.601318
587.680481 961.485352
591.477966 931.796265
592.185303 898.950806
590.783752 864.726624
588.960815 831.635010
591.584167 806.058716
594.113342 781.430359
584.638672 742.968628
583.651123 716.568359
583.892517 692.691528
584.820129 670.508606
583.108582 646.307434
580.039734 621.648743
579.120483 600.120483
575.471863 576.726685
579.232117 561.142700
580.396118 543.591003
576.598145 522.229126
578.363525 506.304657
571.202271 483.550476
572.883789 468.585907
572.621643 452.501373
573.593079 437.739746
573.406433 422.503510
572.864990 407.402283
573.650696 393.533112
571.584412 378.165588
572.587769 365.045441
569.844727 350.000000
567.628174 335.641449
571.267090 324.748108
568.462158 310.645935
567.139038 297.612183
572.786499 288.094727
566.398193 273.176727
569.792480 262.862579
564.654968 249.135422
568.550476 239.246078
564.755249 226.554108
570.147705 217.317596
565.878601 204.865112
569.001343 194.961166
563.299377 182.523483
566.032532 172.667953
568.593323 162.766235
570.980835 152.821320
564.391174 140.965042
566.398865 131.096786
559.370789 119.632164
552.117798 108.446869
555.540405 99.076111
554.833313 89.124962
557.926758 79.640465
556.872864 69.720062
559.633423 60.133381
551.243530 49.889446
551.663757 40.264523
549.916260 30.598824
552.000000 21.000000
