181 2
-744.000000 21.000000
-741.886963 33.949684
-741.547974 46.895428
-751.968018 60.408974
-741.190063 72.829063
-751.130798 86.715431
-750.864014 99.918991
-747.387268 112.767616
-745.671875 125.797348
-741.753967 138.482285
-747.469055 152.798965
-739.165283 164.679169
-735.567017 177.349594
-742.469971 192.412704
-740.335632 205.586411
-736.035461 218.220108
-730.558899 230.484390
-736.354675 246.126205
-731.362488 258.634064
-737.504517 274.943146
-732.960266 287.775726
-726.325562 299.810272
-730.620850 316.190002
-731.801331 331.631256
-729.922791 345.982574
-722.327332 357.826752
-726.225586 375.203888
-728.843323 392.364227
-722.251160 405.027740
-724.185120 422.422363
-725.729309 440.000000
-725.163513 456.722198
-726.777222 475.140808
-725.450012 492.112762
-721.262695 507.497833
-720.034668 525.173706
-719.216125 543.541077
-725.161072 567.448059
-717.089783 581.251953
-725.077209 608.155945
-720.847839 625.863159
-716.974121 644.256104
-717.877930 667.380188
-718.920715 691.404358
-714.304443 710.795776
-715.592041 736.592041
-709.940857 756.165283
-716.098267 788.921387
-708.609314 807.990356
-713.792236 842.124023
-708.994751 865.947021
-706.726807 893.734924
-709.857666 929.576416
-704.725403 956.202209
-704.754517 991.011353
-697.468933 1017.088867
-695.635986 1052.322754
-692.780823 1087.788940
-693.134399 1130.246948
-693.241272 1174.747192
-690.000000 1216.115112
-686.975220 1260.336182
-684.958984 1309.220581
-683.255676 1361.964844
-679.913635 1415.029541
-675.343994 1469.279785
-674.776062 1536.571899
-670.885376 1601.506836
-666.425110 1670.460083
-660.830505 1742.522339
-653.258484 1815.812866
-650.159607 1909.200562
-643.682373 2002.050781
-639.416931 2112.438477
-632.312073 2226.134277
-623.236267 2346.949463
-614.965454 2487.491699
-605.793213 2644.978516
-596.290710 2826.327393
-587.119263 3041.466797
-574.428162 3278.744141
-559.409668 3552.973389
-544.305969 3893.938477
-523.185120 4282.000488
-498.182648 4760.891113
-435.168610 4995.000000
-338.807190 4866.168457
-270.053528 5173.928223
-192.121735 5522.646484
-177.857468 10210.448242
-0.000000 12588.000000
183.721481 10546.396484
330.149231 9475.237305
481.386139 9206.394531
706.912109 10130.314453
770.195312 8824.372070
578.355957 5523.689453
672.475037 5497.869629
768.792236 5491.240723
751.511169 4765.854980
712.131165 4059.696533
685.195129 3546.023193
662.614563 3138.356445
688.575195 3003.546875
668.914062 2703.867676
657.141541 2473.485596
614.120056 2162.691162
605.794189 2002.463501
601.656067 1872.707031
596.766418 1754.135498
590.326782 1642.909424
588.798523 1554.872681
584.760864 1468.333984
578.282043 1383.347168
577.972778 1319.148071
573.492981 1250.859619
569.882507 1189.432251
565.672180 1131.194092
562.426941 1078.771240
558.985474 1029.436523
558.000000 987.484375
555.211060 945.026367
557.475037 913.146606
557.165710 878.959961
550.804993 837.601990
554.648438 813.120056
546.640259 773.385803
547.049866 746.959656
543.629089 716.813477
544.362122 693.231262
544.441101 669.839661
544.528992 647.408936
545.341431 626.663025
542.870667 603.157532
538.360229 578.488342
534.572754 555.572754
538.066162 540.604431
540.470398 524.996765
535.064270 502.774048
536.598511 487.457977
537.763184 472.236908
532.344971 452.084473
531.907288 436.571503
532.689880 422.410614
533.951233 408.938263
529.991394 392.103943
529.755005 378.324280
527.523804 363.577942
527.485901 350.609772
525.443542 336.718353
523.945374 323.500000
530.019531 314.794617
528.885620 302.213470
525.693848 288.854401
530.288513 279.638977
525.658508 266.118591
527.115723 255.687042
523.767273 243.326019
527.567627 234.151154
521.871460 221.327682
525.288147 212.189255
529.490417 203.318161
524.032166 191.268356
528.836548 182.681549
522.926392 170.946716
525.463623 161.797562
527.840881 152.605515
527.134216 142.698517
529.177856 133.480225
522.225647 122.510384
524.902527 113.554482
520.511780 103.440964
521.871277 94.344223
516.124023 84.372055
515.162354 75.145744
515.032654 66.059517
506.762543 56.436287
507.303802 47.586666
507.690552 38.728943
509.922333 29.900728
510.000000 21.000000
