179 2
-1877.000000 21.000000
-1902.710205 54.211929
-1930.823120 88.425827
-1966.301514 124.049500
-1992.135376 160.303680
-2016.298096 197.403229
-2041.753418 235.596939
-1568.222900 213.553558
-1898.343872 287.794830
-1870.681763 317.286865
-1803.249146 371.516113
-1761.643799 395.448944
-1734.378662 421.412872
-1700.928467 445.089081
-1662.358398 466.427582
-1644.718750 492.615509
-1664.926636 530.019165
-1678.614746 566.414978
-1718.952759 612.882935
-2515.557129 936.587952
-2431.043457 954.190125
-2373.590576 979.992859
-2010.382568 874.356812
-1989.702026 906.872437
-2253.081055 1071.629028
-2216.426025 1102.023193
-2169.600830 1126.466919
-2130.552490 1153.834839
-2106.084229 1188.421509
-2139.082764 1256.000000
-2334.923828 1423.963745
-2314.323242 1467.149658
-2275.313232 1498.605713
-2230.940186 1525.788086
-2196.146729 1558.758423
-2157.648438 1588.623291
-2113.189453 1613.402588
-2071.680176 1639.573975
-2036.899536 1670.448730
-2003.206177 1701.889648
-2108.658447 1854.028931
-2231.663818 2030.399170
-2362.272461 2223.854736
-5667.678223 5494.213379
-6069.804688 6090.804688
-6635.376953 6892.133789
-6504.900391 6996.651367
-6365.439453 7090.536621
-6228.624512 7186.212891
-6091.698242 7280.803223
-5952.741699 7372.023438
-6082.735352 7806.546387
-5941.117676 7905.129883
-5797.913574 8001.143555
-5659.478516 8103.573242
-4304.666992 6402.931152
-3479.698730 5379.266113
-3251.584717 5224.623047
-2576.220459 4308.550781
-2716.000000 4725.250000
-2298.967285 4168.446777
-2290.082275 4328.018555
-1595.776611 3152.887939
-1549.641968 3198.237061
-1445.777100 3121.479004
-1295.049438 2929.728760
-1326.532227 3146.114014
-1276.284668 3179.915283
-1228.485352 3221.313721
-1183.389648 3272.336426
-1135.581665 3318.968750
-1115.551392 3454.313965
-989.678223 3258.091553
-897.199585 3149.906738
-845.044189 3174.747803
-795.681091 3212.302734
-743.463257 3241.292969
-693.385498 3283.122314
-639.591736 3311.414307
-586.757202 3348.665283
-802.508789 5087.841309
-787.998108 5627.897949
-437.389069 3583.248047
-399.612305 3823.057129
-316.898285 3643.163818
-256.076019 3683.057617
-187.938416 3607.078613
-123.753616 3564.839844
-62.793758 3618.451904
-0.000000 3669.000000
67.837502 3907.407959
134.642258 3876.649902
206.570023 3962.590820
272.887329 3923.470459
340.691803 3915.125000
411.737610 3938.421631
478.580902 3918.728760
585.640381 4188.047852
713.028320 4522.883301
745.124329 4246.810059
847.382751 4380.406250
924.791199 4371.800293
1014.979187 4417.357910
1115.501831 4495.033691
1801.380493 6743.843750
1336.565552 4682.158203
2087.241699 6848.059570
2036.421997 6288.462402
2331.067871 6790.913086
2390.036865 6587.572266
2334.767090 6103.276367
2384.370850 5922.525391
2527.249023 5974.825195
2608.402100 5879.566895
2678.977051 5766.084961
2749.902100 5659.135254
2819.281006 5554.150391
2889.597412 5455.542480
2956.369141 5354.431152
3024.000000 5258.721680
3148.942871 5261.720703
3370.816406 5415.434082
1185.679199 1846.785767
3574.361084 5320.208008
3642.783936 5223.434570
1465.936401 2038.688354
1497.315796 2008.005127
1526.224854 1974.478638
1346.745605 1684.092407
1561.331055 1881.721924
1103.491333 1290.421509
1081.984131 1222.665161
1100.063354 1200.673462
1134.377075 1195.681885
1376.736938 1397.736938
1740.802368 1702.073242
1770.607300 1672.118042
1793.951660 1636.281250
1519.985107 1342.302856
1481.529907 1264.151245
1488.234497 1226.148560
1516.920654 1206.148315
1533.380127 1176.484863
1580.819214 1169.532349
2190.412598 1554.743408
1674.655884 1150.569702
1967.521118 1298.723145
1989.520874 1264.190552
2006.628662 1226.704102
2034.293701 1195.500000
2054.481689 1159.817749
2081.990479 1128.013916
2107.230469 1094.687500
2122.951416 1056.432617
1641.323364 786.361694
1935.802856 882.874939
2193.562988 952.112305
2220.605225 918.182800
2240.593018 881.083069
2260.900391 843.900452
2280.590820 806.270386
2154.143066 720.923462
1980.507202 626.501770
1865.808960 556.012085
1899.976074 530.097046
1908.571655 496.860382
1931.201416 466.852997
1953.360718 436.199646
2495.296387 506.036469
2519.138184 465.192047
2543.297363 423.818756
2568.755371 382.015015
2602.456055 340.541412
2626.532227 297.059662
2658.843750 253.618683
2154.738281 171.673981
2179.009766 135.197052
2732.334473 116.415222
2596.604492 66.323898
