181 2
-9859.000000 21.000000
-9828.502930 192.557159
-9797.028320 363.119751
-9760.605469 532.531616
-9730.240234 701.404663
-9697.955078 869.461182
-9661.780273 1036.494019
-9631.667969 1203.620117
-6586.272949 946.640320
-6528.620117 1055.031860
-6510.563965 1168.988159
-6479.721191 1280.530151
-6467.511719 1395.712158
-6434.739746 1506.576782
-6416.565430 1620.829468
-6386.701660 1732.311523
-6364.513672 1845.994873
-6340.300293 1959.424438
-6150.482422 2019.412842
-5984.187012 2081.520752
-4675.910645 1722.892212
-4150.698730 1614.303955
-3753.240234 1537.407471
-3404.026855 1465.923706
-3118.844238 1409.598877
-2876.620850 1362.390381
-2658.632812 1317.701904
-2497.491211 1293.535400
-2487.263428 1343.501343
-2472.549805 1391.556763
-2462.110107 1442.500000
-2453.212891 1495.038940
-2441.530518 1546.637573
-2430.467285 1599.363892
-2417.473633 1651.606567
-2216.625488 1573.097778
-2149.558105 1582.745361
-2049.298828 1565.257324
-2025.187622 1603.250000
-2026.019531 1661.638306
-2030.017822 1724.387207
-2028.659302 1784.486694
-2031.757935 1850.403076
-2033.163330 1916.955444
-2043.644409 1994.524414
-2038.588867 2059.588867
-1956.852661 2047.380249
-1855.717529 2011.013428
-1783.902222 2002.224121
-1712.314087 1990.791992
-1661.605957 2001.224854
-1650.707397 2059.453857
-1638.275146 2117.896729
-1619.484253 2170.128174
-1597.600342 2219.908203
-1526.286865 2200.763672
-1459.493530 2184.788086
-1400.811646 2178.060791
-1345.994873 2175.042236
-1285.020020 2159.632324
-1225.000000 2142.762207
-1164.512695 2121.836426
-1114.525513 2117.117676
-1063.699707 2108.628174
-1013.075745 2098.113037
-961.879150 2083.756592
-911.090088 2067.341797
-866.250916 2061.759277
-821.886841 2055.241455
-775.149902 2040.334473
-730.555054 2028.183472
-689.878906 2024.553833
-647.390625 2013.463379
-610.179749 2016.807983
-515.166199 1817.598145
-456.815613 1725.859131
-425.782532 1728.720459
-393.664337 1726.147583
-362.805908 1727.867554
-331.053619 1724.123169
-297.632965 1708.960449
-266.407898 1703.033203
-235.898407 1699.504395
-207.665359 1712.298584
-176.130463 1696.769409
-146.770264 1698.591919
-116.702583 1689.924683
-87.034698 1681.720947
-57.688869 1672.993042
-28.691755 1664.749634
-0.000000 1663.000000
28.517233 1654.751099
56.886181 1650.007080
85.359947 1649.764771
93.194649 1353.745605
114.871269 1333.984619
137.559464 1329.790771
159.648834 1321.235474
184.961044 1337.066284
207.432098 1330.674683
229.910187 1324.885498
252.249496 1318.711182
274.859253 1314.111084
298.285095 1313.014648
320.546509 1306.641846
342.676422 1299.885742
366.873322 1300.439331
385.930664 1283.322266
410.374573 1284.003052
428.447693 1265.302490
454.544769 1269.851440
473.404053 1254.259766
538.309692 1353.363159
638.845398 1526.025391
671.928955 1530.177124
698.165344 1518.220459
729.011230 1515.694458
749.084351 1491.160767
779.322815 1486.692993
807.208008 1477.241821
836.500000 1469.860474
869.384277 1467.898438
904.042236 1467.770020
931.332764 1455.126709
955.101501 1436.996216
1138.549194 1647.016846
1182.036133 1647.933228
1225.897217 1647.820557
1262.721680 1637.210083
1300.175903 1626.583496
1337.640991 1615.138428
1382.972412 1611.927734
1417.887695 1595.723877
1454.020508 1580.246094
1508.797974 1583.406006
1550.685181 1571.685181
1601.250366 1567.309570
1644.814453 1554.814331
1689.168213 1541.933838
1738.096191 1531.903931
1789.479858 1522.551880
1843.390259 1513.747925
1895.165894 1501.665894
1952.663818 1492.437744
2013.643311 1483.997437
2069.997314 1470.427612
2134.771729 1460.921753
2208.219727 1455.034546
2208.317139 1400.909790
2196.062744 1340.527588
2185.848145 1283.000000
2175.179199 1226.721558
2242.686768 1213.457764
2289.886719 1187.755615
2372.816162 1178.299805
2427.092285 1152.771729
2512.250000 1139.525757
2597.664795 1123.643188
2685.124512 1105.860718
2776.468262 1086.786255
2818.138184 1046.718384
2800.625977 985.332886
2790.399902 927.655884
2779.021729 870.632202
2766.511230 814.284302
2755.786377 759.410706
2743.026123 704.913208
2734.082520 652.212646
2728.053711 600.865723
2719.107178 549.540894
2707.236572 498.358826
2695.401367 447.909668
2684.616699 398.298279
2676.896973 349.681610
2663.329590 300.927216
2651.870361 253.008591
2638.556885 205.505875
2632.387451 158.957581
2617.404541 112.401779
2608.602539 66.533325
2601.000000 21.000000
