180 2
-799.000000 21.000000
-794.878906 34.874664
-800.512024 48.954498
-809.888550 63.444462
-807.029297 77.432991
-805.921509 91.508995
-813.518921 106.504280
-820.835693 121.785950
-817.961426 135.956985
-822.744385 151.309906
-820.344849 165.648926
-819.658691 180.325516
-825.556580 196.477463
-830.163269 212.658295
-827.662231 227.359375
-830.696228 243.584381
-837.258911 261.080139
-841.548157 278.287109
-846.440308 296.025116
-850.021179 313.685760
-848.542419 329.844177
-855.159668 349.265045
-864.135376 370.133331
-863.433533 387.505798
-866.954651 406.993073
-867.336548 425.445679
-870.032654 445.343262
-871.404358 465.002716
-880.298767 489.063141
-882.491272 510.172913
-882.479858 530.500000
-889.739685 555.609497
-895.538818 580.594727
-894.861511 602.129822
-899.505737 627.724304
-903.524719 653.654785
-915.807251 686.372925
-912.840393 708.874573
-916.456482 737.014282
-926.357971 771.149902
-926.147705 798.130249
-934.330444 833.201050
-938.591919 866.111938
-943.446289 900.777893
-945.931824 934.475769
-956.008362 977.008362
-959.323181 1014.408264
-965.709656 1056.596802
-972.246765 1100.789429
-981.464294 1150.045532
-990.535706 1201.474487
-999.990112 1255.884888
-1009.069153 1312.549683
-1015.261963 1368.298096
-1022.158569 1427.880493
-1034.158325 1497.931152
-1046.249878 1572.129272
-1059.322876 1652.214233
-1069.377075 1732.361084
-1089.305542 1833.908813
-1105.500000 1935.782227
-1120.879883 2043.120728
-1144.102173 2172.743164
-1160.853760 2299.303711
-1187.985840 2456.731934
-1214.182251 2624.822266
-1241.766968 2810.054199
-1273.392700 3020.925293
-1311.123047 3266.143555
-1358.931274 3561.136963
-1414.937378 3908.508301
-1480.358398 4320.272949
-1562.389893 4829.541504
-1664.179688 5464.286621
-1804.322144 6313.418945
-1583.972534 5932.465820
-1581.685303 6364.793457
-2074.334961 9779.978516
-1960.562378 10107.219727
-1784.755981 10142.854492
-1613.777954 10209.993164
-1397.715454 9966.262695
-827.005371 6756.417969
-706.298828 6740.984375
-569.911377 6535.117188
-364.477570 5233.271973
-228.132431 4374.026367
-138.934891 3999.574951
-57.296249 3303.500000
-0.000000 2946.000000
46.091805 2661.597656
83.863487 2422.536133
115.557793 2225.974121
141.954422 2051.042725
165.683060 1914.766113
186.269714 1793.238037
204.009277 1682.522217
220.450195 1589.584595
235.277435 1506.483276
247.275009 1423.366211
259.691040 1356.994629
269.453552 1288.679321
278.939301 1229.218872
286.435516 1169.830200
294.794891 1121.189575
304.303650 1082.232910
308.452148 1029.901489
317.051422 996.783997
325.242584 965.573059
328.339325 923.104919
330.773621 882.694763
338.644348 859.174194
341.889740 826.441772
349.386780 805.735535
351.195770 774.141785
356.834106 752.618347
362.738403 732.914185
366.187805 709.699097
369.424927 687.460205
371.500000 664.456848
373.402618 642.446289
374.122986 619.721985
380.158051 606.392029
380.810364 585.574585
386.590515 573.108459
390.289398 558.187256
387.568878 535.321289
396.485992 528.478943
394.583893 508.270508
397.242737 494.415466
399.539948 480.618134
400.809235 466.143738
402.379028 452.498688
409.848450 445.410492
411.536133 432.536133
411.462372 418.344574
410.289429 403.601074
416.904236 396.382263
416.599701 383.144592
415.962128 370.033661
421.990265 362.720978
420.797729 349.763214
426.471375 342.369232
425.542938 330.175049
430.873962 322.701202
428.612427 310.102722
424.367310 296.587341
429.112335 289.139160
435.440979 282.639343
432.146667 270.500000
437.309845 263.404816
441.473785 255.735779
447.285278 248.903229
440.409088 235.801865
444.997131 228.505569
448.550812 220.707687
451.967896 212.848984
455.247284 204.931839
449.985779 193.733353
452.931854 185.853714
455.739960 177.923843
460.311340 170.564224
462.851501 162.507904
462.366882 153.581573
464.610321 145.491959
469.623138 138.090195
468.671997 129.201462
470.488983 121.005524
475.107544 113.351555
469.753296 103.830177
472.115021 95.775673
474.338409 87.663918
473.444519 79.131676
472.397888 70.651024
470.203888 62.137512
469.852661 53.855301
471.353149 45.702572
481.706390 37.821556
470.928253 29.220083
472.000000 21.000000
