27 4
-1627.7661132812 106.3076095581 -1038.0349121094 111.8162841797
-974.3700561523 245.9510498047 -1547.8139648438 553.9550781250
-1547.8139648438 553.9550781250 -1049.6365966797 403.0364990234
-1049.6365966797 403.0364990234 -1357.4259033203 542.0670166016
-1357.4259033203 542.0670166016 -1255.1112060547 805.2805175781
-1255.1112060547 805.2805175781 -592.3964843750 573.4187011719
-1122.1700439453 1104.6671142578 -695.0817871094 910.6641235352
-695.0817871094 910.6641235352 -626.8013305664 1064.1726074219
-626.8013305664 1064.1726074219 -879.4446411133 1607.5601806641
-879.4446411133 1607.5601806641 -708.5352172852 1612.3962402344
-708.5352172852 1612.3962402344 -321.2722778320 1309.5527343750
-321.2722778320 1309.5527343750 -216.5618286133 1784.7545166016
-274.5962829590 2633.6091308594 -157.1613311768 2268.5117187500
-157.1613311768 2268.5117187500 -87.4930419922 2526.4729003906
-87.4930419922 2526.4729003906 37.8717231750 2190.6694335938
37.8717231750 2190.6694335938 201.8054809570 2906.9528808594
351.9586486816 2887.4733886719 540.0458374023 3083.7521972656
1247.8859863281 5891.8417968750 1381.8742675781 6006.5551757812
1574.1374511719 5895.7607421875 1773.8190917969 5822.9008789062
4114.3041992188 10204.2607421875 5032.9384765625 9898.6982421875
5032.9384765625 9898.6982421875 5486.0000000000 9523.0302734375
1768.6458740234 2455.3320312500 1807.4082031250 2252.9631347656
1807.4082031250 2252.9631347656 1242.3905029297 797.3317260742
2402.3686523438 801.5769042969 1888.7019042969 598.4341430664
1888.7019042969 598.4341430664 2047.3239746094 531.4552001953
2047.3239746094 531.4552001953 3365.0180664062 675.0932617188
3841.2497558594 560.8524780273 3766.8017578125 284.4004516602
