21 4
-9859.0000000000 21.0000000000 -9631.6679687500 1203.6201171875
-6586.2729492188 946.6403198242 -6340.3002929688 1959.4244384766
-6340.3002929688 1959.4244384766 -5984.1870117188 2081.5207519531
-4675.9106445312 1722.8922119141 -2497.4912109375 1293.5354003906
-2497.4912109375 1293.5354003906 -2417.4736328125 1651.6065673828
-2417.4736328125 1651.6065673828 -2025.1876220703 1603.2500000000
-2025.1876220703 1603.2500000000 -2038.5888671875 2059.5888671875
-2038.5888671875 2059.5888671875 -1661.6059570312 2001.2248535156
-1661.6059570312 2001.2248535156 -1597.6003417969 2219.9082031250
-1597.6003417969 2219.9082031250 -610.1797485352 2016.8079833984
-610.1797485352 2016.8079833984 -456.8156127930 1725.8591308594
-456.8156127930 1725.8591308594 85.3599472046 1649.7647705078
85.3599472046 1649.7647705078 93.1946487427 1353.7456054688
93.1946487427 1353.7456054688 473.4040527344 1254.2597656250
473.4040527344 1254.2597656250 638.8453979492 1526.0253906250
638.8453979492 1526.0253906250 955.1015014648 1436.9962158203
955.1015014648 1436.9962158203 1138.5491943359 1647.0168457031
1138.5491943359 1647.0168457031 2208.2197265625 1455.0345458984
2208.2197265625 1455.0345458984 2175.1791992188 1226.7215576172
2175.1791992188 1226.7215576172 2818.1381835938 1046.7183837891
2818.1381835938 1046.7183837891 2601.0000000000 21.0000000000
