25 4
-1819.0000000000 21.0000000000 -2277.9179687500 717.4293823242
-2277.9179687500 717.4293823242 -2002.4916992188 912.5667114258
-2002.4916992188 912.5667114258 -2285.4411621094 1340.5000000000
-2285.4411621094 1340.5000000000 -2077.5681152344 1422.3374023438
-2077.5681152344 1422.3374023438 -2340.3173828125 1659.7078857422
-2340.3173828125 1659.7078857422 -1959.8515625000 1497.8541259766
-531.1192626953 435.9558410645 -53.0149192810 779.1486816406
-53.0149192810 779.1486816406 -51.4985809326 1003.6514892578
197.8435363770 2282.3620605469 551.0980834961 2231.3337402344
551.0980834961 2231.3337402344 887.0557250977 2922.4287109375
887.0557250977 2922.4287109375 1019.9040527344 2823.1633300781
1019.9040527344 2823.1633300781 1163.5280761719 2900.8330078125
1167.5046386719 2771.4685058594 1449.5806884766 3129.6357421875
1858.2552490234 3830.9880371094 1968.0000000000 3429.6760253906
1968.0000000000 3429.6760253906 2459.8852539062 3957.6391601562
2459.8852539062 3957.6391601562 2792.1701660156 4008.6320800781
3448.5361328125 4767.5029296875 3698.7551269531 4929.4140625000
4693.8032226562 6028.7939453125 5060.1831054688 5842.0751953125
5060.1831054688 5842.0751953125 5828.3579101562 6271.1489257812
9339.8437500000 8430.6337890625 9752.4042968750 7918.3417968750
3523.1960449219 2773.6225585938 3404.5832519531 2586.5373535156
2497.4355468750 1835.4930419922 2620.8454589844 1722.9969482422
2026.8349609375 1287.5070800781 1499.0981445312 851.9636840820
3328.8493652344 975.5321655273 3426.4509277344 749.3146362305
2186.6669921875 59.1684112549 1804.0000000000 21.0000000000
