15 4
-455.0000000000 21.0000000000 -424.8814086914 584.8366699219
-424.8814086914 584.8366699219 -545.1836547852 860.5092163086
-545.1836547852 860.5092163086 -530.0097656250 4337.5830078125
-633.9651489258 6052.7753906250 -440.9306640625 6326.6025390625
-440.9306640625 6326.6025390625 -352.9536743164 6755.7578125000
-352.9536743164 6755.7578125000 235.1179046631 6753.8959960938
598.2053833008 3797.9201660156 603.3533935547 1205.1477050781
603.3533935547 1205.1477050781 352.8010864258 608.1596069336
352.8010864258 608.1596069336 751.5159912109 587.3079223633
691.3643188477 505.0985107422 948.8842163086 591.1471557617
948.8842163086 591.1471557617 1398.1932373047 585.9067382812
1398.1932373047 585.9067382812 1257.5328369141 503.7216186523
1257.5328369141 503.7216186523 3171.0810546875 580.1471557617
2635.9311523438 251.6140899658 2466.9758300781 193.5077667236
704.0338134766 57.8968505859 1152.0000000000 21.0000000000
