29 4
-1339.0000000000 21.0000000000 -1366.9606933594 237.5052947998
-1366.9606933594 237.5052947998 -1631.8264160156 308.7350158691
-1631.8264160156 308.7350158691 -1681.4675292969 1431.9188232422
-1681.4675292969 1431.9188232422 -1427.5229492188 1499.2432861328
-1427.5229492188 1499.2432861328 -1497.1447753906 2836.7199707031
-1780.5507812500 3515.5275878906 -1827.8745117188 4126.4731445312
-1827.8745117188 4126.4731445312 -1589.0035400391 4160.4956054688
-1589.0035400391 4160.4956054688 -1617.4226074219 4718.3364257812
-1562.0809326172 4828.5908203125 -1027.0837402344 4853.0493164062
-1027.0837402344 4853.0493164062 -1046.3964843750 5404.2436523438
-1227.5067138672 8755.1640625000 -1013.3435668945 8274.0214843750
-1242.8433837891 11845.8652343750 -207.2996826172 11897.1914062500
-0.0000000000 8833.0000000000 1087.3182373047 8876.4970703125
1087.3182373047 8876.4970703125 1186.8681640625 8466.0058593750
1167.3139648438 7391.1303710938 1331.3651123047 4989.7226562500
1331.3651123047 4989.7226562500 1622.6481933594 5014.9975585938
1622.6481933594 5014.9975585938 1770.3376464844 4632.8872070312
1770.3376464844 4632.8872070312 2179.0197753906 4693.9228515625
2179.0197753906 4693.9228515625 2217.7436523438 4373.5668945312
2217.7436523438 4373.5668945312 2418.2304687500 4383.6030273438
2447.0000000000 4259.3281250000 2477.8500976562 3559.7368164062
2477.8500976562 3559.7368164062 2021.9738769531 2347.0148925781
2021.9738769531 2347.0148925781 2073.2370605469 2094.2370605469
2073.2370605469 2094.2370605469 2332.7316894531 2121.4008789062
2332.7316894531 2121.4008789062 2325.9238281250 1710.8825683594
2325.9238281250 1710.8825683594 2583.9440917969 1699.0328369141
2583.9440917969 1699.0328369141 2657.6269531250 585.8960571289
2657.6269531250 585.8960571289 2404.9006347656 445.0488586426
2404.9006347656 445.0488586426 2453.0000000000 21.0000000000
