10 4
-703.0000000000 21.0000000000 -531.9196166992 3805.8044433594
-531.9196166992 3805.8044433594 -428.4926147461 3510.7922363281
-428.4926147461 3510.7922363281 -283.9786071777 4082.0832519531
-418.9493408203 8015.0292968750 -135.2037963867 7766.8203125000
-135.2037963867 7766.8203125000 134.0868377686 7702.8300781250
134.0868377686 7702.8300781250 413.5063781738 7911.1718750000
413.5063781738 7911.1718750000 539.6361083984 7738.1552734375
539.6361083984 7738.1552734375 804.2420043945 7672.8515625000
526.5974121094 4309.7919921875 733.6635742188 4181.8129882812
733.6635742188 4181.8129882812 552.0000000000 21.0000000000
