21 4
-969.0000000000 21.0000000000 -1410.3937988281 3511.8471679688
-1410.3937988281 3511.8471679688 -1080.8981933594 3556.4587402344
-1080.8981933594 3556.4587402344 -1075.6519775391 4035.3876953125
-931.0723876953 4053.9177246094 -893.3965454102 4224.1000976562
-893.3965454102 4224.1000976562 -782.6984863281 4047.6347656250
-638.0961914062 4049.7807617188 -521.3570556641 4267.1123046875
-521.3570556641 4267.1123046875 -431.1799011230 4123.4028320312
-287.7454528809 4135.9516601562 -62.0083999634 3573.4587402344
-0.0000000000 2687.0000000000 42.6536827087 2464.6276855469
42.6536827087 2464.6276855469 582.1733398438 2542.6696777344
899.6550292969 3378.5581054688 1458.9158935547 3821.6059570312
1458.9158935547 3821.6059570312 1601.7288818359 3618.5419921875
1601.7288818359 3618.5419921875 1763.5671386719 3636.8483886719
810.8297119141 1223.1044921875 541.6335449219 739.7719726562
930.2644653320 1211.6842041016 1168.9451904297 1274.5402832031
1168.9451904297 1274.5402832031 932.9837036133 921.9719238281
4482.6494140625 4057.1958007812 5412.0444335938 4403.5874023438
2239.9335937500 792.2709350586 2312.4265136719 640.6127929688
2312.4265136719 640.6127929688 2590.6896972656 666.9314575195
5451.9575195312 1080.7531738281 5522.7250976562 797.1683959961
5522.7250976562 797.1683959961 4947.8427734375 628.5186767578
