58 4
-1275.0000000000 21.0000000000 -1274.2231445312 484.7793273926
-2088.9453125000 864.9886474609 -1679.9213867188 734.0842895508
-2087.2268066406 994.2898559570 -1704.1135253906 852.1516723633
-1704.1135253906 852.1516723633 -2074.0439453125 1123.7886962891
-2074.0439453125 1123.7886962891 -1707.2576904297 967.3483886719
-1707.2576904297 967.3483886719 -2060.6301269531 1259.1514892578
-2060.6301269531 1259.1514892578 -1710.5130615234 1089.8471679688
-1710.5130615234 1089.8471679688 -2032.8001708984 1392.1409912109
-2032.8001708984 1392.1409912109 -1730.8682861328 1232.9670410156
-1730.8682861328 1232.9670410156 -2037.9138183594 1501.6311035156
-2037.9138183594 1501.6311035156 -2033.7910156250 1667.9315185547
-2033.7910156250 1667.9315185547 -1494.4642333984 1366.6217041016
-1494.4642333984 1366.6217041016 -1742.8159179688 1646.2021484375
-1742.8159179688 1646.2021484375 -1584.7055664062 1551.3323974609
-1584.7055664062 1551.3323974609 -1572.2585449219 1894.7447509766
-1572.2585449219 1894.7447509766 -1233.4680175781 1544.2060546875
-1233.4680175781 1544.2060546875 -1565.0114746094 2024.1232910156
-1558.8065185547 2166.5131835938 -1085.9453125000 2152.2875976562
-1085.9453125000 2152.2875976562 -1325.1479492188 2997.3310546875
-1325.1479492188 2997.3310546875 -1077.3685302734 2687.5808105469
-1077.3685302734 2687.5808105469 -851.3417968750 2641.1606445312
-1034.9958496094 3406.3188476562 -980.4065551758 3679.9270019531
-980.4065551758 3679.9270019531 -879.1441650391 3547.0546875000
-1080.6649169922 4701.8740234375 -915.2272338867 4326.8056640625
-1041.8171386719 5380.6845703125 -1004.3092651367 6361.9589843750
-1004.3092651367 6361.9589843750 -836.0128173828 5969.5405273438
-874.2906494141 7141.5258789062 -0.0000000000 7104.0000000000
-0.0000000000 7104.0000000000 125.7271347046 7223.9028320312
125.7271347046 7223.9028320312 247.8213195801 7117.6743164062
247.8213195801 7117.6743164062 875.3875122070 7150.4589843750
715.4888916016 5111.9682617188 972.1718139648 5022.3906250000
870.4349975586 3512.1240234375 1073.2160644531 3324.0192871094
1073.2160644531 3324.0192871094 942.9495239258 2611.7326660156
942.9495239258 2611.7326660156 1079.8857421875 2446.4631347656
1079.8857421875 2446.4631347656 1051.2139892578 2176.3081054688
1051.2139892578 2176.3081054688 1479.2536621094 2133.5930175781
1479.2536621094 2133.5930175781 1862.9915771484 2405.5205078125
1862.9915771484 2405.5205078125 1886.2791748047 2115.9252929688
1886.2791748047 2115.9252929688 2206.9467773438 2387.6606445312
2206.9467773438 2387.6606445312 2274.5524902344 2217.5097656250
2274.5524902344 2217.5097656250 2570.7082519531 2418.2241210938
5729.6464843750 5179.9970703125 5704.6533203125 4319.7646484375
5704.6533203125 4319.7646484375 5897.0756835938 4150.1767578125
5894.4570312500 3996.8615722656 6378.9282226562 4163.5244140625
6378.9282226562 4163.5244140625 7155.9677734375 4152.5000000000
5073.4169921875 2718.5834960938 5389.8125000000 2534.3107910156
5389.8125000000 2534.3107910156 5209.0361328125 2340.2124023438
5209.0361328125 2340.2124023438 5874.0878906250 2275.8510742188
5874.0878906250 2275.8510742188 5761.2553710938 2117.9255371094
5173.8774414062 1802.5089111328 5766.5175781250 1784.0013427734
5766.5175781250 1784.0013427734 5313.8544921875 1544.7232666016
5305.8305664062 1442.6929931641 5977.7602539062 1401.0747070312
5977.7602539062 1401.0747070312 5526.5610351562 1095.2546386719
5526.5610351562 1095.2546386719 5762.1103515625 1037.0155029297
5762.1103515625 1037.0155029297 5753.4575195312 829.5957031250
5753.4575195312 829.5957031250 5273.3974609375 668.4918212891
5299.8071289062 578.0321655273 5818.7734375000 530.0767211914
4895.0468750000 363.2950134277 4888.0000000000 21.0000000000
