38 4
-1693.0000000000 21.0000000000 -1691.2985839844 228.6653594971
-1691.2985839844 228.6653594971 -1261.5386962891 243.4433135986
-1261.5386962891 243.4433135986 -1545.0811767578 321.3333435059
-1545.0811767578 321.3333435059 -1520.0891113281 863.5991210938
-1520.0891113281 863.5991210938 -1032.2940673828 827.5165405273
-1485.4366455078 1455.4694824219 -1476.7888183594 1719.8513183594
-1476.7888183594 1719.8513183594 -1296.5830078125 1680.5506591797
-1296.5830078125 1680.5506591797 -1009.8455810547 1361.1103515625
-1009.8455810547 1361.1103515625 -1186.1506347656 1653.5963134766
-1073.0911865234 1611.9230957031 -986.1027832031 1799.9764404297
-1335.1771240234 2532.1030273438 -1074.4476318359 2223.9440917969
-960.0263671875 2282.6804199219 -829.6218261719 2182.2387695312
-829.6218261719 2182.2387695312 -944.1476440430 2763.0039062500
-944.1476440430 2763.0039062500 -798.1979370117 2999.9152832031
-919.3032226562 3708.1237792969 -815.0138549805 3855.3386230469
-815.0138549805 3855.3386230469 -855.0151367188 4419.6713867188
-855.0151367188 4419.6713867188 -651.0517578125 4653.4741210938
-709.4014282227 5798.6113281250 200.2533111572 5755.5043945312
507.5950317383 5822.8378906250 1108.0278320312 5721.3090820312
1108.0278320312 5721.3090820312 1160.3551025391 5480.0419921875
1049.9027099609 3682.4458007812 1310.8500976562 4055.3818359375
1004.3777465820 2937.9248046875 1191.2490234375 2969.4445800781
976.2481689453 2114.5710449219 1322.6784667969 2137.7280273438
1322.6784667969 2137.7280273438 1009.8193359375 1224.4558105469
1009.8193359375 1224.4558105469 1611.4963378906 1632.4963378906
1611.4963378906 1632.4963378906 1257.4060058594 1235.2628173828
1257.4060058594 1235.2628173828 1638.9636230469 1549.3582763672
1638.9636230469 1549.3582763672 1108.9873046875 919.0402221680
1120.0297851562 776.4696044922 1598.0557861328 800.4238891602
1630.2141113281 712.9848022461 1924.8337402344 798.6832885742
5740.4970703125 1559.1616210938 5449.2602539062 1179.2760009766
5449.2602539062 1179.2760009766 5748.3227539062 1034.5844726562
5748.3227539062 1034.5844726562 5250.5512695312 852.6055908203
5254.3623046875 759.4524536133 5805.0244140625 631.1326293945
5805.0244140625 631.1326293945 5807.8178710938 427.1221923828
5807.8178710938 427.1221923828 5446.5253906250 306.4403076172
5446.5253906250 306.4403076172 5799.4648437500 223.5217742920
5804.1157226562 122.3112182617 5329.0000000000 21.0000000000
