29 4
-1555.0000000000 21.0000000000 -1074.5253906250 77.3134918213
-1089.6062011719 232.7979888916 -1588.5117187500 358.6485900879
-1602.4232177734 480.4874572754 -1616.0317382812 809.1913452148
-1616.0317382812 809.1913452148 -1214.9359130859 666.9928588867
-1214.9359130859 666.9928588867 -1562.0708007812 886.8699951172
-1562.0708007812 886.8699951172 -1105.7458496094 685.3991088867
-1105.7458496094 685.3991088867 -1290.9836425781 924.9564819336
-1148.9566650391 1092.4194335938 -1650.5083007812 1730.1513671875
-1650.5083007812 1730.1513671875 -1647.3642578125 1916.0758056641
-1647.3642578125 1916.0758056641 -1302.2877197266 1573.0059814453
-1302.2877197266 1573.0059814453 -984.5899658203 1596.6733398438
-984.5899658203 1596.6733398438 -1331.5000000000 2327.2255859375
-1331.5000000000 2327.2255859375 -1371.8188476562 2962.8750000000
-1918.9835205078 4331.1074218750 -1694.9915771484 4014.1501464844
-1694.9915771484 4014.1501464844 -1769.2669677734 4400.0893554688
-1769.2669677734 4400.0893554688 -1684.1071777344 4648.0463867188
-1684.1071777344 4648.0463867188 -1434.7788085938 4187.9003906250
-1434.7788085938 4187.9003906250 -1511.0931396484 4671.6665039062
-1511.0931396484 4671.6665039062 -1337.6680908203 4686.0029296875
-1337.6680908203 4686.0029296875 -1111.4958496094 5250.1772460938
-1356.5202636719 9673.1425781250 169.7421112061 9745.5185546875
729.7131958008 6963.7573242188 794.5881347656 6492.4008789062
851.2233886719 4848.5278320312 1023.3413696289 4835.4423828125
395.6889038086 1734.9169921875 500.2972106934 1888.1346435547
500.2972106934 1888.1346435547 459.8172912598 1436.1721191406
547.9365234375 897.8817138672 869.5449829102 1310.1534423828
1420.2834472656 1905.7797851562 1179.9757080078 1478.1486816406
2686.2622070312 2525.9799804688 3066.6179199219 2504.2983398438
6051.0781250000 126.6219635010 5571.0000000000 21.0000000000
