12 4
-1059.0000000000 21.0000000000 -974.8483886719 175.4008178711
-974.8483886719 175.4008178711 -2931.8078613281 1265.4786376953
-6877.6791992188 3525.3527832031 -6440.2197265625 3445.3256835938
-10229.5517578125 5691.3334960938 -10125.5693359375 5867.0000000000
-10125.5693359375 5867.0000000000 -9649.9892578125 5819.2988281250
-9649.9892578125 5819.2988281250 -9760.1855468750 6119.8408203125
-9760.1855468750 6119.8408203125 -9600.2617187500 6255.4829101562
-9600.2617187500 6255.4829101562 -9824.0957031250 6647.4360351562
-6358.2583007812 4473.1000976562 -6185.7441406250 4515.2060546875
-4651.6274414062 3655.2497558594 447.8758850098 863.3320312500
447.8758850098 863.3320312500 1305.0477294922 346.3849487305
1305.0477294922 346.3849487305 1432.0000000000 21.0000000000
