15 4
-1756.0000000000 21.0000000000 -1739.4188232422 203.8202819824
-1045.1511230469 149.3284149170 -1232.5213623047 351.2531127930
-1232.5213623047 351.2531127930 -1718.7359619141 513.8395996094
-846.6630249023 329.1601562500 -1092.3740234375 577.5923461914
-1092.3740234375 577.5923461914 -865.0714111328 1303.5211181641
-2271.1447753906 3518.2563476562 565.7457885742 3229.5036621094
565.7457885742 3229.5036621094 1432.9453125000 2227.5422363281
859.4794921875 1295.2307128906 737.0827026367 1035.5073242188
737.0827026367 1035.5073242188 1044.5269775391 576.3848876953
1044.5269775391 576.3848876953 793.0192871094 390.7909851074
793.0192871094 390.7909851074 1088.0325927734 505.4233398438
1088.0325927734 505.4233398438 1332.3087158203 403.0333862305
1332.3087158203 403.0333862305 946.4002685547 187.8759002686
946.4002685547 187.8759002686 1308.1441650391 204.8476715088
1308.1441650391 204.8476715088 1281.0000000000 21.0000000000
