17 4
-892.0000000000 21.0000000000 -1616.1174316406 248.1304931641
-1624.7031250000 366.3413085938 -1532.1937255859 1500.6223144531
-1532.1937255859 1500.6223144531 -1007.6655883789 1514.9256591797
-1007.6655883789 1514.9256591797 -881.3214721680 3555.7873535156
-881.3214721680 3555.7873535156 -61.5022811890 3544.4633789062
-61.5022811890 3544.4633789062 -0.0000000000 3896.0000000000
-0.0000000000 3896.0000000000 138.2369079590 3979.5871582031
138.2369079590 3979.5871582031 1036.8291015625 3890.4987792969
564.5053100586 1989.6639404297 667.6232910156 1855.2800292969
790.0452880859 1976.4307861328 786.6286621094 1787.7968750000
2023.8919677734 3827.3869628906 2734.9648437500 3785.3559570312
1370.1347656250 1490.2895507812 1782.4934082031 1866.8259277344
3698.1684570312 3719.1684570312 3950.7727050781 3705.1550292969
2477.6447753906 2251.8813476562 2418.4023437500 2050.2805175781
649.3208618164 528.3050537109 1119.3338623047 496.1290588379
1121.7454833984 363.9519958496 716.9821777344 173.3992767334
1592.1993408203 330.4921875000 1476.7750244141 46.7772026062
