28 4
-468.0000000000 21.0000000000 -633.2313842773 132.6557769775
-1621.6480712891 336.2164611816 -1584.0079345703 863.2319946289
-1584.0079345703 863.2319946289 -1095.7279052734 846.6901855469
-1519.0216064453 1437.5106201172 -1471.9836425781 1775.2418212891
-1471.9836425781 1775.2418212891 -946.5000000000 1660.3861083984
-946.5000000000 1660.3861083984 -1257.6867675781 2599.6401367188
-1257.6867675781 2599.6401367188 -831.8737792969 2581.2441406250
-1192.4072265625 4179.4179687500 -876.9714965820 4146.8266601562
-876.9714965820 4146.8266601562 -543.3289184570 6231.2778320312
-543.3289184570 6231.2778320312 213.5849151611 6137.2719726562
213.5849151611 6137.2719726562 341.5967712402 6539.0551757812
341.5967712402 6539.0551757812 1024.9586181641 6492.3339843750
792.8775634766 4517.6323242188 879.6743774414 4159.5424804688
705.4465332031 3076.6245117188 853.0166015625 3442.2626953125
853.0166015625 3442.2626953125 782.8101196289 2750.9831542969
782.8101196289 2750.9831542969 879.1617431641 2896.6083984375
879.1617431641 2896.6083984375 1144.7977294922 2854.4738769531
879.7713623047 1996.9987792969 743.3854980469 1615.1954345703
743.3854980469 1615.1954345703 951.2753295898 1604.1879882812
951.2753295898 1604.1879882812 852.3601074219 1333.5194091797
1455.9437255859 1426.9885253906 1353.2667236328 1239.4868164062
5752.0854492188 4048.6538085938 5944.1992187500 4030.4130859375
2058.5424804688 1209.5000000000 2539.0209960938 1428.4023437500
2610.2907714844 1022.9967651367 3657.8657226562 1139.3217773438
3645.4040527344 997.7830810547 3856.9255371094 982.6395263672
3856.9255371094 982.6395263672 3915.7109375000 782.1370849609
1112.8327636719 217.2224426270 836.8035278320 94.2108230591
5823.0087890625 326.1709594727 6093.2856445312 233.7822265625
