14 4
-1654.0000000000 21.0000000000 -1663.3522949219 727.0511474609
-1663.3522949219 727.0511474609 -1133.8825683594 757.3519897461
-1133.8825683594 757.3519897461 -1195.2465820312 2836.8244628906
-1195.2465820312 2836.8244628906 -352.8117370605 2894.4211425781
-352.8117370605 2894.4211425781 -342.7488403320 3282.0373535156
-230.7544097900 3320.9418945312 1014.5297851562 3339.3774414062
1930.0000000000 3363.8581542969 2091.5913085938 3368.2458496094
2439.3088378906 3378.4204101562 3035.1765136719 3391.9050292969
1237.8270263672 1348.4069824219 1408.7672119141 1479.8211669922
3631.1711425781 3407.1218261719 3897.3203125000 3408.8889160156
1730.2014160156 1188.0356445312 1827.0805664062 1033.7673339844
5823.9223632812 3117.6345214844 6044.5883789062 3100.8715820312
3131.0998535156 1286.0465087891 2910.2280273438 1080.2363281250
2910.2280273438 1080.2363281250 3361.9848632812 1113.3751220703
