39 4
-1618.0489501953 134.1450042725 -1279.9497070312 155.5281372070
-1279.9497070312 155.5281372070 -1623.8055419922 220.3782501221
-1634.4846191406 368.4204406738 -1156.3692626953 419.1698608398
-1174.5749511719 568.7132568359 -1654.5991210938 864.0603637695
-1654.5991210938 864.0603637695 -1675.9851074219 1194.5373535156
-1675.9851074219 1194.5373535156 -1275.8198242188 947.9373168945
-1275.8198242188 947.9373168945 -1544.5010986328 1227.6965332031
-1544.5010986328 1227.6965332031 -1199.6750488281 1263.2998046875
-1199.6750488281 1263.2998046875 -1326.7136230469 1602.1157226562
-1326.7136230469 1602.1157226562 -855.3771972656 1629.7304687500
-855.3771972656 1629.7304687500 -899.8619384766 2365.2204589844
-1751.1431884766 4832.2260742188 -1773.0441894531 5170.2939453125
-2062.9975585938 6370.2534179688 -2064.5236816406 7220.8500976562
-2123.0925292969 7944.4897460938 -2111.7363281250 8490.7109375000
-2111.7363281250 8490.7109375000 -1348.9344482422 8537.8369140625
-1348.9344482422 8537.8369140625 -1253.3929443359 8939.3544921875
-1253.3929443359 8939.3544921875 -786.0576171875 9005.6796875000
74.5392303467 4291.3496093750 138.0275115967 3973.5908203125
232.0957489014 2673.8664550781 310.2404785156 2972.7409667969
310.2404785156 2972.7409667969 367.1517028809 2339.1044921875
367.1517028809 2339.1044921875 496.4850158691 2575.1938476562
496.4850158691 2575.1938476562 690.7880249023 2599.0561523438
837.2653198242 2321.3674316406 1229.5460205078 2333.4396972656
1460.1329345703 2451.0693359375 1605.6553955078 2590.5856933594
1605.6553955078 2590.5856933594 1685.6838378906 2257.9780273438
1685.6838378906 2257.9780273438 2050.2160644531 2297.9958496094
2050.2160644531 2297.9958496094 2426.5500488281 2623.1564941406
2426.5500488281 2623.1564941406 2322.9375000000 2426.4724121094
2322.9375000000 2426.4724121094 2414.9299316406 2272.9584960938
2414.9299316406 2272.9584960938 3509.2473144531 2478.2014160156
4978.3706054688 3378.9533691406 5135.7792968750 3230.1911621094
5135.7792968750 3230.1911621094 5071.8588867188 3068.4802246094
5071.8588867188 3068.4802246094 5403.4003906250 3016.1538085938
5403.4003906250 3016.1538085938 5248.2407226562 2811.5390625000
5248.2407226562 2811.5390625000 5297.1352539062 2054.3796386719
5297.1352539062 2054.3796386719 5592.1108398438 2056.3618164062
5592.1108398438 2056.3618164062 5789.0810546875 1901.9864501953
5789.0810546875 1901.9864501953 5723.1386718750 521.7097167969
1953.3193359375 123.3691329956 2308.5927734375 101.6178359985
