28 4
-1641.0000000000 21.0000000000 -1679.3880615234 227.2029266357
-1679.3880615234 227.2029266357 -1418.1231689453 271.0533752441
-1418.1231689453 271.0533752441 -1467.6040039062 1709.2852783203
-1467.6040039062 1709.2852783203 -1741.3116455078 2096.2143554688
-1741.3116455078 2096.2143554688 -1782.6484375000 2873.8337402344
-1782.6484375000 2873.8337402344 -1552.5424804688 2940.9077148438
-1552.5424804688 2940.9077148438 -1526.9772949219 3618.3330078125
-1526.9772949219 3618.3330078125 -967.2067871094 3630.6647949219
-967.2067871094 3630.6647949219 -976.7374877930 4251.7148437500
-1069.7056884766 5053.5693359375 -1034.1848144531 5341.4194335938
-1112.7054443359 10607.6855468750 -0.0000000000 10663.0000000000
132.2543334961 7597.8457031250 1203.6068115234 7620.2739257812
1203.6068115234 7620.2739257812 1320.3981933594 6813.8603515625
1269.5087890625 5993.5693359375 1368.7646484375 3781.6499023438
1368.7646484375 3781.6499023438 1738.6514892578 3749.5502929688
1738.6514892578 3749.5502929688 1772.7246093750 3355.0100097656
1772.7246093750 3355.0100097656 2229.2075195312 3453.6787109375
2229.2075195312 3453.6787109375 2234.1716308594 3096.0734863281
2234.1716308594 3096.0734863281 2496.5139160156 3103.9379882812
2496.5139160156 3103.9379882812 2528.7126464844 2142.8417968750
2528.7126464844 2142.8417968750 2279.3691406250 1866.7967529297
2279.3691406250 1866.7967529297 2333.2094726562 1422.9335937500
2333.2094726562 1422.9335937500 2042.9539794922 1200.5000000000
2042.9539794922 1200.5000000000 2064.8383789062 855.2489013672
2064.8383789062 855.2489013672 2358.1232910156 832.9669799805
2358.1232910156 832.9669799805 2369.4643554688 396.2862854004
2369.4643554688 396.2862854004 2606.3854980469 387.3035888672
2606.3854980469 387.3035888672 2595.0000000000 21.0000000000
