23 4
-648.0000000000 0.0000000000 -2542.0000000000 729.0000000000
-7219.0000000000 2346.0000000000 -6666.0000000000 2295.0000000000
-6666.0000000000 2295.0000000000 -6722.0000000000 2446.0000000000
-6722.0000000000 2446.0000000000 -6228.0000000000 2391.0000000000
-6465.0000000000 2878.0000000000 -6214.0000000000 3031.0000000000
-4467.0000000000 2375.0000000000 -3992.0000000000 2305.0000000000
-3992.0000000000 2305.0000000000 -3748.0000000000 3035.0000000000
-3748.0000000000 3035.0000000000 -3840.0000000000 3457.0000000000
-3840.0000000000 3457.0000000000 -3685.0000000000 3685.0000000000
-3685.0000000000 3685.0000000000 -1512.0000000000 2843.0000000000
-1512.0000000000 2843.0000000000 -1673.0000000000 3282.0000000000
-1673.0000000000 3282.0000000000 -1336.0000000000 3146.0000000000
-562.0000000000 5349.0000000000 -90.0000000000 5158.0000000000
168.0000000000 2397.0000000000 395.0000000000 2238.0000000000
395.0000000000 2238.0000000000 1091.0000000000 2141.0000000000
1091.0000000000 2141.0000000000 1079.0000000000 1870.0000000000
1079.0000000000 1870.0000000000 1233.0000000000 1697.0000000000
1233.0000000000 1697.0000000000 1499.0000000000 1665.0000000000
1499.0000000000 1665.0000000000 1372.0000000000 1279.0000000000
1372.0000000000 1279.0000000000 1001.0000000000 871.0000000000
1001.0000000000 871.0000000000 811.0000000000 328.0000000000
811.0000000000 328.0000000000 652.0000000000 225.0000000000
652.0000000000 225.0000000000 735.0000000000 51.0000000000
