32 4
-1289.0000000000 0.0000000000 -1239.0000000000 263.0000000000
-1239.0000000000 263.0000000000 -1653.0000000000 412.0000000000
-1653.0000000000 412.0000000000 -1625.0000000000 591.0000000000
-1625.0000000000 591.0000000000 -904.0000000000 421.0000000000
-904.0000000000 421.0000000000 -833.0000000000 724.0000000000
-833.0000000000 724.0000000000 -1076.0000000000 1003.0000000000
-1076.0000000000 1003.0000000000 -1011.0000000000 1342.0000000000
-5653.0000000000 8073.0000000000 -5524.0000000000 8189.0000000000
-5524.0000000000 8189.0000000000 -4946.0000000000 7915.0000000000
-3067.0000000000 5104.0000000000 -2882.0000000000 5200.0000000000
-2882.0000000000 5200.0000000000 -2947.0000000000 5784.0000000000
-2295.0000000000 4921.0000000000 -2058.0000000000 4847.0000000000
-1608.0000000000 4190.0000000000 -1198.0000000000 4180.0000000000
-1198.0000000000 4180.0000000000 -1110.0000000000 4809.0000000000
-1110.0000000000 4809.0000000000 -734.0000000000 4635.0000000000
-661.0000000000 4706.0000000000 -394.0000000000 5637.0000000000
-349.0000000000 6654.0000000000 -134.0000000000 7675.0000000000
239.0000000000 4555.0000000000 1017.0000000000 4407.0000000000
1017.0000000000 4407.0000000000 1140.0000000000 4253.0000000000
1140.0000000000 4253.0000000000 1373.0000000000 4225.0000000000
1125.0000000000 3267.0000000000 875.0000000000 2281.0000000000
1709.0000000000 4229.0000000000 1942.0000000000 4165.0000000000
591.0000000000 1067.0000000000 921.0000000000 987.0000000000
921.0000000000 987.0000000000 718.0000000000 744.0000000000
718.0000000000 744.0000000000 976.0000000000 976.0000000000
976.0000000000 976.0000000000 1352.0000000000 878.0000000000
1352.0000000000 878.0000000000 1705.0000000000 1066.0000000000
1705.0000000000 1066.0000000000 1913.0000000000 1017.0000000000
2472.0000000000 900.0000000000 2664.0000000000 866.0000000000
2664.0000000000 866.0000000000 2235.0000000000 557.0000000000
1671.0000000000 235.0000000000 2195.0000000000 269.0000000000
2195.0000000000 269.0000000000 2178.0000000000 76.0000000000
