18 4
-1180.0000000000 0.0000000000 -710.0000000000 87.0000000000
-710.0000000000 87.0000000000 -776.0000000000 448.0000000000
-629.0000000000 491.0000000000 -811.0000000000 705.0000000000
-811.0000000000 705.0000000000 -592.0000000000 572.0000000000
-592.0000000000 572.0000000000 -948.0000000000 1406.0000000000
-2767.0000000000 4261.0000000000 -2847.0000000000 4738.0000000000
-3450.0000000000 6489.0000000000 -3244.0000000000 6367.0000000000
-2820.0000000000 6048.0000000000 -2023.0000000000 6226.0000000000
-1023.0000000000 3346.0000000000 -484.0000000000 3447.0000000000
-373.0000000000 3552.0000000000 -297.0000000000 3390.0000000000
-297.0000000000 3390.0000000000 -226.0000000000 4319.0000000000
-226.0000000000 4319.0000000000 230.0000000000 4393.0000000000
230.0000000000 4393.0000000000 395.0000000000 3754.0000000000
395.0000000000 3754.0000000000 602.0000000000 3800.0000000000
602.0000000000 3800.0000000000 774.0000000000 3641.0000000000
316.0000000000 1370.0000000000 378.0000000000 1039.0000000000
378.0000000000 1039.0000000000 274.0000000000 645.0000000000
384.0000000000 639.0000000000 495.0000000000 0.0000000000
