48 4
-5247.0000000000 0.0000000000 -5229.0000000000 183.0000000000
-5229.0000000000 183.0000000000 -4857.0000000000 255.0000000000
-4857.0000000000 255.0000000000 -4918.0000000000 517.0000000000
-4918.0000000000 517.0000000000 -5577.0000000000 983.0000000000
-4241.0000000000 824.0000000000 -4471.0000000000 950.0000000000
-5681.0000000000 1311.0000000000 -5741.0000000000 1538.0000000000
-5741.0000000000 1538.0000000000 -4993.0000000000 1622.0000000000
-4362.0000000000 1502.0000000000 -4714.0000000000 1716.0000000000
-4714.0000000000 1716.0000000000 -4328.0000000000 1927.0000000000
-4328.0000000000 1927.0000000000 -5173.0000000000 4341.0000000000
-5173.0000000000 4341.0000000000 -4800.0000000000 4476.0000000000
-4800.0000000000 4476.0000000000 -4960.0000000000 4790.0000000000
-5332.0000000000 5332.0000000000 -5121.0000000000 5492.0000000000
-5121.0000000000 5492.0000000000 -5339.0000000000 6142.0000000000
-5265.0000000000 6275.0000000000 -4699.0000000000 6468.0000000000
-2599.0000000000 3853.0000000000 -2463.0000000000 4100.0000000000
-2463.0000000000 4100.0000000000 -1972.0000000000 3871.0000000000
-1972.0000000000 3871.0000000000 -1906.0000000000 4087.0000000000
-1906.0000000000 4087.0000000000 -1441.0000000000 3568.0000000000
-1648.0000000000 4294.0000000000 -1504.0000000000 4368.0000000000
-1349.0000000000 4411.0000000000 -1194.0000000000 4458.0000000000
-1194.0000000000 4458.0000000000 -1069.0000000000 4288.0000000000
-1069.0000000000 4288.0000000000 -1033.0000000000 4473.0000000000
-1033.0000000000 4473.0000000000 -868.0000000000 4084.0000000000
-868.0000000000 4084.0000000000 -851.0000000000 4379.0000000000
-851.0000000000 4379.0000000000 -579.0000000000 4117.0000000000
-579.0000000000 4117.0000000000 -492.0000000000 4681.0000000000
-623.0000000000 7118.0000000000 258.0000000000 7386.0000000000
258.0000000000 7386.0000000000 1146.0000000000 4596.0000000000
1146.0000000000 4596.0000000000 1287.0000000000 4487.0000000000
967.0000000000 2976.0000000000 1541.0000000000 3160.0000000000
1541.0000000000 3160.0000000000 1673.0000000000 2899.0000000000
1622.0000000000 2232.0000000000 2305.0000000000 2651.0000000000
2122.0000000000 2276.0000000000 1786.0000000000 1849.0000000000
2599.0000000000 2599.0000000000 2756.0000000000 2661.0000000000
2256.0000000000 2104.0000000000 2087.0000000000 1879.0000000000
3029.0000000000 2283.0000000000 2822.0000000000 2050.0000000000
2429.0000000000 1403.0000000000 1953.0000000000 1083.0000000000
2257.0000000000 1052.0000000000 3225.0000000000 1369.0000000000
3225.0000000000 1369.0000000000 2783.0000000000 1125.0000000000
2783.0000000000 1125.0000000000 3066.0000000000 1116.0000000000
3066.0000000000 1116.0000000000 3107.0000000000 891.0000000000
3107.0000000000 891.0000000000 2718.0000000000 678.0000000000
2759.0000000000 587.0000000000 3041.0000000000 591.0000000000
3041.0000000000 591.0000000000 3141.0000000000 275.0000000000
3141.0000000000 275.0000000000 2552.0000000000 178.0000000000
3236.0000000000 170.0000000000 2889.0000000000 101.0000000000
2889.0000000000 101.0000000000 3355.0000000000 0.0000000000
