61 4
-9607.0000000000 0.0000000000 -9813.0000000000 514.0000000000
-9235.0000000000 808.0000000000 -7126.0000000000 1645.0000000000
-7126.0000000000 1645.0000000000 -6873.0000000000 1841.0000000000
-5451.0000000000 1563.0000000000 -5406.0000000000 1756.0000000000
-5406.0000000000 1756.0000000000 -5595.0000000000 1926.0000000000
-5595.0000000000 1926.0000000000 -5564.0000000000 2136.0000000000
-5564.0000000000 2136.0000000000 -5378.0000000000 2283.0000000000
-4683.0000000000 2085.0000000000 -4406.0000000000 2054.0000000000
-4406.0000000000 2054.0000000000 -4275.0000000000 2273.0000000000
-4883.0000000000 2819.0000000000 -4177.0000000000 2610.0000000000
-4177.0000000000 2610.0000000000 -4081.0000000000 2752.0000000000
-4081.0000000000 2752.0000000000 -3775.0000000000 2644.0000000000
-3775.0000000000 2644.0000000000 -3633.0000000000 2942.0000000000
-3485.0000000000 3366.0000000000 -3208.0000000000 3563.0000000000
-3208.0000000000 3563.0000000000 -3253.0000000000 3743.0000000000
-3253.0000000000 3743.0000000000 -2768.0000000000 3419.0000000000
-2768.0000000000 3419.0000000000 -2591.0000000000 3439.0000000000
-2772.0000000000 3959.0000000000 -2592.0000000000 3843.0000000000
-2477.0000000000 3965.0000000000 -2386.0000000000 4133.0000000000
-2386.0000000000 4133.0000000000 -2199.0000000000 4137.0000000000
-1644.0000000000 3226.0000000000 -1517.0000000000 3111.0000000000
-1793.0000000000 3845.0000000000 -1438.0000000000 3559.0000000000
-1438.0000000000 3559.0000000000 -1465.0000000000 3816.0000000000
-1335.0000000000 3878.0000000000 -1174.0000000000 3614.0000000000
-1174.0000000000 3614.0000000000 -1199.0000000000 3923.0000000000
-1199.0000000000 3923.0000000000 -1088.0000000000 4059.0000000000
-1088.0000000000 4059.0000000000 -1150.0000000000 4611.0000000000
-1150.0000000000 4611.0000000000 -997.0000000000 4691.0000000000
-313.0000000000 3573.0000000000 -286.0000000000 4092.0000000000
-286.0000000000 4092.0000000000 -64.0000000000 3642.0000000000
63.0000000000 3592.0000000000 201.0000000000 3844.0000000000
337.0000000000 3852.0000000000 435.0000000000 4141.0000000000
435.0000000000 4141.0000000000 452.0000000000 3679.0000000000
452.0000000000 3679.0000000000 563.0000000000 3556.0000000000
563.0000000000 3556.0000000000 741.0000000000 3488.0000000000
741.0000000000 3488.0000000000 1090.0000000000 3801.0000000000
1090.0000000000 3801.0000000000 1209.0000000000 3513.0000000000
1534.0000000000 3615.0000000000 1660.0000000000 3729.0000000000
1660.0000000000 3729.0000000000 1671.0000000000 3426.0000000000
1790.0000000000 3366.0000000000 2210.0000000000 3828.0000000000
2210.0000000000 3828.0000000000 2522.0000000000 3884.0000000000
2522.0000000000 3884.0000000000 2502.0000000000 3320.0000000000
2502.0000000000 3320.0000000000 3036.0000000000 3493.0000000000
3036.0000000000 3493.0000000000 3044.0000000000 3265.0000000000
3044.0000000000 3265.0000000000 3271.0000000000 3271.0000000000
3787.0000000000 3657.0000000000 4029.0000000000 3627.0000000000
4610.0000000000 4007.0000000000 4837.0000000000 4059.0000000000
4203.0000000000 3403.0000000000 4184.0000000000 3040.0000000000
4184.0000000000 3040.0000000000 4411.0000000000 2975.0000000000
4411.0000000000 2975.0000000000 4932.0000000000 3203.0000000000
4932.0000000000 3203.0000000000 4798.0000000000 2883.0000000000
4798.0000000000 2883.0000000000 5165.0000000000 2746.0000000000
5244.0000000000 2558.0000000000 4971.0000000000 2213.0000000000
4971.0000000000 2213.0000000000 5029.0000000000 2032.0000000000
5029.0000000000 2032.0000000000 5348.0000000000 2053.0000000000
5498.0000000000 1893.0000000000 5822.0000000000 1892.0000000000
5792.0000000000 1771.0000000000 6332.0000000000 1816.0000000000
6332.0000000000 1816.0000000000 6192.0000000000 1659.0000000000
6192.0000000000 1659.0000000000 6526.0000000000 1627.0000000000
7577.0000000000 1065.0000000000 7196.0000000000 884.0000000000
7196.0000000000 884.0000000000 7520.0000000000 0.0000000000
