17 4
-590.0000000000 0.0000000000 -718.0000000000 2084.0000000000
-1212.0000000000 3731.0000000000 -1358.0000000000 5881.0000000000
-1423.0000000000 8070.0000000000 -1153.0000000000 8201.0000000000
-1245.0000000000 10136.0000000000 -178.0000000000 10205.0000000000
115.0000000000 6587.0000000000 341.0000000000 6506.0000000000
341.0000000000 6506.0000000000 430.0000000000 6153.0000000000
481.0000000000 5497.0000000000 746.0000000000 2050.0000000000
746.0000000000 2050.0000000000 2301.0000000000 2146.0000000000
2301.0000000000 2146.0000000000 2347.0000000000 1410.0000000000
2347.0000000000 1410.0000000000 3601.0000000000 1603.0000000000
3678.0000000000 1486.0000000000 6244.0000000000 1673.0000000000
11438.0000000000 2852.0000000000 11593.0000000000 1629.0000000000
17289.0000000000 2123.0000000000 17330.0000000000 1516.0000000000
17330.0000000000 1516.0000000000 17027.0000000000 1191.0000000000
17027.0000000000 1191.0000000000 17367.0000000000 910.0000000000
17367.0000000000 910.0000000000 17036.0000000000 595.0000000000
17036.0000000000 595.0000000000 17038.0000000000 297.0000000000
