17 4
-984.0000000000 0.0000000000 -918.0000000000 1218.0000000000
-1865.0000000000 2567.0000000000 -1662.0000000000 2464.0000000000
-1662.0000000000 2464.0000000000 -1604.0000000000 2893.0000000000
-1604.0000000000 2893.0000000000 -1179.0000000000 2313.0000000000
-1179.0000000000 2313.0000000000 231.0000000000 2200.0000000000
387.0000000000 3150.0000000000 662.0000000000 3112.0000000000
643.0000000000 2103.0000000000 624.0000000000 1625.0000000000
1248.0000000000 3089.0000000000 1497.0000000000 3069.0000000000
1762.0000000000 3053.0000000000 1754.0000000000 2807.0000000000
2169.0000000000 2678.0000000000 2578.0000000000 2966.0000000000
2857.0000000000 2232.0000000000 2506.0000000000 1888.0000000000
3044.0000000000 2211.0000000000 3251.0000000000 2193.0000000000
2294.0000000000 1490.0000000000 2556.0000000000 1597.0000000000
2799.0000000000 1365.0000000000 3341.0000000000 1558.0000000000
3315.0000000000 1273.0000000000 3300.0000000000 1009.0000000000
1410.0000000000 223.0000000000 1790.0000000000 220.0000000000
1790.0000000000 220.0000000000 1611.0000000000 169.0000000000
