19 4
-1103.0000000000 0.0000000000 -2124.0000000000 2124.0000000000
-6453.0000000000 6682.0000000000 -6341.0000000000 6800.0000000000
-7369.0000000000 8184.0000000000 -7120.0000000000 8191.0000000000
-3267.0000000000 4665.0000000000 -3106.0000000000 4604.0000000000
-3106.0000000000 4604.0000000000 -2900.0000000000 4826.0000000000
-2900.0000000000 4826.0000000000 -2489.0000000000 4681.0000000000
-1601.0000000000 3143.0000000000 -1420.0000000000 3046.0000000000
-1420.0000000000 3046.0000000000 -892.0000000000 3328.0000000000
-892.0000000000 3328.0000000000 -804.0000000000 3483.0000000000
-889.0000000000 4185.0000000000 -607.0000000000 4320.0000000000
-519.0000000000 4225.0000000000 710.0000000000 1672.0000000000
710.0000000000 1672.0000000000 916.0000000000 2056.0000000000
916.0000000000 2056.0000000000 1010.0000000000 1823.0000000000
2443.0000000000 4231.0000000000 2694.0000000000 3709.0000000000
2838.0000000000 3382.0000000000 2913.0000000000 3235.0000000000
1107.0000000000 1069.0000000000 1478.0000000000 628.0000000000
1478.0000000000 628.0000000000 1609.0000000000 255.0000000000
4799.0000000000 336.0000000000 4765.0000000000 166.0000000000
4765.0000000000 166.0000000000 4186.0000000000 73.0000000000
