14 4
-883.0000000000 0.0000000000 -871.0000000000 233.0000000000
-5744.0000000000 1978.0000000000 -4946.0000000000 1899.0000000000
-4946.0000000000 1899.0000000000 -4823.0000000000 2352.0000000000
-3716.0000000000 1894.0000000000 -3141.0000000000 1887.0000000000
-3141.0000000000 1887.0000000000 -3079.0000000000 2493.0000000000
-3079.0000000000 2493.0000000000 -2904.0000000000 2525.0000000000
-1981.0000000000 1784.0000000000 -1544.0000000000 1840.0000000000
-1544.0000000000 1840.0000000000 -1506.0000000000 2409.0000000000
-1506.0000000000 2409.0000000000 -1203.0000000000 2360.0000000000
-859.0000000000 1761.0000000000 756.0000000000 1622.0000000000
756.0000000000 1622.0000000000 889.0000000000 1480.0000000000
889.0000000000 1480.0000000000 1041.0000000000 1543.0000000000
1041.0000000000 1543.0000000000 712.0000000000 980.0000000000
712.0000000000 980.0000000000 672.0000000000 0.0000000000
