50 4
-3995.0000000000 0.0000000000 -4147.0000000000 72.0000000000
-4320.0000000000 226.0000000000 -3825.0000000000 335.0000000000
-3825.0000000000 335.0000000000 -3871.0000000000 544.0000000000
-3871.0000000000 544.0000000000 -3339.0000000000 529.0000000000
-3870.0000000000 752.0000000000 -3433.0000000000 730.0000000000
-3433.0000000000 730.0000000000 -3877.0000000000 895.0000000000
-3877.0000000000 895.0000000000 -3382.0000000000 970.0000000000
-3382.0000000000 970.0000000000 -3436.0000000000 1183.0000000000
-3436.0000000000 1183.0000000000 -2934.0000000000 1068.0000000000
-2859.0000000000 1155.0000000000 -2735.0000000000 1275.0000000000
-2735.0000000000 1275.0000000000 -2854.0000000000 1454.0000000000
-2925.0000000000 1900.0000000000 -3256.0000000000 2196.0000000000
-3256.0000000000 2196.0000000000 -2489.0000000000 1809.0000000000
-2489.0000000000 1809.0000000000 -2768.0000000000 2163.0000000000
-2768.0000000000 2163.0000000000 -2624.0000000000 2281.0000000000
-2560.0000000000 2388.0000000000 -2277.0000000000 2277.0000000000
-2229.0000000000 2390.0000000000 -2521.0000000000 2900.0000000000
-2521.0000000000 2900.0000000000 -2413.0000000000 3089.0000000000
-2413.0000000000 3089.0000000000 -2194.0000000000 2912.0000000000
-2194.0000000000 2912.0000000000 -1879.0000000000 2893.0000000000
-1879.0000000000 2893.0000000000 -1803.0000000000 3391.0000000000
-1803.0000000000 3391.0000000000 -1629.0000000000 3341.0000000000
-1629.0000000000 3341.0000000000 -1532.0000000000 3610.0000000000
-1700.0000000000 4208.0000000000 -1599.0000000000 4393.0000000000
-1678.0000000000 5165.0000000000 -1706.0000000000 5581.0000000000
-1004.0000000000 4351.0000000000 -830.0000000000 4706.0000000000
-683.0000000000 4858.0000000000 -438.0000000000 5001.0000000000
-438.0000000000 5001.0000000000 -309.0000000000 5903.0000000000
-185.0000000000 5301.0000000000 -85.0000000000 4883.0000000000
-85.0000000000 4883.0000000000 83.0000000000 4769.0000000000
83.0000000000 4769.0000000000 251.0000000000 4790.0000000000
251.0000000000 4790.0000000000 365.0000000000 5214.0000000000
939.0000000000 5928.0000000000 954.0000000000 5408.0000000000
954.0000000000 5408.0000000000 1169.0000000000 5498.0000000000
1169.0000000000 5498.0000000000 1493.0000000000 5987.0000000000
1493.0000000000 5987.0000000000 1487.0000000000 5550.0000000000
1487.0000000000 5550.0000000000 1720.0000000000 5626.0000000000
2016.0000000000 6204.0000000000 2201.0000000000 6391.0000000000
2524.0000000000 6936.0000000000 3728.0000000000 7011.0000000000
3728.0000000000 7011.0000000000 3759.0000000000 6511.0000000000
4925.0000000000 7881.0000000000 5939.0000000000 7882.0000000000
4315.0000000000 5522.0000000000 4398.0000000000 4717.0000000000
5044.0000000000 5223.0000000000 5618.0000000000 5238.0000000000
5618.0000000000 5238.0000000000 5749.0000000000 4998.0000000000
5843.0000000000 4732.0000000000 6724.0000000000 4885.0000000000
7452.0000000000 4839.0000000000 7822.0000000000 4700.0000000000
9167.0000000000 5081.0000000000 9513.0000000000 5058.0000000000
2364.0000000000 1204.0000000000 2366.0000000000 861.0000000000
1518.0000000000 378.0000000000 1503.0000000000 52.0000000000
1503.0000000000 52.0000000000 2031.0000000000 0.0000000000
