31 4
-7177.0000000000 0.0000000000 -7101.0000000000 497.0000000000
-5290.0000000000 463.0000000000 -5337.0000000000 845.0000000000
-5337.0000000000 845.0000000000 -5125.0000000000 1089.0000000000
-5125.0000000000 1089.0000000000 -5568.0000000000 1285.0000000000
-5568.0000000000 1285.0000000000 -5275.0000000000 1315.0000000000
-5275.0000000000 1315.0000000000 -5235.0000000000 1803.0000000000
-5235.0000000000 1803.0000000000 -4895.0000000000 1879.0000000000
-4895.0000000000 1879.0000000000 -5147.0000000000 2079.0000000000
-5147.0000000000 2079.0000000000 -4818.0000000000 2045.0000000000
-4818.0000000000 2045.0000000000 -4649.0000000000 2577.0000000000
-4649.0000000000 2577.0000000000 -4764.0000000000 2751.0000000000
-4764.0000000000 2751.0000000000 -4597.0000000000 2762.0000000000
-4597.0000000000 2762.0000000000 -4622.0000000000 3237.0000000000
-4622.0000000000 3237.0000000000 -4428.0000000000 3336.0000000000
-4428.0000000000 3336.0000000000 -4370.0000000000 3667.0000000000
-5405.0000000000 5405.0000000000 -5046.0000000000 5225.0000000000
-2419.0000000000 3870.0000000000 -2169.0000000000 3610.0000000000
-2169.0000000000 3610.0000000000 -2248.0000000000 4056.0000000000
-1402.0000000000 2752.0000000000 -1498.0000000000 3072.0000000000
-1594.0000000000 3579.0000000000 -1500.0000000000 3713.0000000000
-622.0000000000 1621.0000000000 -411.0000000000 1533.0000000000
-411.0000000000 1533.0000000000 -225.0000000000 1831.0000000000
-79.0000000000 2271.0000000000 -0.0000000000 2557.0000000000
58.0000000000 3305.0000000000 503.0000000000 4786.0000000000
1707.0000000000 10778.0000000000 2073.0000000000 10664.0000000000
2885.0000000000 12495.0000000000 3742.0000000000 12240.0000000000
2812.0000000000 8655.0000000000 2957.0000000000 8587.0000000000
2957.0000000000 8587.0000000000 2958.0000000000 8127.0000000000
535.0000000000 1393.0000000000 2429.0000000000 697.0000000000
2429.0000000000 697.0000000000 2356.0000000000 373.0000000000
2309.0000000000 243.0000000000 2140.0000000000 0.0000000000
