23 4
-801.0000000000 0.0000000000 -711.0000000000 686.0000000000
-9956.0000000000 9956.0000000000 -9821.0000000000 10170.0000000000
-8658.0000000000 9616.0000000000 -8267.0000000000 9510.0000000000
-8267.0000000000 9510.0000000000 -8389.0000000000 9998.0000000000
-7098.0000000000 9420.0000000000 -6947.0000000000 9562.0000000000
-6696.0000000000 9927.0000000000 -6779.0000000000 10438.0000000000
-6779.0000000000 10438.0000000000 -6485.0000000000 10378.0000000000
-4495.0000000000 8454.0000000000 -4176.0000000000 8562.0000000000
-3719.0000000000 8353.0000000000 -3513.0000000000 8276.0000000000
-3513.0000000000 8276.0000000000 -2919.0000000000 7603.0000000000
-2919.0000000000 7603.0000000000 -2617.0000000000 7599.0000000000
-2182.0000000000 7136.0000000000 -1691.0000000000 6783.0000000000
-1691.0000000000 6783.0000000000 -1442.0000000000 6785.0000000000
-1592.0000000000 8193.0000000000 -1496.0000000000 8484.0000000000
-763.0000000000 4816.0000000000 -628.0000000000 5115.0000000000
-450.0000000000 4277.0000000000 -0.0000000000 3402.0000000000
-0.0000000000 3402.0000000000 65.0000000000 3742.0000000000
195.0000000000 3718.0000000000 230.0000000000 3289.0000000000
230.0000000000 3289.0000000000 316.0000000000 3613.0000000000
468.0000000000 3813.0000000000 576.0000000000 3637.0000000000
433.0000000000 2455.0000000000 312.0000000000 907.0000000000
312.0000000000 907.0000000000 1756.0000000000 819.0000000000
1756.0000000000 819.0000000000 1584.0000000000 0.0000000000
