37 4
-1860.0000000000 0.0000000000 -1832.0000000000 356.0000000000
-1832.0000000000 356.0000000000 -1436.0000000000 305.0000000000
-1436.0000000000 305.0000000000 -1817.0000000000 420.0000000000
-1806.0000000000 484.0000000000 -1787.0000000000 651.0000000000
-4600.0000000000 1858.0000000000 -4580.0000000000 2234.0000000000
-4468.0000000000 2376.0000000000 -4457.0000000000 2574.0000000000
-4136.0000000000 2896.0000000000 -3963.0000000000 2879.0000000000
-4717.0000000000 4555.0000000000 -4551.0000000000 4713.0000000000
-3704.0000000000 3972.0000000000 -4015.0000000000 4785.0000000000
-4015.0000000000 4785.0000000000 -3605.0000000000 4452.0000000000
-3605.0000000000 4452.0000000000 -3606.0000000000 4615.0000000000
-3610.0000000000 5156.0000000000 -3504.0000000000 5396.0000000000
-3504.0000000000 5396.0000000000 -3703.0000000000 5925.0000000000
-3703.0000000000 5925.0000000000 -3396.0000000000 5882.0000000000
-3194.0000000000 6549.0000000000 -3017.0000000000 6776.0000000000
-3017.0000000000 6776.0000000000 -3024.0000000000 7124.0000000000
-3024.0000000000 7124.0000000000 -2841.0000000000 7402.0000000000
-2841.0000000000 7402.0000000000 -2864.0000000000 7870.0000000000
-3065.0000000000 8901.0000000000 -2824.0000000000 8691.0000000000
-2824.0000000000 8691.0000000000 -2807.0000000000 9181.0000000000
-2807.0000000000 9181.0000000000 -2663.0000000000 9288.0000000000
-2526.0000000000 10131.0000000000 -2353.0000000000 11070.0000000000
-1968.0000000000 11162.0000000000 -1782.0000000000 11251.0000000000
435.0000000000 12443.0000000000 918.0000000000 13127.0000000000
918.0000000000 13127.0000000000 1117.0000000000 12771.0000000000
1117.0000000000 12771.0000000000 1874.0000000000 13332.0000000000
1874.0000000000 13332.0000000000 2076.0000000000 13110.0000000000
1348.0000000000 7646.0000000000 1624.0000000000 7639.0000000000
1872.0000000000 7506.0000000000 2139.0000000000 7458.0000000000
2139.0000000000 7458.0000000000 2416.0000000000 7903.0000000000
1645.0000000000 5062.0000000000 1961.0000000000 4853.0000000000
1967.0000000000 4417.0000000000 2105.0000000000 4317.0000000000
2105.0000000000 4317.0000000000 1863.0000000000 3504.0000000000
1572.0000000000 2836.0000000000 1529.0000000000 2649.0000000000
2283.0000000000 3800.0000000000 2319.0000000000 3570.0000000000
1729.0000000000 2136.0000000000 1535.0000000000 1829.0000000000
1535.0000000000 1829.0000000000 1417.0000000000 0.0000000000
