21 4
-636.0000000000 0.0000000000 -2597.0000000000 2884.0000000000
-4949.0000000000 5694.0000000000 -4477.0000000000 5529.0000000000
-3859.0000000000 5122.0000000000 -3908.0000000000 5378.0000000000
-3908.0000000000 5378.0000000000 -3334.0000000000 5336.0000000000
-2333.0000000000 4041.0000000000 -2031.0000000000 3820.0000000000
-2031.0000000000 3820.0000000000 -1463.0000000000 4248.0000000000
-1640.0000000000 5048.0000000000 -1397.0000000000 5212.0000000000
-1276.0000000000 5117.0000000000 295.0000000000 2809.0000000000
295.0000000000 2809.0000000000 401.0000000000 3269.0000000000
401.0000000000 3269.0000000000 582.0000000000 2996.0000000000
2090.0000000000 4924.0000000000 2393.0000000000 4500.0000000000
2509.0000000000 4527.0000000000 2552.0000000000 4247.0000000000
2659.0000000000 4095.0000000000 2856.0000000000 3790.0000000000
1281.0000000000 1640.0000000000 1526.0000000000 1193.0000000000
1526.0000000000 1193.0000000000 1735.0000000000 1127.0000000000
1735.0000000000 1127.0000000000 1910.0000000000 733.0000000000
1910.0000000000 733.0000000000 2072.0000000000 754.0000000000
2072.0000000000 754.0000000000 1855.0000000000 603.0000000000
1855.0000000000 603.0000000000 1863.0000000000 295.0000000000
1863.0000000000 295.0000000000 2052.0000000000 252.0000000000
2052.0000000000 252.0000000000 1888.0000000000 0.0000000000
