57 4
-5973.0000000000 523.0000000000 -5411.0000000000 569.0000000000
-6212.0000000000 1095.0000000000 -5990.0000000000 1164.0000000000
-4842.0000000000 1029.0000000000 -4458.0000000000 1029.0000000000
-4770.0000000000 1550.0000000000 -5206.0000000000 1793.0000000000
-4127.0000000000 2288.0000000000 -4006.0000000000 2503.0000000000
-4006.0000000000 2503.0000000000 -3613.0000000000 2723.0000000000
-3307.0000000000 2678.0000000000 -3047.0000000000 2557.0000000000
-3047.0000000000 2557.0000000000 -3043.0000000000 2740.0000000000
-3184.0000000000 3075.0000000000 -2831.0000000000 2831.0000000000
-2725.0000000000 2922.0000000000 -2298.0000000000 2552.0000000000
-2690.0000000000 3094.0000000000 -2356.0000000000 2910.0000000000
-2827.0000000000 3619.0000000000 -2591.0000000000 3566.0000000000
-2591.0000000000 3566.0000000000 -2559.0000000000 3794.0000000000
-2559.0000000000 3794.0000000000 -1966.0000000000 3272.0000000000
-1966.0000000000 3272.0000000000 -2081.0000000000 3604.0000000000
-2081.0000000000 3604.0000000000 -1849.0000000000 3629.0000000000
-1849.0000000000 3629.0000000000 -1863.0000000000 3820.0000000000
-1863.0000000000 3820.0000000000 -1571.0000000000 3369.0000000000
-1571.0000000000 3369.0000000000 -1177.0000000000 3417.0000000000
-1177.0000000000 3417.0000000000 -1212.0000000000 3729.0000000000
-1212.0000000000 3729.0000000000 -1018.0000000000 3329.0000000000
-1018.0000000000 3329.0000000000 -808.0000000000 3241.0000000000
-808.0000000000 3241.0000000000 -635.0000000000 3267.0000000000
-635.0000000000 3267.0000000000 -615.0000000000 3485.0000000000
-537.0000000000 3393.0000000000 -469.0000000000 3821.0000000000
-469.0000000000 3821.0000000000 -242.0000000000 3467.0000000000
-242.0000000000 3467.0000000000 -125.0000000000 3585.0000000000
-0.0000000000 3714.0000000000 68.0000000000 3920.0000000000
68.0000000000 3920.0000000000 247.0000000000 3526.0000000000
378.0000000000 3595.0000000000 599.0000000000 4259.0000000000
599.0000000000 4259.0000000000 770.0000000000 4370.0000000000
770.0000000000 4370.0000000000 1025.0000000000 4110.0000000000
1025.0000000000 4110.0000000000 1020.0000000000 3806.0000000000
1020.0000000000 3806.0000000000 1319.0000000000 4059.0000000000
1319.0000000000 4059.0000000000 1525.0000000000 3973.0000000000
1525.0000000000 3973.0000000000 1723.0000000000 4059.0000000000
2058.0000000000 4623.0000000000 2294.0000000000 4704.0000000000
2689.0000000000 5277.0000000000 2984.0000000000 5613.0000000000
2653.0000000000 4596.0000000000 2589.0000000000 4309.0000000000
2589.0000000000 4309.0000000000 2743.0000000000 4224.0000000000
2743.0000000000 4224.0000000000 3154.0000000000 4505.0000000000
3279.0000000000 4351.0000000000 3627.0000000000 4322.0000000000
3902.0000000000 4333.0000000000 3686.0000000000 3953.0000000000
3686.0000000000 3953.0000000000 3819.0000000000 3688.0000000000
4184.0000000000 3767.0000000000 4406.0000000000 3568.0000000000
4406.0000000000 3568.0000000000 4785.0000000000 3605.0000000000
4785.0000000000 3605.0000000000 4975.0000000000 3483.0000000000
4975.0000000000 3483.0000000000 5329.0000000000 3594.0000000000
5329.0000000000 3594.0000000000 5260.0000000000 3287.0000000000
5260.0000000000 3287.0000000000 5497.0000000000 3174.0000000000
6219.0000000000 3447.0000000000 6733.0000000000 3431.0000000000
6733.0000000000 3431.0000000000 7069.0000000000 3000.0000000000
7069.0000000000 3000.0000000000 7098.0000000000 2725.0000000000
7098.0000000000 2725.0000000000 7631.0000000000 2188.0000000000
9302.0000000000 2492.0000000000 9867.0000000000 1918.0000000000
7100.0000000000 1125.0000000000 6673.0000000000 701.0000000000
6673.0000000000 701.0000000000 7215.0000000000 505.0000000000
