42 4
-11609.0000000000 812.0000000000 -11939.0000000000 1045.0000000000
-7383.0000000000 776.0000000000 -8730.0000000000 1856.0000000000
-8730.0000000000 1856.0000000000 -8799.0000000000 2031.0000000000
-8799.0000000000 2031.0000000000 -8707.0000000000 2171.0000000000
-7523.0000000000 2300.0000000000 -6930.0000000000 3086.0000000000
-6613.0000000000 3516.0000000000 -6461.0000000000 3730.0000000000
-3772.0000000000 2266.0000000000 -3624.0000000000 2538.0000000000
-3624.0000000000 2731.0000000000 -3109.0000000000 2429.0000000000
-3541.0000000000 2868.0000000000 -3218.0000000000 3333.0000000000
-2997.0000000000 3448.0000000000 -3100.0000000000 3694.0000000000
-7935.0000000000 11333.0000000000 -7626.0000000000 11743.0000000000
-8840.0000000000 14147.0000000000 -8655.0000000000 14405.0000000000
-8655.0000000000 14405.0000000000 -7712.0000000000 13913.0000000000
-7712.0000000000 13913.0000000000 -6320.0000000000 12958.0000000000
-5338.0000000000 11448.0000000000 -4989.0000000000 11753.0000000000
-4077.0000000000 10621.0000000000 -3822.0000000000 10502.0000000000
-3262.0000000000 10040.0000000000 -2845.0000000000 9921.0000000000
-2845.0000000000 9921.0000000000 -2676.0000000000 9989.0000000000
-2345.0000000000 10158.0000000000 -2171.0000000000 10214.0000000000
-2171.0000000000 10214.0000000000 -2076.0000000000 10682.0000000000
-830.0000000000 7900.0000000000 -552.0000000000 7890.0000000000
120.0000000000 6891.0000000000 224.0000000000 6422.0000000000
224.0000000000 6422.0000000000 560.0000000000 6407.0000000000
560.0000000000 6407.0000000000 612.0000000000 5823.0000000000
612.0000000000 5823.0000000000 791.0000000000 5630.0000000000
791.0000000000 5630.0000000000 846.0000000000 5342.0000000000
846.0000000000 5342.0000000000 1090.0000000000 5126.0000000000
929.0000000000 3038.0000000000 1093.0000000000 2848.0000000000
1093.0000000000 2848.0000000000 1070.0000000000 2647.0000000000
1070.0000000000 2647.0000000000 1337.0000000000 2867.0000000000
1337.0000000000 2867.0000000000 1296.0000000000 2658.0000000000
2342.0000000000 3748.0000000000 2192.0000000000 3375.0000000000
1245.0000000000 1593.0000000000 1689.0000000000 1943.0000000000
1825.0000000000 1957.0000000000 1485.0000000000 1538.0000000000
1485.0000000000 1538.0000000000 1908.0000000000 1908.0000000000
1908.0000000000 1908.0000000000 1822.0000000000 1641.0000000000
1822.0000000000 1641.0000000000 2148.0000000000 1867.0000000000
2148.0000000000 1867.0000000000 1727.0000000000 1449.0000000000
2662.0000000000 2155.0000000000 2578.0000000000 1739.0000000000
2541.0000000000 1588.0000000000 2397.0000000000 1329.0000000000
2397.0000000000 1329.0000000000 2562.0000000000 1362.0000000000
1214.0000000000 618.0000000000 792.0000000000 0.0000000000
