48 4
-2185.0000000000 0.0000000000 -1849.0000000000 194.0000000000
-1849.0000000000 194.0000000000 -2085.0000000000 759.0000000000
-2085.0000000000 759.0000000000 -2663.0000000000 1130.0000000000
-2663.0000000000 1130.0000000000 -2279.0000000000 1015.0000000000
-2279.0000000000 1015.0000000000 -2025.0000000000 1217.0000000000
-2025.0000000000 1217.0000000000 -1592.0000000000 995.0000000000
-2081.0000000000 1351.0000000000 -1698.0000000000 1189.0000000000
-1698.0000000000 1189.0000000000 -1470.0000000000 1371.0000000000
-1470.0000000000 1371.0000000000 -1575.0000000000 1575.0000000000
-3300.0000000000 3417.0000000000 -3378.0000000000 3622.0000000000
-5370.0000000000 6177.0000000000 -5075.0000000000 6048.0000000000
-6303.0000000000 8676.0000000000 -5963.0000000000 8841.0000000000
-6774.0000000000 10431.0000000000 -6627.0000000000 10605.0000000000
-6627.0000000000 10605.0000000000 -6022.0000000000 10865.0000000000
-5490.0000000000 10325.0000000000 -4976.0000000000 10672.0000000000
-3708.0000000000 8737.0000000000 -3473.0000000000 8596.0000000000
-3152.0000000000 8660.0000000000 -2864.0000000000 8815.0000000000
-2540.0000000000 8309.0000000000 -2425.0000000000 8455.0000000000
-2207.0000000000 9560.0000000000 -1867.0000000000 9607.0000000000
-2159.0000000000 12245.0000000000 -1543.0000000000 12570.0000000000
-1262.0000000000 12011.0000000000 -176.0000000000 10105.0000000000
-0.0000000000 8358.0000000000 444.0000000000 8481.0000000000
525.0000000000 7506.0000000000 734.0000000000 6984.0000000000
734.0000000000 6984.0000000000 958.0000000000 6815.0000000000
958.0000000000 6815.0000000000 1150.0000000000 7259.0000000000
1109.0000000000 6289.0000000000 1293.0000000000 6081.0000000000
1293.0000000000 6081.0000000000 1319.0000000000 5714.0000000000
1319.0000000000 5714.0000000000 1598.0000000000 5573.0000000000
1598.0000000000 5573.0000000000 1617.0000000000 4695.0000000000
1617.0000000000 4695.0000000000 2008.0000000000 5232.0000000000
2103.0000000000 4510.0000000000 2011.0000000000 4124.0000000000
2011.0000000000 4124.0000000000 2347.0000000000 4415.0000000000
2407.0000000000 4342.0000000000 2755.0000000000 4772.0000000000
2755.0000000000 4772.0000000000 2735.0000000000 4552.0000000000
2735.0000000000 4552.0000000000 2926.0000000000 4338.0000000000
2926.0000000000 4338.0000000000 3192.0000000000 4559.0000000000
3418.0000000000 4536.0000000000 3569.0000000000 4407.0000000000
2885.0000000000 3439.0000000000 3337.0000000000 3706.0000000000
3337.0000000000 3706.0000000000 3277.0000000000 3393.0000000000
3417.0000000000 3077.0000000000 3197.0000000000 2779.0000000000
4041.0000000000 2149.0000000000 3949.0000000000 1926.0000000000
3437.0000000000 1603.0000000000 3989.0000000000 1776.0000000000
3989.0000000000 1776.0000000000 4092.0000000000 1173.0000000000
2990.0000000000 801.0000000000 2638.0000000000 658.0000000000
4185.0000000000 813.0000000000 4147.0000000000 657.0000000000
3133.0000000000 440.0000000000 2790.0000000000 293.0000000000
2790.0000000000 293.0000000000 3263.0000000000 285.0000000000
4305.0000000000 226.0000000000 4203.0000000000 0.0000000000
