32 4
-1613.0000000000 0.0000000000 -1607.0000000000 197.0000000000
-673.0000000000 95.0000000000 -1617.0000000000 285.0000000000
-1617.0000000000 285.0000000000 -1632.0000000000 530.0000000000
-526.0000000000 181.0000000000 -700.0000000000 283.0000000000
-1280.0000000000 543.0000000000 -579.0000000000 295.0000000000
-579.0000000000 295.0000000000 -999.0000000000 554.0000000000
-999.0000000000 554.0000000000 -1090.0000000000 792.0000000000
-1090.0000000000 792.0000000000 -932.0000000000 839.0000000000
-1628.0000000000 1628.0000000000 -1674.0000000000 1995.0000000000
-896.0000000000 1106.0000000000 -615.0000000000 1260.0000000000
-1534.0000000000 3290.0000000000 -1334.0000000000 3301.0000000000
-991.0000000000 2582.0000000000 -756.0000000000 2077.0000000000
-756.0000000000 2077.0000000000 -561.0000000000 2249.0000000000
-647.0000000000 3046.0000000000 -517.0000000000 3265.0000000000
-640.0000000000 4557.0000000000 322.0000000000 4601.0000000000
322.0000000000 4601.0000000000 489.0000000000 3982.0000000000
345.0000000000 2456.0000000000 536.0000000000 3042.0000000000
536.0000000000 3042.0000000000 526.0000000000 2708.0000000000
526.0000000000 2708.0000000000 721.0000000000 3123.0000000000
721.0000000000 3123.0000000000 817.0000000000 2672.0000000000
817.0000000000 2672.0000000000 1064.0000000000 2771.0000000000
902.0000000000 2025.0000000000 840.0000000000 1801.0000000000
919.0000000000 1803.0000000000 779.0000000000 1406.0000000000
864.0000000000 1497.0000000000 865.0000000000 1148.0000000000
991.0000000000 1140.0000000000 863.0000000000 894.0000000000
863.0000000000 894.0000000000 1573.0000000000 1021.0000000000
1573.0000000000 1021.0000000000 1600.0000000000 712.0000000000
1600.0000000000 712.0000000000 1611.0000000000 402.0000000000
1611.0000000000 402.0000000000 1009.0000000000 215.0000000000
1009.0000000000 215.0000000000 1234.0000000000 240.0000000000
1234.0000000000 240.0000000000 1042.0000000000 184.0000000000
1042.0000000000 184.0000000000 1045.0000000000 18.0000000000
