27 4
-2532.0000000000 88.0000000000 -2735.0000000000 336.0000000000
-2583.0000000000 409.0000000000 -1860.0000000000 604.0000000000
-1860.0000000000 604.0000000000 -2265.0000000000 1969.0000000000
-4526.0000000000 4075.0000000000 -4577.0000000000 4268.0000000000
-2391.0000000000 2476.0000000000 -2387.0000000000 2651.0000000000
-2387.0000000000 2651.0000000000 -2744.0000000000 3388.0000000000
-11578.0000000000 15364.0000000000 -10904.0000000000 15573.0000000000
-5757.0000000000 9972.0000000000 -5325.0000000000 10015.0000000000
-5325.0000000000 10015.0000000000 -4040.0000000000 10524.0000000000
-1338.0000000000 3675.0000000000 -1141.0000000000 3731.0000000000
-1141.0000000000 3731.0000000000 -932.0000000000 3250.0000000000
-932.0000000000 3250.0000000000 -651.0000000000 3347.0000000000
-651.0000000000 3347.0000000000 -520.0000000000 3702.0000000000
-520.0000000000 3702.0000000000 -402.0000000000 3274.0000000000
-402.0000000000 3274.0000000000 -58.0000000000 3339.0000000000
-58.0000000000 3339.0000000000 -0.0000000000 3858.0000000000
-0.0000000000 3858.0000000000 120.0000000000 3423.0000000000
120.0000000000 3423.0000000000 505.0000000000 3594.0000000000
660.0000000000 3742.0000000000 845.0000000000 3661.0000000000
845.0000000000 3661.0000000000 1085.0000000000 3783.0000000000
4429.0000000000 8693.0000000000 5124.0000000000 7890.0000000000
13533.0000000000 17959.0000000000 13955.0000000000 17862.0000000000
5655.0000000000 6739.0000000000 5741.0000000000 5945.0000000000
3941.0000000000 3805.0000000000 4507.0000000000 3918.0000000000
4507.0000000000 3918.0000000000 4809.0000000000 2777.0000000000
4809.0000000000 2777.0000000000 4356.0000000000 2415.0000000000
409.0000000000 208.0000000000 479.0000000000 42.0000000000
