30 4
-619.0000000000 11.0000000000 -648.0000000000 174.0000000000
-648.0000000000 174.0000000000 -1277.0000000000 390.0000000000
-1277.0000000000 390.0000000000 -577.0000000000 210.0000000000
-577.0000000000 210.0000000000 -1127.0000000000 455.0000000000
-1127.0000000000 455.0000000000 -1283.0000000000 626.0000000000
-1825.0000000000 1097.0000000000 -1589.0000000000 1198.0000000000
-1589.0000000000 1198.0000000000 -1037.0000000000 933.0000000000
-1037.0000000000 933.0000000000 -1482.0000000000 1535.0000000000
-1635.0000000000 1816.0000000000 -1485.0000000000 1708.0000000000
-1485.0000000000 1708.0000000000 -1410.0000000000 1871.0000000000
-2038.0000000000 3530.0000000000 -1953.0000000000 3672.0000000000
-2599.0000000000 5100.0000000000 -1568.0000000000 5469.0000000000
-980.0000000000 3659.0000000000 -852.0000000000 3415.0000000000
-725.0000000000 3411.0000000000 -694.0000000000 3933.0000000000
-608.0000000000 3838.0000000000 -490.0000000000 3989.0000000000
-342.0000000000 3253.0000000000 -197.0000000000 2824.0000000000
-197.0000000000 2824.0000000000 -160.0000000000 3053.0000000000
-160.0000000000 3053.0000000000 116.0000000000 2221.0000000000
116.0000000000 2221.0000000000 434.0000000000 2461.0000000000
525.0000000000 1617.0000000000 345.0000000000 598.0000000000
345.0000000000 598.0000000000 1204.0000000000 1541.0000000000
777.0000000000 834.0000000000 943.0000000000 764.0000000000
943.0000000000 764.0000000000 861.0000000000 580.0000000000
861.0000000000 580.0000000000 1305.0000000000 847.0000000000
1305.0000000000 847.0000000000 1670.0000000000 888.0000000000
1670.0000000000 888.0000000000 1779.0000000000 613.0000000000
1779.0000000000 613.0000000000 1280.0000000000 416.0000000000
1280.0000000000 416.0000000000 1821.0000000000 522.0000000000
1821.0000000000 522.0000000000 641.0000000000 136.0000000000
641.0000000000 136.0000000000 765.0000000000 0.0000000000
