12 4
-1208.0000000000 0.0000000000 -1234.0000000000 3214.0000000000
-1242.0000000000 3606.0000000000 -1238.0000000000 3811.0000000000
-1576.0000000000 5155.0000000000 -1361.0000000000 4745.0000000000
-1361.0000000000 4745.0000000000 -489.0000000000 4654.0000000000
-489.0000000000 4654.0000000000 -326.0000000000 4667.0000000000
-326.0000000000 4667.0000000000 -253.0000000000 4823.0000000000
-253.0000000000 4823.0000000000 1955.0000000000 4838.0000000000
1955.0000000000 4838.0000000000 2215.0000000000 5217.0000000000
2215.0000000000 5217.0000000000 2777.0000000000 5223.0000000000
1849.0000000000 3336.0000000000 1857.0000000000 3091.0000000000
1123.0000000000 1798.0000000000 1262.0000000000 588.0000000000
1153.0000000000 490.0000000000 1161.0000000000 0.0000000000
