14 4
-889.0000000000 0.0000000000 -804.0000000000 277.0000000000
-5070.0000000000 1845.0000000000 -4666.0000000000 1791.0000000000
-2015.0000000000 897.0000000000 -2491.0000000000 1162.0000000000
-5379.0000000000 2982.0000000000 -4537.0000000000 2726.0000000000
-4391.0000000000 2744.0000000000 -4280.0000000000 3109.0000000000
-3245.0000000000 2445.0000000000 -2735.0000000000 2295.0000000000
-2735.0000000000 2295.0000000000 -2486.0000000000 2963.0000000000
-1567.0000000000 2079.0000000000 -1182.0000000000 1967.0000000000
-1182.0000000000 1967.0000000000 -1010.0000000000 2499.0000000000
-1010.0000000000 2499.0000000000 -745.0000000000 2437.0000000000
-508.0000000000 1772.0000000000 1113.0000000000 1281.0000000000
1177.0000000000 1136.0000000000 938.0000000000 875.0000000000
938.0000000000 875.0000000000 1382.0000000000 1119.0000000000
880.0000000000 688.0000000000 723.0000000000 0.0000000000
