22 4
-10479.0000000000 1473.0000000000 -10536.0000000000 1669.0000000000
-12909.0000000000 6020.0000000000 -12785.0000000000 6236.0000000000
-12895.0000000000 6856.0000000000 -13229.0000000000 7333.0000000000
-13229.0000000000 7333.0000000000 -12793.0000000000 7386.0000000000
-7798.0000000000 5064.0000000000 -7718.0000000000 5206.0000000000
-7718.0000000000 5206.0000000000 -7823.0000000000 5478.0000000000
-7823.0000000000 5478.0000000000 -7435.0000000000 5603.0000000000
-7435.0000000000 5603.0000000000 -7377.0000000000 5764.0000000000
-7377.0000000000 5764.0000000000 -7677.0000000000 6216.0000000000
-5716.0000000000 5330.0000000000 -5597.0000000000 5597.0000000000
-4517.0000000000 4678.0000000000 -4343.0000000000 4823.0000000000
-3672.0000000000 4224.0000000000 -3513.0000000000 4187.0000000000
-2868.0000000000 3542.0000000000 -2622.0000000000 3744.0000000000
-2622.0000000000 3744.0000000000 -2738.0000000000 4060.0000000000
-2167.0000000000 3469.0000000000 45.0000000000 2594.0000000000
45.0000000000 2594.0000000000 111.0000000000 2117.0000000000
111.0000000000 2117.0000000000 291.0000000000 2073.0000000000
618.0000000000 3900.0000000000 1675.0000000000 3435.0000000000
1420.0000000000 2787.0000000000 1046.0000000000 1813.0000000000
1046.0000000000 1813.0000000000 1416.0000000000 1572.0000000000
677.0000000000 726.0000000000 420.0000000000 113.0000000000
420.0000000000 113.0000000000 666.0000000000 0.0000000000
