35 4
-3842.0000000000 0.0000000000 -3663.0000000000 192.0000000000
-3611.0000000000 637.0000000000 -3096.0000000000 602.0000000000
-3096.0000000000 602.0000000000 -3589.0000000000 763.0000000000
-3585.0000000000 894.0000000000 -3560.0000000000 1088.0000000000
-3560.0000000000 1088.0000000000 -3020.0000000000 981.0000000000
-3020.0000000000 981.0000000000 -3523.0000000000 1282.0000000000
-3514.0000000000 1492.0000000000 -3262.0000000000 1452.0000000000
-3015.0000000000 2111.0000000000 -3387.0000000000 2461.0000000000
-3416.0000000000 2766.0000000000 -3060.0000000000 2660.0000000000
-2910.0000000000 2910.0000000000 -2606.0000000000 3458.0000000000
-2606.0000000000 3458.0000000000 -2726.0000000000 3752.0000000000
-2726.0000000000 3752.0000000000 -2420.0000000000 3588.0000000000
-1903.0000000000 4274.0000000000 -1748.0000000000 4118.0000000000
-1554.0000000000 4049.0000000000 -1305.0000000000 3587.0000000000
-1278.0000000000 4179.0000000000 -1111.0000000000 4145.0000000000
-752.0000000000 3258.0000000000 -512.0000000000 3234.0000000000
-512.0000000000 3234.0000000000 -415.0000000000 3381.0000000000
-415.0000000000 3381.0000000000 -334.0000000000 3179.0000000000
-334.0000000000 3179.0000000000 -247.0000000000 3536.0000000000
-0.0000000000 4448.0000000000 139.0000000000 3993.0000000000
139.0000000000 3993.0000000000 324.0000000000 4629.0000000000
780.0000000000 5553.0000000000 819.0000000000 4642.0000000000
1126.0000000000 5299.0000000000 1174.0000000000 5086.0000000000
1174.0000000000 5086.0000000000 2919.0000000000 5489.0000000000
3939.0000000000 7106.0000000000 4701.0000000000 7239.0000000000
3557.0000000000 4552.0000000000 3721.0000000000 3854.0000000000
3721.0000000000 3854.0000000000 4307.0000000000 4159.0000000000
4307.0000000000 4159.0000000000 4531.0000000000 4080.0000000000
4531.0000000000 4080.0000000000 4823.0000000000 4193.0000000000
4823.0000000000 4193.0000000000 5507.0000000000 4150.0000000000
5507.0000000000 4150.0000000000 7083.0000000000 4426.0000000000
8430.0000000000 5065.0000000000 8836.0000000000 5102.0000000000
9584.0000000000 3114.0000000000 9643.0000000000 2765.0000000000
2588.0000000000 181.0000000000 2965.0000000000 155.0000000000
2965.0000000000 155.0000000000 2375.0000000000 0.0000000000
