32 4
-3841.0000000000 336.0000000000 -3946.0000000000 485.0000000000
-2613.0000000000 367.0000000000 -3187.0000000000 505.0000000000
-3713.0000000000 722.0000000000 -3801.0000000000 878.0000000000
-3469.0000000000 1061.0000000000 -3904.0000000000 1269.0000000000
-3904.0000000000 1269.0000000000 -3023.0000000000 1100.0000000000
-3023.0000000000 1100.0000000000 -3538.0000000000 1358.0000000000
-3538.0000000000 1358.0000000000 -3468.0000000000 1617.0000000000
-3424.0000000000 1745.0000000000 -3173.0000000000 2479.0000000000
-3091.0000000000 2594.0000000000 -2725.0000000000 2369.0000000000
-1825.0000000000 1762.0000000000 -2207.0000000000 2207.0000000000
-2682.0000000000 3433.0000000000 -2866.0000000000 3804.0000000000
-2543.0000000000 3631.0000000000 -1877.0000000000 2890.0000000000
-2387.0000000000 3820.0000000000 -2073.0000000000 3449.0000000000
-2073.0000000000 3449.0000000000 -2278.0000000000 3946.0000000000
-2278.0000000000 3946.0000000000 -1938.0000000000 4352.0000000000
-1938.0000000000 4352.0000000000 -2004.0000000000 4720.0000000000
-1208.0000000000 5232.0000000000 -899.0000000000 4627.0000000000
-222.0000000000 4242.0000000000 -132.0000000000 3784.0000000000
99.0000000000 5680.0000000000 405.0000000000 5796.0000000000
539.0000000000 5126.0000000000 579.0000000000 4715.0000000000
844.0000000000 6008.0000000000 1060.0000000000 6014.0000000000
1111.0000000000 5227.0000000000 1147.0000000000 4967.0000000000
2031.0000000000 5580.0000000000 2050.0000000000 5341.0000000000
2050.0000000000 5341.0000000000 2343.0000000000 5262.0000000000
2343.0000000000 5262.0000000000 3918.0000000000 5393.0000000000
5124.0000000000 6800.0000000000 5912.0000000000 6801.0000000000
4296.0000000000 4448.0000000000 4328.0000000000 3632.0000000000
4328.0000000000 3632.0000000000 6052.0000000000 3637.0000000000
6528.0000000000 3619.0000000000 7776.0000000000 3626.0000000000
8989.0000000000 3450.0000000000 8969.0000000000 3265.0000000000
2524.0000000000 221.0000000000 2112.0000000000 148.0000000000
2112.0000000000 148.0000000000 2432.0000000000 127.0000000000
