56 4
-1162.0000000000 0.0000000000 -1489.0000000000 26.0000000000
-9225.0000000000 970.0000000000 -9123.0000000000 1773.0000000000
-8421.0000000000 1790.0000000000 -8405.0000000000 2252.0000000000
-8405.0000000000 2252.0000000000 -8533.0000000000 2447.0000000000
-9101.0000000000 2783.0000000000 -9083.0000000000 3306.0000000000
-6807.0000000000 2613.0000000000 -6088.0000000000 2584.0000000000
-6088.0000000000 2584.0000000000 -6307.0000000000 2808.0000000000
-6307.0000000000 2808.0000000000 -6115.0000000000 3116.0000000000
-6115.0000000000 3116.0000000000 -5786.0000000000 3207.0000000000
-5786.0000000000 3207.0000000000 -5894.0000000000 3403.0000000000
-5894.0000000000 3403.0000000000 -5233.0000000000 3530.0000000000
-5233.0000000000 3530.0000000000 -5464.0000000000 3970.0000000000
-5464.0000000000 3970.0000000000 -4960.0000000000 3737.0000000000
-7562.0000000000 6345.0000000000 -5465.0000000000 6287.0000000000
-5356.0000000000 6383.0000000000 -4799.0000000000 6369.0000000000
-4038.0000000000 5558.0000000000 -3975.0000000000 5893.0000000000
-3975.0000000000 5893.0000000000 -3607.0000000000 5773.0000000000
-3607.0000000000 5773.0000000000 -3726.0000000000 6202.0000000000
-3623.0000000000 6276.0000000000 -3628.0000000000 6546.0000000000
-2979.0000000000 5603.0000000000 -2643.0000000000 5668.0000000000
-2643.0000000000 5668.0000000000 -2352.0000000000 5541.0000000000
-2352.0000000000 5541.0000000000 -2169.0000000000 5650.0000000000
-2169.0000000000 5650.0000000000 -2180.0000000000 5989.0000000000
-2180.0000000000 5989.0000000000 -2037.0000000000 5915.0000000000
-1695.0000000000 5544.0000000000 -1388.0000000000 5569.0000000000
-1388.0000000000 5569.0000000000 -1336.0000000000 6288.0000000000
-1059.0000000000 5447.0000000000 -752.0000000000 5347.0000000000
-752.0000000000 5347.0000000000 -512.0000000000 5853.0000000000
-512.0000000000 5853.0000000000 -372.0000000000 5316.0000000000
-372.0000000000 5316.0000000000 -179.0000000000 5135.0000000000
-179.0000000000 5135.0000000000 -0.0000000000 5120.0000000000
-0.0000000000 5120.0000000000 196.0000000000 5621.0000000000
196.0000000000 5621.0000000000 269.0000000000 5129.0000000000
269.0000000000 5129.0000000000 522.0000000000 4966.0000000000
522.0000000000 4966.0000000000 736.0000000000 5240.0000000000
736.0000000000 5240.0000000000 1069.0000000000 5032.0000000000
1069.0000000000 5032.0000000000 1229.0000000000 5322.0000000000
1581.0000000000 5900.0000000000 1524.0000000000 5315.0000000000
1524.0000000000 5315.0000000000 1642.0000000000 5053.0000000000
1642.0000000000 5053.0000000000 1850.0000000000 5083.0000000000
1850.0000000000 5083.0000000000 2084.0000000000 5430.0000000000
2298.0000000000 5162.0000000000 2492.0000000000 4891.0000000000
2747.0000000000 4956.0000000000 2935.0000000000 4696.0000000000
3059.0000000000 4710.0000000000 3416.0000000000 5065.0000000000
3416.0000000000 5065.0000000000 3296.0000000000 4374.0000000000
3296.0000000000 4374.0000000000 3547.0000000000 4380.0000000000
3547.0000000000 4380.0000000000 3984.0000000000 4748.0000000000
4014.0000000000 4617.0000000000 4278.0000000000 4751.0000000000
4278.0000000000 4751.0000000000 4237.0000000000 4544.0000000000
4335.0000000000 4489.0000000000 4043.0000000000 4043.0000000000
4043.0000000000 4043.0000000000 4258.0000000000 3971.0000000000
4258.0000000000 3971.0000000000 4503.0000000000 4054.0000000000
4503.0000000000 4054.0000000000 4514.0000000000 3788.0000000000
1082.0000000000 845.0000000000 1115.0000000000 473.0000000000
1115.0000000000 473.0000000000 1609.0000000000 523.0000000000
996.0000000000 305.0000000000 944.0000000000 0.0000000000
