39 4
-6665.0000000000 0.0000000000 -6433.0000000000 225.0000000000
-6433.0000000000 225.0000000000 -6659.0000000000 466.0000000000
-7082.0000000000 870.0000000000 -6907.0000000000 971.0000000000
-6907.0000000000 971.0000000000 -7081.0000000000 1121.0000000000
-7081.0000000000 1121.0000000000 -7047.0000000000 1370.0000000000
-7047.0000000000 1370.0000000000 -7302.0000000000 1686.0000000000
-7302.0000000000 1686.0000000000 -6834.0000000000 1704.0000000000
-6834.0000000000 1704.0000000000 -6945.0000000000 1991.0000000000
-1543.0000000000 472.0000000000 -1431.0000000000 826.0000000000
-8473.0000000000 5091.0000000000 -8440.0000000000 5274.0000000000
-1561.0000000000 1053.0000000000 -1294.0000000000 1011.0000000000
-1294.0000000000 1011.0000000000 -1194.0000000000 1326.0000000000
-1194.0000000000 1326.0000000000 -1558.0000000000 1792.0000000000
-1521.0000000000 1947.0000000000 -1144.0000000000 1518.0000000000
-1144.0000000000 1518.0000000000 -862.0000000000 1494.0000000000
-862.0000000000 1494.0000000000 -792.0000000000 1779.0000000000
-792.0000000000 1779.0000000000 -956.0000000000 2367.0000000000
-2224.0000000000 6845.0000000000 -2017.0000000000 7033.0000000000
-1320.0000000000 5296.0000000000 -1196.0000000000 5179.0000000000
-1196.0000000000 5179.0000000000 -1045.0000000000 5375.0000000000
-911.0000000000 5751.0000000000 -598.0000000000 5694.0000000000
-598.0000000000 5694.0000000000 -338.0000000000 6450.0000000000
-263.0000000000 7525.0000000000 -141.0000000000 8063.0000000000
391.0000000000 5587.0000000000 1152.0000000000 5422.0000000000
1152.0000000000 5422.0000000000 1408.0000000000 5256.0000000000
718.0000000000 2084.0000000000 606.0000000000 1666.0000000000
606.0000000000 1666.0000000000 831.0000000000 2056.0000000000
831.0000000000 2056.0000000000 670.0000000000 1579.0000000000
670.0000000000 1579.0000000000 906.0000000000 2035.0000000000
906.0000000000 2035.0000000000 1258.0000000000 1936.0000000000
1645.0000000000 2183.0000000000 1862.0000000000 2068.0000000000
979.0000000000 1014.0000000000 878.0000000000 878.0000000000
2275.0000000000 1653.0000000000 2202.0000000000 1074.0000000000
2461.0000000000 1044.0000000000 2061.0000000000 791.0000000000
4517.0000000000 1468.0000000000 4688.0000000000 1433.0000000000
4824.0000000000 1293.0000000000 4792.0000000000 1106.0000000000
4519.0000000000 878.0000000000 4493.0000000000 712.0000000000
4453.0000000000 547.0000000000 4275.0000000000 224.0000000000
4275.0000000000 224.0000000000 4319.0000000000 0.0000000000
