28 4
-841.0000000000 0.0000000000 -859.0000000000 214.0000000000
-859.0000000000 214.0000000000 -1597.0000000000 458.0000000000
-1597.0000000000 458.0000000000 -1610.0000000000 856.0000000000
-1610.0000000000 856.0000000000 -1867.0000000000 1035.0000000000
-1867.0000000000 1035.0000000000 -1951.0000000000 2020.0000000000
-1951.0000000000 2020.0000000000 -1691.0000000000 2088.0000000000
-1691.0000000000 2088.0000000000 -1798.0000000000 3528.0000000000
-2175.0000000000 4459.0000000000 -2124.0000000000 4771.0000000000
-2124.0000000000 4771.0000000000 -1934.0000000000 4786.0000000000
-1934.0000000000 4786.0000000000 -1974.0000000000 5424.0000000000
-1974.0000000000 5424.0000000000 -1368.0000000000 5486.0000000000
-1368.0000000000 5486.0000000000 -1384.0000000000 5996.0000000000
-1959.0000000000 12370.0000000000 -1083.0000000000 12379.0000000000
-1083.0000000000 12379.0000000000 -878.0000000000 12557.0000000000
-878.0000000000 12557.0000000000 665.0000000000 12691.0000000000
666.0000000000 9529.0000000000 799.0000000000 9129.0000000000
868.0000000000 7070.0000000000 1004.0000000000 5691.0000000000
1004.0000000000 5691.0000000000 1759.0000000000 5754.0000000000
1759.0000000000 5754.0000000000 1849.0000000000 5079.0000000000
1849.0000000000 5079.0000000000 2061.0000000000 5101.0000000000
2123.0000000000 5001.0000000000 2157.0000000000 4422.0000000000
1946.0000000000 3819.0000000000 2072.0000000000 2383.0000000000
2072.0000000000 2383.0000000000 2323.0000000000 2405.0000000000
2323.0000000000 2405.0000000000 2345.0000000000 2187.0000000000
2345.0000000000 2187.0000000000 2407.0000000000 1334.0000000000
2407.0000000000 1334.0000000000 2170.0000000000 1154.0000000000
1062.0000000000 473.0000000000 900.0000000000 364.0000000000
900.0000000000 364.0000000000 931.0000000000 0.0000000000
