10 4
-997.0000000000 0.0000000000 -1002.0000000000 365.0000000000
-845.0000000000 341.0000000000 -861.0000000000 861.0000000000
-845.0000000000 906.0000000000 -907.0000000000 2790.0000000000
-835.0000000000 2912.0000000000 -564.0000000000 2903.0000000000
-564.0000000000 2903.0000000000 -545.0000000000 3444.0000000000
-686.0000000000 4878.0000000000 1116.0000000000 4835.0000000000
529.0000000000 2120.0000000000 532.0000000000 1739.0000000000
631.0000000000 1733.0000000000 572.0000000000 1122.0000000000
572.0000000000 1122.0000000000 856.0000000000 1179.0000000000
856.0000000000 1179.0000000000 841.0000000000 0.0000000000
