17 4
-5391.0000000000 94.0000000000 -5492.0000000000 384.0000000000
-5492.0000000000 384.0000000000 -5325.0000000000 466.0000000000
-6187.0000000000 1091.0000000000 -6048.0000000000 1176.0000000000
-5773.0000000000 1333.0000000000 -5751.0000000000 1649.0000000000
-5892.0000000000 1914.0000000000 -5968.0000000000 2055.0000000000
-2197.0000000000 843.0000000000 -1824.0000000000 1011.0000000000
-1824.0000000000 1011.0000000000 -897.0000000000 561.0000000000
-1611.0000000000 1128.0000000000 -1356.0000000000 1264.0000000000
-1356.0000000000 1264.0000000000 -1074.0000000000 1037.0000000000
-1074.0000000000 1037.0000000000 -1292.0000000000 1292.0000000000
-1292.0000000000 1292.0000000000 -991.0000000000 1469.0000000000
-991.0000000000 1469.0000000000 -1359.0000000000 2174.0000000000
-2118.0000000000 3525.0000000000 -603.0000000000 4289.0000000000
-450.0000000000 3665.0000000000 1043.0000000000 1158.0000000000
1043.0000000000 1158.0000000000 1029.0000000000 804.0000000000
1029.0000000000 804.0000000000 1264.0000000000 411.0000000000
1367.0000000000 418.0000000000 736.0000000000 117.0000000000
