21 4
-558.0000000000 0.0000000000 -746.0000000000 746.0000000000
-2427.0000000000 2602.0000000000 -2205.0000000000 2449.0000000000
-2515.0000000000 3105.0000000000 -1956.0000000000 2596.0000000000
-1956.0000000000 2596.0000000000 -1895.0000000000 4465.0000000000
-2211.0000000000 5760.0000000000 -2116.0000000000 6144.0000000000
-1984.0000000000 6107.0000000000 -1981.0000000000 6481.0000000000
-1687.0000000000 5883.0000000000 -1545.0000000000 5767.0000000000
-1545.0000000000 5767.0000000000 -1009.0000000000 5721.0000000000
-420.0000000000 2651.0000000000 -295.0000000000 2804.0000000000
-49.0000000000 2784.0000000000 140.0000000000 2677.0000000000
316.0000000000 2575.0000000000 392.0000000000 2791.0000000000
552.0000000000 3483.0000000000 1057.0000000000 3458.0000000000
1057.0000000000 3458.0000000000 1064.0000000000 2771.0000000000
1064.0000000000 2771.0000000000 1381.0000000000 2961.0000000000
1381.0000000000 2961.0000000000 1650.0000000000 3383.0000000000
1650.0000000000 3383.0000000000 1474.0000000000 2553.0000000000
1474.0000000000 2553.0000000000 1918.0000000000 3070.0000000000
1914.0000000000 2838.0000000000 2146.0000000000 2747.0000000000
2146.0000000000 2747.0000000000 2528.0000000000 2909.0000000000
3197.0000000000 3428.0000000000 3071.0000000000 3180.0000000000
530.0000000000 494.0000000000 520.0000000000 0.0000000000
