27 4
-13522.0000000000 1660.0000000000 -13445.0000000000 1890.0000000000
-13908.0000000000 2452.0000000000 -14180.0000000000 2756.0000000000
-1546.0000000000 414.0000000000 -1079.0000000000 310.0000000000
-8909.0000000000 3420.0000000000 -8689.0000000000 3510.0000000000
-8689.0000000000 3510.0000000000 -8665.0000000000 3678.0000000000
-8498.0000000000 3963.0000000000 -8458.0000000000 4125.0000000000
-8458.0000000000 4125.0000000000 -8841.0000000000 4505.0000000000
-8841.0000000000 4505.0000000000 -8082.0000000000 4480.0000000000
-6016.0000000000 3474.0000000000 -5935.0000000000 3708.0000000000
-5935.0000000000 3708.0000000000 -5700.0000000000 3844.0000000000
-5700.0000000000 3844.0000000000 -5372.0000000000 3762.0000000000
-5372.0000000000 3762.0000000000 -5270.0000000000 3971.0000000000
-4448.0000000000 3475.0000000000 -3463.0000000000 3011.0000000000
-3463.0000000000 3011.0000000000 -3724.0000000000 3473.0000000000
-3724.0000000000 3473.0000000000 -3371.0000000000 3255.0000000000
-3371.0000000000 3255.0000000000 -3665.0000000000 3665.0000000000
-3665.0000000000 3665.0000000000 -2838.0000000000 3044.0000000000
-2838.0000000000 3044.0000000000 -466.0000000000 2645.0000000000
-466.0000000000 2645.0000000000 -350.0000000000 2210.0000000000
-350.0000000000 2210.0000000000 -155.0000000000 2215.0000000000
-212.0000000000 4038.0000000000 882.0000000000 3821.0000000000
882.0000000000 3821.0000000000 822.0000000000 3296.0000000000
722.0000000000 2693.0000000000 608.0000000000 2121.0000000000
655.0000000000 2015.0000000000 957.0000000000 1962.0000000000
534.0000000000 1048.0000000000 370.0000000000 310.0000000000
370.0000000000 310.0000000000 1077.0000000000 171.0000000000
1077.0000000000 171.0000000000 1040.0000000000 0.0000000000
