12 4
-1027.0000000000 54.0000000000 -1039.0000000000 278.0000000000
-6736.0000000000 1931.0000000000 -6377.0000000000 2577.0000000000
-3524.0000000000 1496.0000000000 -3328.0000000000 2000.0000000000
-3227.0000000000 2096.0000000000 -3344.0000000000 2341.0000000000
-3842.0000000000 2791.0000000000 -3664.0000000000 3185.0000000000
-3664.0000000000 3185.0000000000 -3192.0000000000 2976.0000000000
-3053.0000000000 3053.0000000000 -3112.0000000000 3223.0000000000
-3112.0000000000 3223.0000000000 -2816.0000000000 3127.0000000000
-2816.0000000000 3127.0000000000 -2641.0000000000 3261.0000000000
-1155.0000000000 1478.0000000000 -829.0000000000 1327.0000000000
-829.0000000000 1327.0000000000 -596.0000000000 1033.0000000000
-516.0000000000 1108.0000000000 1783.0000000000 0.0000000000
