181 2
-416.000000 21.000000
-414.936798 28.242748
-423.741699 35.797386
-423.418915 43.190445
-431.945221 51.204552
-432.348511 58.825592
-443.556763 67.619698
-444.660675 75.597466
-452.552521 84.602104
-450.385895 92.334114
-459.905212 102.093697
-459.401520 110.298607
-466.576416 120.173874
-465.748901 128.526611
-474.474609 139.299805
-473.303650 147.821335
-480.630859 158.818680
-486.759125 169.817200
-494.549377 181.688843
-491.669647 190.295441
-497.097382 201.928650
-502.266266 213.801956
-514.587036 228.906662
-519.164734 241.372360
-515.239624 250.399460
-519.314392 263.160278
-531.187256 280.077362
-535.494934 293.848297
-546.544556 311.602905
-548.386536 324.975647
-555.988281 342.000000
-567.444763 361.955200
-575.824646 380.815186
-581.198730 398.434845
-586.958618 416.908569
-593.885254 436.842926
-609.189819 463.602295
-614.150696 483.795746
-629.620605 512.913513
-641.922546 540.818665
-653.435913 569.297852
-668.672668 602.268311
-734.970215 682.770142
-748.906189 719.366333
-735.884644 731.635498
-719.127625 740.127625
-698.131653 743.936523
-685.408325 756.010498
-667.792358 762.658508
-648.186340 766.653076
-635.074158 777.851929
-616.734009 782.603027
-602.116943 791.674500
-584.362366 796.475098
-565.449402 799.274353
-551.206970 808.205139
-534.029236 812.730896
-520.130249 821.930420
-507.662659 833.430054
-492.376404 840.451965
-474.500000 842.858093
-459.114716 849.264893
-441.772736 851.853699
-427.205048 859.437134
-422.151428 886.538696
-427.689667 938.183472
-1415.036743 3199.224609
-1360.916504 3227.118408
-1304.005493 3248.527100
-1251.062500 3280.129150
-1194.676392 3303.346436
-1136.558472 3321.805420
-1078.469360 3340.187256
-1024.470459 3371.891846
-966.384583 3391.183594
-911.043030 3421.058838
-854.951965 3450.025146
-796.101807 3469.295654
-740.373535 3504.183594
-681.188110 3525.408936
-622.876038 3553.505371
-564.102661 3582.604248
-504.363312 3609.731445
-441.410767 3616.002197
-379.229279 3629.125488
-507.682190 5823.833984
-421.677887 6051.274902
-328.303467 6285.402832
-94.996429 2741.341797
-45.585686 2632.602295
-0.000000 2533.000000
42.112656 2433.632568
81.315826 2349.580566
117.546555 2263.921875
151.301788 2184.716309
183.811462 2121.974609
213.656174 2053.802734
242.154388 1993.189209
268.882446 1934.197876
293.783936 1875.878662
318.123474 1825.167847
340.212433 1771.241211
362.805908 1727.867554
382.641754 1678.403442
402.558044 1635.572144
312.653412 1187.838379
327.457184 1162.978882
339.151184 1130.313477
352.588379 1106.155518
365.938599 1083.762939
377.590240 1058.420654
389.904327 1036.735474
401.203674 1014.013916
410.267670 987.530090
423.006104 971.087280
428.112305 939.089783
439.686249 922.490417
452.174530 908.442505
459.143188 884.522766
469.780518 868.506470
479.500000 851.518372
484.135803 826.737244
499.183960 819.861328
504.335754 797.608948
512.779907 781.227478
516.792358 759.055969
525.480042 744.261169
532.606323 727.792419
543.013428 716.025513
551.284668 701.779846
562.439148 691.288879
562.898621 668.540833
572.106689 656.388855
578.334595 641.187927
589.070312 631.000122
591.848389 612.848389
596.332703 596.871765
606.292236 586.376648
608.635620 569.017944
618.107117 558.312317
622.794128 543.586304
631.819641 532.637451
639.076721 520.301453
641.304321 504.257477
643.977539 488.877075
652.864197 478.140411
664.059082 468.913513
665.904419 453.443390
878.577820 569.996338
889.739685 555.609497
898.934387 540.000000
899.983704 519.869080
908.553101 504.086243
916.845703 488.156219
923.960266 471.645538
932.590698 455.874207
939.124756 439.125275
946.278992 422.671600
953.145020 406.095581
959.720703 389.402252
966.943726 372.938721
972.938599 356.009644
987.196655 341.759644
992.644348 324.481842
993.944580 306.009033
1006.494690 290.689453
1020.751099 275.501831
1023.088562 257.198608
1027.054932 239.307281
1037.579956 222.685104
1037.002563 203.851532
1053.863403 187.915573
1060.577148 170.054398
1064.009521 151.643936
1066.127441 133.054520
1076.886475 115.215355
1087.344849 97.034554
1098.492432 78.569550
1105.326294 59.598843
1106.831421 40.319813
1117.000000 21.000000
