181 2
-805.000000 21.000000
-811.876343 35.171352
-810.505981 49.303493
-820.873474 64.020157
-820.995239 78.409576
-828.833984 93.513580
-835.398376 108.803909
-842.671692 124.467072
-850.640259 140.549698
-848.424255 155.377213
-855.797913 171.900269
-853.033997 186.813019
-859.791748 203.754379
-865.240601 220.756531
-872.295837 238.487778
-878.026550 256.266510
-887.244568 275.413269
-901.795410 296.706512
-905.405823 315.184174
-918.098511 337.126678
-911.501831 352.759552
-923.311035 375.425903
-930.892578 397.105011
-931.550903 416.419891
-942.778931 440.752228
-952.529480 465.171783
-962.608398 490.495483
-963.178040 511.763733
-978.305908 541.174500
-986.571045 567.865234
-992.465088 594.000000
-997.742737 620.504333
-1012.569397 653.723572
-1011.436707 677.834656
-983.238586 684.202759
-962.503662 694.952332
-941.695801 705.182007
-923.222656 716.698181
-917.244507 737.629944
-904.597900 753.528931
-897.038025 773.704285
-885.274353 790.557251
-879.140320 812.581482
-865.191406 827.804077
-856.733704 848.338135
-849.235229 870.235229
-834.284729 884.927124
-825.900024 906.669312
-816.339355 927.636658
-799.735962 940.990967
-791.271545 964.000732
-780.357300 984.661011
-769.576843 1006.013428
-758.286926 1027.280762
-765.884155 1075.149170
-760.562378 1107.195557
-747.640930 1129.423218
-732.539490 1149.011963
-723.869690 1179.433716
-713.327759 1208.176758
-702.000000 1236.899658
-686.005615 1258.586914
-673.222229 1287.146851
-658.740234 1313.850464
-645.282349 1344.024780
-630.546448 1373.211182
-618.646423 1410.502686
-600.944458 1436.736450
-586.633911 1472.969971
-571.238525 1509.127197
-555.098694 1546.121094
-537.513000 1582.051147
-518.221497 1615.921753
-500.540344 1658.193726
-482.089722 1702.246704
-460.697906 1740.348022
-441.023621 1789.849121
-409.635864 1795.327881
-382.141693 1818.835327
-468.054474 2428.931396
-425.438049 2433.779053
-457.414368 2909.000732
-415.570892 2977.940430
-288.342865 2369.364258
-972.428284 9273.037109
-813.860352 9323.465820
-654.455261 9380.145508
-493.057037 9429.088867
-330.323730 9480.234375
-166.077103 9535.550781
-0.000000 9597.000000
120.351791 6915.949707
204.092255 5865.437500
286.434692 5486.499512
378.219604 5429.792480
437.957611 5026.878418
502.781921 4804.650391
581.560486 4757.430176
670.118469 4789.140625
771.378357 4891.291016
834.379517 4753.001465
887.643433 4587.529785
733.096619 3469.948486
770.907288 3360.166260
806.567627 3255.966064
852.291138 3201.793701
915.667297 3214.311279
979.737610 3225.577148
1050.348755 3253.641113
1118.652222 3269.801758
1249.057617 3452.757568
1284.032349 3366.018555
1314.494507 3274.488037
1340.598511 3179.252197
1369.075562 3095.993896
1394.217651 3010.909424
1421.199219 2934.890381
1445.959717 2858.855713
1468.037598 2781.977051
1487.880737 2705.207764
1511.500000 2638.994873
1533.268311 2572.787109
1553.723267 2507.477051
1576.185425 2448.112549
1595.936523 2387.073242
1614.617676 2326.913086
1632.867432 2268.449219
1654.991333 2217.247559
1670.289551 2158.873291
1684.061401 2100.642578
1702.101562 2049.485596
1720.186768 1999.848511
1737.063110 1950.203979
1757.509766 1905.698486
1771.378784 1855.316528
1784.030396 1805.030396
1794.033447 1753.478027
1811.563110 1710.309937
1825.906860 1665.053955
1847.529053 1627.032471
1860.721924 1582.331055
1872.921753 1537.662109
1883.345703 1492.430908
1900.752563 1453.319702
1917.370239 1414.051025
1926.645630 1370.051758
1941.605957 1330.629761
1944.877075 1284.017944
1666.414551 1062.291382
1979.199341 1210.222900
1992.724487 1171.500000
2003.753784 1131.698853
2013.120483 1091.395142
2024.366821 1052.466431
2042.060059 1016.979248
2050.068115 976.962524
2066.439941 941.038269
2081.261475 904.443054
2088.018066 864.614075
2101.489502 827.686279
2109.609863 788.835205
2130.253418 754.505066
2144.632324 717.833313
2156.467285 680.298218
2168.606445 642.837891
2179.128662 604.895752
2190.927734 567.259644
2206.948242 530.514160
2215.504395 491.919983
2231.238525 454.708832
2237.483154 415.528656
2242.052490 376.106232
2257.811279 338.314667
2263.005127 298.862091
2275.466064 260.161133
2290.251709 221.371048
2303.375488 182.067703
2305.835693 141.843719
2317.587402 101.931931
2339.643555 61.838631
2351.000000 21.000000
