181 2
-702.000000 21.000000
-707.892151 33.356304
-707.568726 45.708843
-707.029724 58.053856
-706.275330 70.387581
-705.305847 82.706268
-706.110535 95.215210
-712.648132 108.502190
-711.012451 120.926285
-708.172546 133.163513
-715.955261 147.242218
-713.642944 159.718140
-711.113281 172.151794
-710.315796 184.989319
-708.315857 197.602982
-705.125854 209.937897
-709.411133 224.420364
-706.709229 237.062683
-711.390259 252.144714
-707.247925 264.524994
-710.407593 279.567230
-703.919617 291.209442
-708.368469 307.199432
-710.629761 322.644440
-705.257080 335.000702
-706.013794 350.219635
-710.946106 367.751587
-706.568176 381.014465
-709.006897 397.985657
-710.191223 414.665405
-701.480591 426.000000
-702.020020 442.816193
-702.183838 459.773163
-708.676636 481.219971
-700.536743 493.518005
-699.555847 510.834290
-706.271851 534.136536
-705.195129 552.402649
-703.693604 570.785706
-701.762817 589.276306
-702.462769 610.436218
-704.898743 633.759155
-700.785583 651.990173
-704.293640 677.764404
-699.198303 696.207947
-699.328613 720.328613
-698.826294 744.655823
-697.684326 769.174866
-697.234070 795.356934
-696.078613 821.746887
-699.352905 854.456360
-697.286987 882.077698
-699.391418 916.180237
-701.114502 951.410339
-693.586609 975.640076
-694.601074 1012.993103
-693.958374 1049.835571
-697.682617 1095.337036
-693.664307 1131.094971
-694.786377 1177.318726
-689.500000 1215.249023
-690.853699 1267.333130
-687.775818 1314.518188
-686.887634 1369.092896
-689.119446 1433.904297
-688.445129 1497.375366
-686.978210 1563.978271
-688.468262 1642.929565
-685.530090 1717.746460
-684.124390 1803.205078
-680.962097 1891.927979
-678.809631 1992.406250
-676.129211 2101.911621
-673.624390 2224.326172
-673.106445 2368.401123
-671.117798 2525.645752
-669.397888 2705.808350
-666.754944 2909.032959
-637.249329 3019.022461
-581.776611 3013.981201
-535.704651 3059.131836
-488.544830 3105.550781
-440.065338 3152.227539
-390.103760 3198.140137
-338.776764 3244.245361
-289.531372 3330.358887
-235.567612 3389.773682
-179.093643 3438.310303
-121.415352 3497.880615
-61.659351 3553.461914
-0.000000 3617.000000
63.858356 3679.442627
130.210022 3749.727295
199.295319 3823.781250
270.585358 3890.551025
402.398071 4620.431152
514.907227 4920.014648
511.729370 4188.701172
1563.888184 11148.642578
1757.854126 11119.654297
1956.667725 11117.813477
2163.964844 11153.633789
2367.282471 11158.188477
2571.415527 11159.024414
2777.505371 11160.964844
2985.218750 11161.988281
2098.427246 7339.085449
2136.360107 7008.718750
2075.976074 6410.197754
2194.003906 6392.849609
1866.061890 5147.962891
1871.039062 4895.223633
1932.220825 4803.414551
2031.020386 4805.784180
2129.266357 4803.410645
2342.572998 5044.664062
2350.984375 4841.232422
2347.584961 4628.394531
2346.888428 4434.854980
2342.600098 4247.162598
2340.000000 4073.998779
2334.667480 3906.539307
2334.294434 3756.651855
2337.590820 3620.573975
2335.189453 3483.060791
2333.882568 3354.129639
2329.980713 3227.943359
2330.227783 3113.316650
1973.195068 2546.574463
2047.179199 2549.055908
2128.269775 2557.373047
1962.272583 2278.336426
2037.502686 2283.875977
2121.696777 2296.241455
2208.318848 2307.781250
2320.017334 2341.017334
2326.344971 2267.525146
2322.048096 2186.344727
2323.070801 2112.702393
2322.996094 2040.349731
2321.880615 1969.289185
2319.780762 1899.521362
2317.539551 1831.660400
2319.237549 1768.670776
2315.406738 1703.241333
2314.104492 1641.353394
2311.356689 1580.029785
2313.892090 1523.659058
2310.931152 1465.030029
2311.780273 1410.057739
2311.421875 1355.500000
2310.745361 1301.867065
2308.907959 1248.668091
2313.943848 1200.013306
2309.001953 1147.175537
2312.897461 1099.521851
2291.172119 1041.095459
2316.910645 1004.470276
2328.158691 961.637146
2326.482422 914.052917
2332.317139 869.893982
2329.757812 823.199951
2332.941650 779.018677
2341.033936 736.725952
2333.943359 690.247498
2327.881348 644.753906
2328.709717 601.612549
2328.744385 558.632996
2337.772705 517.908936
2325.474854 473.026520
2324.146240 430.809692
2329.956787 390.028900
2327.129883 348.056793
2324.542969 306.417999
2320.219482 264.864899
2306.190674 222.765549
2312.353516 182.695511
2320.814941 142.628769
2313.589844 101.792336
2311.647949 61.349964
2300.000000 21.000000
