181 2
-2448.000000 21.000000
-2411.632568 63.095203
-2361.560547 103.467514
-2320.814941 142.628769
-2279.433838 180.393539
-2247.415283 217.623352
-2202.865967 252.530548
-2168.713379 287.284515
-2125.115234 319.665466
-2101.800781 353.892548
-2059.232910 384.098328
-2022.151978 414.066528
-1988.574097 443.684479
-1964.330078 474.501312
-1928.947876 501.940735
-1902.873901 530.873535
-1873.499023 558.217224
-1845.668213 585.277405
-1850.755981 622.347046
-1828.632935 650.648804
-1801.390747 676.652588
-1770.068481 700.465637
-1741.251221 724.511169
-1720.423584 751.276489
-1690.972656 773.869507
-1667.606323 798.617615
-1637.602783 819.712219
-1614.503784 843.630798
-1591.071533 866.987732
-1562.070801 886.869995
-1538.061157 909.000000
-1513.757446 930.557251
-1490.020508 952.068176
-1464.318848 971.939758
-1440.867310 992.877258
-1417.952148 1013.860840
-1394.745239 1034.341797
-1375.250366 1057.325439
-1353.014404 1078.090698
-1331.250977 1099.025879
-1304.573730 1115.667358
-1280.742188 1134.332153
-1249.226440 1145.808594
-1215.509888 1154.481323
-1189.068726 1169.270264
-1170.261719 1191.261719
-1149.659546 1211.507324
-1128.707275 1231.390381
-1107.411133 1250.904663
-1090.370117 1275.327271
-1063.813477 1288.803589
-1047.189087 1314.170898
-1024.460693 1332.249878
-1001.420227 1349.929443
-983.364746 1374.485474
-960.166931 1392.260498
-935.529724 1407.979858
-916.627502 1432.482544
-890.794312 1446.568848
-871.444397 1471.327026
-849.500000 1492.377197
-828.539612 1515.725098
-806.552124 1537.903931
-779.955688 1551.749268
-757.066956 1573.217285
-737.891479 1603.413452
-710.162170 1616.050415
-689.249695 1644.770508
-664.552124 1665.824219
-639.686768 1687.441040
-617.004333 1716.205444
-589.929504 1734.279663
-565.810120 1762.384521
-538.256287 1781.557007
-512.409851 1807.985474
-486.320984 1835.974609
-456.990448 1853.888672
-429.206604 1880.098145
-400.230011 1903.934082
-370.741882 1928.301636
-340.350433 1951.223145
-309.583801 1975.635254
-279.320404 2008.468018
-246.907288 2031.898560
-214.701462 2063.748047
-181.458252 2095.077393
-147.116409 2124.862549
-111.946609 2157.068604
-75.627213 2186.679932
-38.360390 2218.665283
-0.000000 2259.000000
39.582058 2288.654541
80.897034 2337.587891
123.617531 2379.762939
167.485291 2416.151367
212.485703 2449.722656
260.694000 2501.337646
309.548126 2542.067139
358.509918 2571.930664
414.082031 2635.411133
470.586548 2689.829102
527.586853 2735.199219
590.469177 2798.939209
653.482788 2851.544922
720.201477 2909.570312
792.762756 2979.630859
867.982056 3048.013184
946.407227 3116.558594
1030.262695 3191.822510
1121.907837 3279.257080
1216.565674 3363.486572
1317.360596 3452.841553
1426.501953 3551.716064
1546.123047 3663.437744
1674.941528 3782.980225
1810.919312 3904.528809
1960.395752 4040.406982
2126.491455 4194.474609
2300.880127 4348.326172
2498.223877 4527.915527
2727.000000 4744.302734
2971.769775 4966.855469
3165.737793 5087.239258
3265.655762 5049.668945
3384.794678 5039.164551
3510.861328 5035.029785
4397.221680 6073.256348
530.199036 724.597900
532.547180 702.629272
4957.786133 6143.355957
5047.811035 6036.747070
858.781250 1008.914856
5237.285156 5837.594727
5335.272949 5742.379883
9692.568359 10057.948242
6850.450684 6871.450684
9995.946289 9673.972656
10184.832031 9518.508789
1232.134155 1130.418579
1254.327271 1111.370117
2082.108887 1768.096680
2095.185547 1717.647827
2122.900879 1679.592041
1093.332031 844.884766
1101.072144 820.975708
1107.493530 796.475342
1111.739380 770.877686
1117.109253 746.459167
1096.526245 706.185608
1135.746704 703.425476
1137.091309 677.500000
1141.378662 653.676575
920.031372 510.189362
827.745056 442.757172
1162.140747 587.813904
1172.762329 567.868042
1173.905884 543.656616
883.684631 396.101898
807.577148 347.282349
970.923645 393.702667
1121.993042 429.372040
1206.481689 436.424957
1217.352295 416.541748
1214.507080 392.312073
1229.453735 373.540192
1235.419189 352.029572
1241.978516 330.660034
1246.219360 308.712402
1250.072632 286.711151
1232.923706 260.656097
537.705017 115.811905
483.967285 97.652885
517.910217 93.787529
1250.608154 174.555374
1268.015381 154.273788
1280.110229 132.995132
1279.874634 110.497559
1291.228027 88.670395
1320.195312 67.102234
2037.689575 56.568005
1999.000000 21.000000
