181 2
-3586.000000 21.000000
-3612.449707 84.055542
-3636.783203 147.999268
-3658.978516 212.758942
-3698.967529 279.657013
-3717.798584 346.265228
-3755.314697 415.699463
-3783.585938 485.565948
-3814.512695 557.094788
-3552.714844 583.694763
-3873.248779 703.958313
-3905.894531 780.229004
-2835.649902 623.735962
-3971.532471 937.900513
-4009.261963 1020.621277
-4115.810059 1123.828003
-3952.708008 1154.420776
-3764.971924 1172.067383
-3602.602051 1191.556396
-3435.069092 1203.789062
-3192.135742 1182.842407
-2912.770996 1139.108032
-2757.444824 1135.079956
-2628.041260 1136.537354
-2512.250000 1139.525757
-2432.530029 1155.307373
-2421.351074 1201.971924
-2421.755615 1254.946167
-2422.808105 1309.229980
-2424.445801 1364.892212
-2421.406982 1419.000000
-2560.358643 1559.418701
-2244.783203 1423.696289
-2154.544678 1420.177734
-2104.926514 1440.790771
-2060.986572 1464.118286
-2035.486816 1499.867676
-2047.701416 1564.053711
-2057.496094 1628.492065
-2144.922852 1757.924316
-2138.030029 1815.020264
-2071.677734 1821.882080
-2013.922485 1834.343994
-1946.863525 1836.479614
-1887.547607 1843.783569
-1830.699463 1851.699463
-1765.821533 1849.561768
-1709.087891 1853.772339
-1659.443848 1863.999146
-1610.624878 1873.812012
-1554.903198 1874.061523
-1505.334351 1879.933105
-1456.039429 1884.645386
-1411.256226 1893.800293
-1357.196167 1889.020264
-1313.489990 1896.858154
-1269.927124 1903.744385
-1222.714600 1903.815430
-1179.600342 1908.755005
-1136.689087 1912.768188
-1098.500000 1923.657837
-1055.430542 1925.047119
-1013.119629 1926.400879
-976.079590 1936.664062
-934.168884 1936.330078
-895.528076 1941.466187
-854.553711 1940.359009
-817.800232 1947.616699
-780.305542 1952.323975
-742.538391 1955.378662
-705.587585 1959.585938
-668.065857 1961.204102
-634.102844 1972.567993
-597.023010 1973.774292
-560.370728 1975.244995
-523.590942 1975.067993
-489.407990 1983.908203
-453.051422 1983.381348
-418.526245 1990.011108
-382.381226 1988.180908
-347.817291 1993.569946
-313.494659 2000.327393
-279.181244 2007.477783
-243.007477 2000.137085
-208.325226 2003.082153
-172.916992 1997.450317
-123.259689 1783.695679
-93.053329 1796.563354
-69.659393 2015.784058
-32.653454 1891.715088
-0.000000 1550.000000
26.737087 1552.766724
53.500927 1553.066162
80.702042 1560.886719
108.122536 1567.224243
135.004242 1564.105591
162.959869 1571.459595
190.969254 1576.319824
218.084244 1572.750122
246.697159 1578.584473
275.579651 1583.889893
304.340363 1586.695312
333.490356 1589.948730
362.396149 1590.710205
394.090759 1601.611694
424.204407 1604.152466
453.974731 1604.197998
484.752289 1606.553345
517.912476 1614.970703
548.256775 1613.253296
582.118286 1620.356812
613.525940 1619.289673
644.697937 1616.683472
312.194183 756.483398
323.355621 747.268616
337.671997 745.139893
349.820160 738.237671
378.174072 763.208435
861.949768 1642.091797
906.109192 1655.664185
935.000000 1640.467529
976.512207 1646.189209
1019.034729 1651.796509
1058.778320 1651.375610
1245.881836 1868.095703
1520.551147 2192.572021
1581.730103 2198.064697
1638.140503 2194.885742
1710.307617 2210.093994
1774.683472 2212.551514
1846.728760 2221.845703
1920.284790 2230.034912
1972.597046 2211.791016
1985.979248 2150.701904
1990.196289 2081.908447
1996.162476 2017.162476
1286.898926 1263.743774
1157.001587 1099.921387
952.711670 878.825439
952.443481 848.946472
952.959290 820.627808
958.998108 797.581360
976.345337 783.804565
1029.441162 796.739563
1046.868042 781.594116
1118.142578 803.931824
2049.380859 1403.324829
2097.515137 1383.142212
2097.222900 1331.490356
2105.202881 1285.933472
2112.235840 1240.500000
2109.582764 1190.360840
2113.776611 1144.914917
2125.050537 1103.767334
2128.344238 1059.062866
2137.979980 1017.956482
2137.696289 972.763733
2137.412354 928.277710
2142.721924 886.715820
2150.035645 846.321411
2154.715088 805.252197
2159.564453 764.597656
2154.143066 720.923462
2168.899170 684.098999
2171.490234 643.664795
2172.367188 603.084045
2173.462402 562.905029
2181.614502 524.665405
2184.203613 485.266815
2191.973389 447.076477
2190.212402 407.193542
2189.705078 367.815216
2200.375732 330.242645
2198.489746 290.940582
2195.904297 251.798843
2201.590332 213.614197
2203.618896 175.092056
2201.978027 136.400787
2209.653076 98.162788
2217.662109 59.709438
2217.000000 21.000000
