181 2
-7149.000000 21.000000
-7234.897949 147.285614
-7339.526367 277.301910
-7464.755859 412.211273
-7566.523438 550.102844
-7667.710449 691.837769
-7765.227051 837.158264
-8992.467773 1125.136230
-8965.886719 1281.073242
-10772.716797 1727.230713
-14943.472656 2655.937500
-14902.082031 2917.671387
-14855.127930 3178.554932
-2488.541260 595.524963
-2064.789307 535.809814
-14732.300781 3968.508057
-2816.496826 828.617432
-3798.442383 1182.300415
-3380.054932 1119.246338
-2504.678711 883.430054
-2476.090088 922.223083
-2444.113525 959.207275
-2406.041992 993.104126
-2385.028076 1033.384399
-2040.860596 929.649658
-2338.274170 1111.355103
-1944.990356 969.635132
-2077.827148 1079.705811
-1810.925537 983.886169
-1797.343506 1017.283752
-2198.838379 1290.500000
-1920.054810 1174.685303
-2140.473389 1358.516235
-2120.159180 1397.847534
-2090.003662 1430.725342
-2065.901367 1467.559814
-2035.486816 1499.867676
-2860.712402 2176.701416
-2735.185303 2157.960938
-2600.330322 2126.706055
-1732.792480 1474.985596
-1261.874390 1117.930664
-1766.455200 1611.523438
-2189.673096 2062.903076
-2099.752930 2048.707764
-2012.425903 2033.425903
-1931.150269 2020.764648
-1851.625488 2006.625244
-1774.534424 1991.820068
-1703.785278 1980.980835
-1635.251709 1969.817017
-1572.042358 1962.310669
-1504.061035 1946.110229
-1448.568726 1943.315674
-1391.875488 1936.752197
-1331.844482 1923.071045
-1275.519043 1912.034668
-1225.982422 1908.847412
-1172.181396 1896.882446
-1124.328125 1892.196167
-1076.500000 1885.552734
-1029.735596 1878.692261
-979.317688 1862.828735
-933.858459 1853.800415
-889.016663 1843.754272
-849.040100 1841.772339
-805.745300 1830.733521
-766.614502 1827.030518
-728.609802 1824.372559
-691.291748 1821.876587
-652.916443 1814.873169
-615.323792 1808.030151
-577.861755 1799.475708
-541.180054 1791.120117
-507.448364 1790.682739
-471.309479 1779.950928
-438.362488 1779.175903
-403.337250 1768.045532
-387.755310 1845.245239
-372.077545 1935.172974
-355.631470 2037.886230
-335.551941 2139.591553
-313.696167 2253.064209
-282.005646 2317.751709
-242.296982 2326.301758
-201.155457 2320.217285
-160.160858 2311.406982
-119.692329 2304.865723
-80.059448 2313.602539
-40.873535 2362.643311
-0.000000 2444.000000
44.678162 2580.610107
95.345428 2751.335693
152.611649 2933.003662
283.769348 4079.090576
356.205505 4092.447754
426.685181 4080.638428
497.958130 4076.543457
569.496338 4073.177002
640.442688 4064.595947
823.786926 4692.928223
904.816284 4675.875977
988.204285 4670.135742
1069.192383 4652.181152
1152.274048 4642.518555
1234.825684 4629.432129
1315.065796 4607.179688
1397.829102 4593.093262
1481.427490 4580.364746
738.714172 2166.381592
776.385742 2154.102295
373.061035 992.857239
398.206818 1006.596436
411.439880 990.291626
430.734100 988.444641
450.511078 987.124084
469.933868 984.507202
489.401764 981.505005
508.907166 978.115173
526.988037 971.711609
546.500000 967.565796
570.662170 970.741394
595.099304 973.358032
612.718933 964.504395
631.328796 956.983398
653.303589 954.014160
671.838562 945.706421
698.105408 947.417175
719.092590 941.396545
736.304871 930.260803
766.202820 934.125000
784.646606 923.632629
812.324585 923.177795
838.857971 920.565063
864.849670 916.578064
886.004822 907.004822
915.719543 905.300110
942.714905 900.095886
974.262878 898.230225
999.235474 889.622131
1024.967407 881.049805
1059.250000 878.763672
1088.242798 871.228516
1117.291138 862.939209
1155.276245 860.357361
1191.047119 854.980164
1228.633667 849.723877
1267.231201 843.949585
1298.361694 832.306396
1341.466797 827.034607
3022.428711 1766.000000
3015.688721 1692.623535
3002.021729 1617.203369
2986.653809 1542.776123
2978.603516 1473.761963
3022.536377 1430.431885
4268.998047 1921.680298
4249.970703 1825.005615
4238.157227 1733.326782
4224.451660 1642.614990
4201.365723 1550.172119
4186.756348 1462.615845
4168.480469 1375.421509
4188.614746 1301.588013
4176.682129 1218.644287
4167.969727 1137.804199
4150.925293 1055.941895
4139.124023 976.592102
2897.273193 636.834412
2822.178223 569.575867
2823.443848 518.849304
2810.960938 466.212494
2800.478027 414.581543
2796.995117 364.427795
2783.666748 313.575165
2769.421143 263.292969
2764.250000 214.295181
2748.228516 165.028549
2742.328369 116.764221
2736.583252 68.767235
2725.000000 21.000000
