180 2
-2961.000000 21.000000
-3017.540283 73.671364
-3006.167725 125.977684
-2974.917480 176.908813
-3028.604492 232.780655
-3081.230225 290.572723
-3136.722168 350.682770
-3313.119141 427.799866
-4046.235352 589.661316
-4093.968262 669.420837
-4099.754883 743.897339
-3598.645264 720.505798
-4159.083496 905.040527
-4142.192383 1053.764526
-4617.125488 1258.155029
-4766.896973 1387.885620
-4021.261475 1250.422974
-3799.470703 1255.522949
-3739.525879 1308.622070
-3677.017334 1359.324829
-3207.782227 1252.352295
-3676.283936 1506.315186
-4124.782227 1771.866211
-4259.862305 1917.612915
-3954.220947 1864.883423
-3657.192871 1804.732178
-3813.507812 1964.079346
-3770.186279 2025.643555
-3743.372314 2095.985107
-3896.248291 2270.500000
-4856.709961 2939.205811
-4758.397949 2994.376953
-4598.430664 3007.255859
-4136.897461 2811.372559
-4131.802734 2914.119629
-3610.642822 2644.285645
-3690.494629 2801.987305
-4105.536133 3228.596191
-2408.375244 1971.263916
-2360.948975 2002.071411
-2846.009766 2494.998535
-2229.434570 2028.391846
-2705.277344 2543.711914
-2713.349609 2641.251465
-2662.964111 2683.964111
-2610.526123 2724.279053
-2553.401855 2759.188232
-2627.675781 2939.329834
-2486.463623 2881.349365
-2447.735107 2938.097168
-2407.150391 2993.583252
-2372.143555 3057.205322
-2330.227783 3113.316650
-2292.950195 3176.975342
-2251.287598 3236.171875
-2217.759033 3308.963135
-2173.654297 3368.134277
-2133.455078 3435.241699
-2091.054688 3501.099121
-1920.500000 3347.403564
-2006.142212 3640.176270
-1460.056519 2766.967041
-1916.293945 3781.938477
-1874.036621 3863.344482
-1829.091797 3943.500000
-1806.317383 4078.055420
-1682.879028 3985.614502
-1531.391724 3811.327637
-1397.993408 3662.897217
-1269.920776 3510.078613
-1062.654419 3107.172607
-951.463318 2949.302979
-852.555908 2809.584717
-781.431885 2746.177002
-738.928345 2778.718262
-693.831970 2803.808105
-650.108521 2836.929443
-605.438843 2869.365723
-559.642761 2900.112549
-544.387024 3108.372314
-424.719574 2702.573730
-369.782928 2652.142334
-320.394501 2630.403809
-273.550995 2623.663818
-231.311340 2664.900635
-188.272720 2713.425293
-144.394897 2776.218994
-101.348137 2923.230957
-49.669548 2866.566650
-0.000000 2811.000000
47.732330 2755.583496
93.565552 2700.366699
138.114594 2656.383301
180.948288 2608.681152
222.334305 2562.292725
262.575500 2519.239014
300.651672 2469.611328
338.468994 2429.332031
375.129852 2389.476562
410.156982 2347.115967
445.157379 2311.136230
479.444366 2276.608398
512.213562 2239.640625
544.566162 2205.135742
575.354736 2168.253174
605.299622 2131.930664
633.569458 2093.312500
663.768494 2063.869385
693.785767 2035.900024
722.346558 2005.630859
750.064148 1974.983887
776.559448 1943.052124
802.952454 1912.637451
828.522522 1881.892090
856.647217 1858.085938
879.810913 1824.879639
902.987122 1793.212036
930.023193 1770.119141
956.044556 1745.750122
976.500000 1712.347656
1000.718994 1686.476074
1024.863892 1661.125000
1047.340820 1633.763550
1070.854370 1608.606934
1098.398926 1589.676147
1121.494263 1564.604370
1133.819458 1525.629272
1158.059204 1503.248169
1179.975708 1478.148682
1205.226807 1457.333374
1101.523071 1288.157349
1098.043335 1240.500610
1237.827026 1348.406982
1124.651855 1185.611084
979.342896 1000.342896
996.285645 983.101868
1006.342712 959.429749
1022.567261 941.723694
1044.518066 928.985718
1057.907349 908.689697
1072.461426 889.462158
1090.606934 873.075500
631.720703 497.035675
725.688232 548.243347
907.620483 656.522705
872.147522 609.270935
737.191406 499.737701
636.884094 418.969360
563.158936 359.380005
624.404297 381.500000
537.891113 319.157928
523.587952 299.396637
506.982727 279.320587
505.122253 267.364594
506.626068 257.243622
517.066711 251.212936
575.315552 265.206970
1340.707886 562.681152
1381.698975 551.384583
1015.807739 390.723785
1419.223389 509.677795
1447.508057 491.323853
1464.102539 468.621094
1488.994385 447.962250
1503.946533 423.981262
1528.215820 402.026978
1553.145874 379.571991
1568.948730 354.490356
1592.199341 330.492188
1622.963135 307.172211
1642.525757 281.150513
1647.806030 252.584045
1683.358276 227.690399
1696.654297 199.325562
2309.179199 223.027008
2348.265869 185.206741
2378.735596 145.664246
2415.527588 105.352081
2452.626465 63.810753
2489.000000 21.000000
