180 2
-647.000000 21.000000
-643.901917 32.239349
-656.599792 43.928970
-656.099609 55.384724
-657.394714 66.969513
-643.541748 77.302612
-655.389954 89.884254
-654.087891 101.311897
-650.606140 112.436729
-650.886597 124.090309
-647.018677 135.086853
-646.892334 146.743134
-644.599243 158.013809
-643.084229 169.467697
-640.395203 180.668457
-637.511047 191.820572
-644.045349 205.677032
-639.767883 216.596664
-644.816345 230.513519
-641.061584 241.735214
-637.111572 252.889664
-640.436157 266.840424
-636.048096 277.980133
-641.591858 293.339600
-635.827637 304.088715
-636.228088 317.678009
-633.649780 330.051666
-628.159607 341.063293
-631.307556 356.672180
-631.475403 371.032532
-625.270325 382.000000
-625.732117 396.977783
-627.555603 413.140259
-627.325562 428.389984
-625.094299 442.631439
-624.193848 458.065247
-622.134094 473.006866
-623.734314 491.017548
-622.528503 507.372559
-622.493896 525.085632
-613.601624 535.872864
-618.107117 558.312317
-613.837646 573.701904
-610.680359 590.468628
-613.596863 613.543579
-610.233154 631.233154
-605.742126 648.264282
-607.660522 672.636169
-601.548401 689.087219
-604.886414 716.842224
-604.863159 741.847839
-604.147583 767.060120
-602.116943 791.674500
-599.407776 816.440979
-601.304321 848.624390
-599.960938 877.833008
-594.981262 903.095947
-594.201172 935.989563
-592.979675 969.965820
-591.778748 1005.885254
-586.500000 1036.847778
-587.589233 1081.039062
-583.083679 1117.620850
-582.469788 1164.161377
-577.773193 1205.610596
-574.338196 1252.672241
-572.685181 1307.271973
-569.295227 1362.175537
-543.928772 1367.270996
-515.691467 1364.422241
-489.772858 1366.639893
-466.213593 1374.982544
-445.602509 1392.423462
-424.523712 1409.554565
-402.981812 1426.364624
-383.311005 1451.536133
-360.705536 1467.710938
-339.451141 1491.324463
-315.194122 1503.871704
-291.556152 1520.926392
-270.022919 1552.376099
-244.663498 1565.744507
-220.311020 1588.594360
-194.747208 1607.088745
-172.785553 1664.944702
-146.073029 1690.622314
-118.237221 1711.871094
-90.331863 1744.634521
-61.074120 1769.933960
-30.873306 1789.730591
-0.000000 1817.000000
31.833189 1844.722168
64.808365 1876.868774
99.228973 1914.401611
134.490479 1944.303467
170.738098 1972.545410
208.952393 2009.049316
249.222809 2050.756836
288.645020 2074.815918
332.110382 2117.862305
376.295593 2155.078369
420.161407 2182.542969
583.192322 2764.704102
804.148376 3246.262939
874.031921 3282.931396
2677.541260 9358.696289
2851.208984 9346.883789
3030.220703 9347.060547
3205.543945 9330.576172
3386.683350 9325.835938
3567.911377 9315.726562
3747.938965 9297.474609
2546.785400 6020.850586
2407.880859 5429.188965
2455.834717 5287.554688
2364.135498 4868.196289
2341.683105 4616.811523
2429.984863 4591.136719
2524.888428 4576.019531
2640.000000 4593.614258
2628.754395 4395.981934
2074.104004 3340.260254
2065.815918 3202.077393
2060.625732 3076.003418
2103.304688 3024.830566
2177.744385 3018.407959
2256.204590 3015.084473
2337.051025 3012.288818
2561.963379 3184.761230
2549.295654 3059.132324
2541.572754 2944.744873
2533.328369 2834.546387
2524.075928 2727.739990
2520.915283 2631.484131
2515.178711 2536.178711
2505.460449 2440.495117
2499.035645 2351.388428
2491.764648 2264.594971
2494.315186 2189.275146
2487.346191 2108.131348
2486.867188 2034.825195
2483.021973 1960.949341
2478.166016 1888.432007
2473.165039 1817.859497
2464.828613 1746.891479
2463.899658 1682.921265
2454.788818 1615.158447
2458.491455 1557.235962
2450.641357 1493.493896
2444.789795 1432.500000
2443.687500 1375.558105
2442.233154 1319.558350
2441.357910 1264.933960
2437.529541 1209.862549
2434.342773 1156.152710
2428.203857 1102.105957
2428.291748 1051.748657
2430.148926 1002.843872
2404.903076 944.155823
2009.062866 752.239075
2140.654053 758.086304
2341.501221 781.799866
2410.844238 758.069092
2408.921875 711.747192
2401.291504 664.424133
2402.452148 619.998596
2032.536011 490.247894
2271.258789 503.770935
2394.188721 486.383148
2390.128418 442.444122
2387.242676 399.102112
2385.555664 356.268005
2382.110840 313.486420
2386.852539 271.868317
2380.905273 229.302231
2376.197510 187.159927
2368.749268 145.140884
2372.553711 103.851402
2363.639893 62.257488
2366.000000 21.000000
