179 2
-2406.000000 21.000000
-1810.724121 52.606308
-1944.814575 88.914421
-2509.555908 152.520264
-1786.637207 145.933838
-2571.178467 245.948975
-2633.493896 297.791382
-2673.919434 349.316010
-2713.334473 402.334290
-2758.613525 457.921448
-2804.732422 515.549988
-2858.498291 576.635803
-2912.923584 640.161011
-2093.921387 504.419830
-3008.886963 771.199768
-3068.746338 843.268127
-3134.674316 919.853394
-3196.926758 998.398621
-3264.025879 1081.546265
-3310.260498 1160.814087
-2886.735840 1071.685913
-2841.818848 1111.872070
-2789.896240 1148.191284
-2744.945557 1186.160278
-2715.970703 1230.228027
-2687.202637 1274.063110
-2662.228027 1319.455322
-2681.038574 1387.057373
-3161.835449 1702.177612
-3263.206055 1829.824707
-3369.704834 1966.500000
-3054.944336 1856.595703
-3011.418701 1902.743286
-2994.053955 1965.361328
-3286.304932 2237.640625
-3136.533203 2217.224121
-3211.797363 2354.507568
-2946.166504 2241.095703
-2572.855225 2031.134766
-2467.438477 2019.092285
-2719.457764 2302.895996
-1824.420532 1663.715698
-1791.085205 1691.213989
-1756.627808 1717.355713
-1726.754761 1747.754761
-1698.439697 1779.785767
-1667.485962 1809.159790
-1630.002197 1831.300781
-1604.064331 1866.264893
-1570.972900 1893.212646
-1538.059082 1920.344727
-1503.445312 1945.322266
-1473.844971 1976.858398
-2506.904053 3471.457520
-2411.888916 3465.534424
-2210.489502 3298.185547
-1646.443848 2556.301025
-1374.610596 2220.836670
-1338.068970 2247.920654
-566.500000 1002.206787
-494.020996 912.237488
-457.265289 880.990967
-432.652954 870.129211
-416.452576 874.854370
-400.642120 880.179810
-386.806549 889.781738
-373.929688 901.923157
-361.120758 914.805237
-346.183441 922.838684
-329.707428 926.863708
-318.405670 945.717163
-300.673523 946.377991
-245.299866 823.339661
-223.266251 799.621948
-203.172943 779.251770
-183.376801 756.484131
-166.688736 743.008240
-147.825211 716.462952
-132.230637 701.267639
-116.170631 679.836365
-102.308144 666.948181
-91.297554 670.615845
-79.946289 672.110291
-67.943504 667.439209
-56.564075 667.530334
-46.109028 680.389832
-34.908081 687.085876
-23.452461 692.590637
-11.902541 702.896118
-0.000000 720.000000
12.426113 732.891541
25.302135 745.558350
38.466927 754.992737
52.387112 770.170593
67.022766 787.073730
82.472954 805.677795
97.129868 812.059265
114.678635 836.980896
131.561386 851.645874
149.511078 868.919495
170.392426 897.593079
186.912613 900.354675
210.779144 933.984741
230.551559 945.691833
254.160309 969.539185
285.009033 1014.944580
466.917603 1548.218750
508.950989 1587.390137
548.907898 1615.144287
595.799072 1657.944580
652.588013 1721.049927
706.133423 1768.741577
758.799866 1808.620483
821.608032 1866.361816
942.861328 2042.972656
1018.774536 2109.797363
1108.190796 2195.947021
1177.434692 2235.432617
1272.140503 2316.002197
1374.500000 2401.703857
1478.159302 2481.070068
1610.424683 2598.218262
1638.818848 2544.559814
1712.248657 2559.512939
1865.270630 2684.882568
2280.606689 3159.985840
3196.841309 4263.352051
2985.342529 3842.064209
2983.607910 3705.448975
2767.843506 3319.587402
2808.588623 3251.911621
2847.819824 3183.824463
2903.948975 3135.104004
3037.046387 3165.953613
3521.391846 3542.391846
2768.019531 2694.045410
3332.047363 3128.184570
4397.187988 3980.245850
3969.017578 3471.214355
4365.687500 3684.246582
4368.337402 3558.409912
4488.509277 3527.807861
4541.840332 3443.521973
4182.617676 3059.849854
4668.347656 3289.812012
4733.804688 3213.991455
4797.195801 3136.335205
4861.011719 3058.497314
5227.006348 3161.702148
5342.510742 3105.500000
4595.251953 2568.189697
3448.793213 1854.755981
4099.520996 2109.810303
3480.130615 1718.373047
4198.923828 1978.990356
4247.072754 1911.918701
4377.000488 1878.926514
4456.045410 1821.359253
4538.134277 1763.026611
4627.046387 1705.107178
4712.464355 1643.631714
4809.492676 1583.698975
4906.799805 1521.159180
4996.638184 1453.762939
4976.449707 1354.435669
5207.577148 1319.394775
5311.291016 1247.208252
5420.894043 1173.246582
5299.250488 955.400818
5155.732910 837.587891
5014.717285 725.772583
4884.319824 620.719055
4547.948730 499.008667
4400.191895 405.966919
4273.564453 319.836731
4150.304199 238.508240
4151.469727 165.972504
4197.360840 94.265205
4243.000000 21.000000
