180 2
-1516.000000 21.000000
-1522.768066 47.580013
-1542.060059 74.849922
-1548.874390 102.173065
-1556.199951 129.820099
-1561.037109 157.573044
-1567.366455 185.736862
-1582.118530 215.259735
-1588.390015 244.233658
-1602.030518 274.736694
-1606.221436 304.220184
-1623.611328 336.598083
-1630.572021 367.588776
-1639.864868 399.592621
-1639.799805 429.847992
-1660.426514 465.909943
-2202.250488 652.485168
-2215.758057 698.425232
-2230.227539 745.644836
-2242.770020 793.247681
-2264.659180 845.268555
-2275.135498 894.342712
-2284.581055 944.030640
-2301.262207 997.827820
-2308.529297 1048.823486
-1305.989502 629.992920
-1016.536072 516.797791
-888.333496 473.628540
-862.639771 479.673706
-837.885681 485.447601
-809.733765 488.500000
-789.451111 495.350067
-778.508179 507.465881
-769.060913 520.434021
-781.782410 548.318909
-807.683899 586.546387
-791.218628 595.854004
-748.321472 584.900696
-824.259277 664.981934
-1042.152710 864.918640
-1682.233643 1432.561646
-1648.285767 1453.832886
-1608.165405 1468.998657
-1562.902832 1478.430542
-1543.703247 1511.736816
-1504.723267 1525.723267
-1465.034546 1538.087646
-1424.694580 1548.797852
-1385.100342 1559.309814
-1344.921021 1568.154663
-1306.787231 1578.368408
-1273.115112 1593.166260
-1233.785645 1600.173584
-1200.019165 1613.479248
-1160.875854 1618.808594
-1127.651245 1631.452881
-1093.781372 1642.597534
-1060.956787 1654.730225
-1022.744202 1657.732788
-988.873108 1666.761230
-960.500000 1684.634766
-926.471191 1692.398315
-893.873840 1702.132202
-863.943909 1716.585449
-829.398193 1721.518311
-796.635437 1729.390137
-762.631226 1733.897705
-733.402344 1748.787598
-699.765137 1752.979492
-669.789673 1765.861816
-639.919678 1779.164917
-607.510193 1785.337646
-575.389648 1791.867188
-545.273254 1804.508423
-511.858582 1806.062988
-480.626953 1814.724243
-451.184326 1830.601562
-418.633911 1834.302734
-388.379028 1848.179688
-356.622009 1855.661255
-324.201141 1859.636108
-293.314636 1872.915649
-260.671204 1875.772095
-229.358109 1888.971802
-197.349731 1898.657349
-163.678482 1891.853638
-129.747040 1876.469116
-98.129921 1893.430420
-65.785553 1904.851685
-33.072311 1915.711426
-0.000000 1924.000000
33.386452 1933.708618
77.581581 2242.645752
111.946609 2157.068604
143.768097 2076.979492
173.004150 1998.446533
200.903702 1932.471069
241.910645 1991.204102
587.032166 4197.950684
636.375427 4038.916260
680.179932 3878.491943
720.876404 3729.587402
758.877686 3591.238770
748.187195 3261.754883
717.056519 2896.956543
771.539551 2900.424805
829.392822 2913.436523
890.564209 2933.904297
950.536255 2946.449951
1014.144775 2966.290283
1046.239624 2895.519775
1144.985596 3003.789551
1211.103149 3018.585449
1280.425903 3037.494385
1351.585815 3056.711670
1423.800903 3074.350830
1181.410278 2443.250000
1571.715088 3105.664551
1599.020142 3028.319580
1746.769043 3172.254883
1833.500000 3196.715088
1922.637085 3220.805420
2012.103394 3241.038574
1698.184570 2635.974854
1746.918579 2610.913330
2310.939453 3321.363525
2429.904297 3365.476318
2539.659424 3391.241943
2659.657471 3425.206543
2185.629639 2720.027832
2920.184082 3501.139893
3053.954834 3534.173096
3201.120850 3576.204834
3096.954590 3342.077148
3115.542725 3247.239014
3131.068848 3152.068848
3176.604492 3088.611328
3170.418213 2977.462891
3207.413086 2908.967773
3349.401123 2932.590088
3873.886719 3271.576904
3758.277832 3064.393311
3792.695801 2984.178711
3747.197754 2844.716064
3871.146240 2833.552490
3587.066895 2532.691162
3579.446045 2345.519287
3148.802490 1988.590210
3168.090332 1924.580688
3193.035645 1864.500000
1885.680054 1066.249512
1865.668213 1012.993408
1554.806396 813.213440
1558.508911 781.135559
1574.256592 755.087891
1578.606567 723.840942
1586.029907 694.229736
1597.537842 666.447144
1608.559082 638.467957
1620.030029 610.642700
1630.073975 582.279480
1638.670410 553.436279
1652.494629 526.218323
1658.176392 496.474426
1674.915405 469.792236
1681.522461 440.250641
1694.429565 412.189880
1701.976807 382.766327
1714.902710 354.343323
2007.038208 374.894989
2042.539429 344.506470
2057.777100 310.201691
2061.518311 274.122620
2069.600098 238.523727
2089.020264 203.765594
2100.869873 167.907135
2101.116455 131.114853
2112.712158 94.777534
2105.679199 57.754768
2115.000000 21.000000
