181 2
-594.000000 21.000000
-593.909546 31.366730
-591.639343 41.660503
-590.190063 51.930550
-598.538452 62.853886
-597.716797 73.293449
-596.713135 83.717079
-593.542603 93.877869
-601.092712 105.478073
-599.526794 115.955719
-597.778320 126.404442
-596.829346 137.011871
-603.517090 149.281509
-603.135071 160.244705
-600.613037 170.749649
-597.908081 181.208984
-601.749817 193.548981
-598.646790 204.024689
-597.263489 215.062668
-603.240845 228.712479
-597.644531 238.524811
-601.225769 251.788956
-607.305420 266.367310
-603.851196 277.319611
-606.594177 291.073120
-609.945129 305.422089
-605.787170 316.462158
-609.448486 331.529510
-612.765625 346.813263
-606.111450 356.973053
-607.949829 372.000000
-609.445923 387.192078
-608.898560 401.482025
-608.874817 416.407928
-607.684570 430.888397
-595.523560 437.990082
-643.977539 488.877075
-643.700195 506.062897
-643.804810 523.995422
-649.694031 547.111816
-646.541504 563.512756
-650.559631 586.522888
-653.967468 609.834961
-650.173462 627.296570
-651.721863 650.360474
-654.073792 675.073792
-652.284180 696.460083
-653.354431 721.636841
-653.740601 747.052490
-658.683289 778.728394
-657.571716 804.663452
-661.415710 837.780396
-663.683044 870.475586
-665.607422 904.290894
-665.372925 936.807251
-665.348694 971.216370
-668.235535 1011.699890
-672.629211 1056.758179
-669.288025 1092.084717
-670.064514 1136.174683
-669.500000 1180.608032
-674.854980 1238.470581
-674.630615 1289.795654
-648.752441 1294.248291
-652.734619 1359.304321
-658.439270 1433.027588
-630.035034 1436.081909
-600.944458 1436.736450
-572.773499 1438.664062
-544.719299 1440.042236
-516.450439 1439.935913
-489.003357 1441.168945
-461.053345 1439.976318
-433.587250 1439.199951
-409.321472 1448.473633
-381.758087 1445.740601
-356.834808 1452.186157
-329.103394 1446.503418
-303.135254 1447.139160
-277.245483 1447.304321
-251.268906 1446.016846
-226.047806 1448.209595
-201.940170 1457.879028
-175.979324 1454.236694
-149.998352 1448.138916
-124.719872 1446.554565
-100.240051 1454.499512
-74.945091 1451.037476
-50.045879 1454.126465
-25.044203 1455.781494
-0.000000 1453.000000
25.009298 1453.781738
50.290176 1461.122192
75.887138 1469.012817
100.937614 1464.475220
126.724449 1469.467041
153.238724 1478.969116
178.660461 1476.072632
205.419495 1482.635620
230.897278 1478.828003
256.652008 1476.545898
285.641052 1490.495850
310.827972 1483.330688
338.551331 1487.427002
366.027832 1489.057373
391.852020 1483.411743
422.552063 1494.614136
449.082947 1489.884155
475.577148 1484.676025
503.979492 1484.662720
532.525391 1484.101440
1465.366577 3838.410400
1604.065430 3991.201172
1713.746704 4058.334229
1879.530029 4242.493652
2008.281982 4327.774414
2069.988525 4265.105469
2136.025391 4213.185547
2199.943848 4158.492188
2257.758301 4094.104004
2319.500000 4038.491943
2384.626221 3989.684570
2483.731689 3995.801514
2584.856934 4001.330566
2690.277100 4009.499756
2795.611572 4013.547119
2903.071289 4016.734863
3011.482422 4017.372070
3128.791504 4025.670654
497.163116 634.945312
496.232025 612.386292
501.229095 597.598145
499.171417 575.386047
502.632782 560.007690
505.016632 543.960022
507.702667 528.702698
504.976532 508.650177
506.096771 492.942871
507.567902 478.016205
508.674255 463.183777
508.653503 447.810974
509.807739 433.834167
507.478912 417.485992
507.133545 403.152527
507.253662 389.541351
513.608337 380.632416
511.516174 366.022034
509.911713 352.140533
517.309326 344.250763
516.871887 331.567963
516.151123 319.000000
519.524109 308.976929
516.524353 295.640869
523.020813 287.492432
525.794495 277.447113
523.845886 265.273346
517.066711 251.212936
521.005737 242.153824
523.858887 232.652725
527.472961 223.477890
530.926331 214.241379
526.653870 202.341461
531.640564 193.740494
534.574341 184.435776
527.732666 172.324905
528.361450 162.574020
532.692383 153.815125
532.980408 144.048233
535.046753 134.727692
528.115417 123.655243
531.796204 114.770020
535.327087 105.787483
529.793396 95.457611
529.027100 85.956360
532.069214 76.922729
529.975586 67.366852
530.704102 58.110443
522.283264 48.371704
531.675903 39.566532
532.918823 30.302134
525.000000 21.000000
