13 4
-616.0000000000 21.0000000000 -0.0000000000 1580.0000000000
-0.0000000000 1580.0000000000 1186.0000000000 2075.2121582031
5534.3320312500 8225.9843750000 6382.5673828125 7902.8144531250
4127.2675781250 4768.8779296875 4005.4157714844 4469.4648437500
4079.0322265625 4395.2265625000 3749.0800781250 3770.0800781250
3749.0800781250 3770.0800781250 3950.7727050781 3705.1550292969
3950.7727050781 3705.1550292969 3913.1691894531 3422.6660156250
3077.9665527344 2603.7207031250 3025.1733398438 2384.5244140625
3025.1733398438 2384.5244140625 3243.0229492188 2291.7890625000
3243.0229492188 2291.7890625000 3469.5222167969 2361.2224121094
3480.4829101562 2281.2519531250 2738.4348144531 357.2375183105
2738.4348144531 357.2375183105 2280.2895507812 220.4994964600
2280.2895507812 220.4994964600 2584.4531250000 156.4454498291
