19 4
-959.0000000000 21.0000000000 905.1978759766 4677.8393554688
905.1978759766 4677.8393554688 2070.4506835938 5145.5449218750
5433.1801757812 11672.4931640625 6919.6855468750 11094.8125000000
4009.8728027344 5747.6918945312 3936.9855957031 5439.7958984375
3936.9855957031 5439.7958984375 4162.4873046875 5348.7407226562
4162.4873046875 5348.7407226562 4460.6230468750 5529.4106445312
4460.6230468750 5529.4106445312 3955.5905761719 4262.8515625000
3259.7622070312 3280.7622070312 3134.8828125000 3048.3212890625
3134.8828125000 3048.3212890625 3470.1545410156 3037.5593261719
1414.8840332031 1208.2287597656 1780.7257080078 1008.0723876953
1780.7257080078 1008.0723876953 1354.3299560547 711.0655517578
1907.2409667969 951.2235717773 2109.8918457031 830.9115600586
2109.8918457031 830.9115600586 1915.0935058594 718.0370483398
1915.0935058594 718.0370483398 2228.5874023438 788.3641357422
2228.5874023438 788.3641357422 2391.6191406250 706.7857666016
2164.6406250000 481.1085815430 2465.8474121094 500.3121948242
2431.6887207031 406.1416625977 1811.3967285156 243.4115447998
1811.3967285156 243.4115447998 2361.9775390625 227.6462707520
2361.9775390625 227.6462707520 2274.0000000000 21.0000000000
