16 4
-1291.0000000000 21.0000000000 1808.6025390625 4990.0947265625
1808.6025390625 4990.0947265625 3023.5000000000 5257.8554687500
7269.8417968750 11215.5751953125 8882.3828125000 10239.0126953125
4940.3959960938 5318.9262695312 5079.1479492188 5100.1479492188
5079.1479492188 5100.1479492188 5340.3789062500 5178.1435546875
5340.3789062500 5178.1435546875 5030.3471679688 4550.3452148438
1692.0588378906 1491.8843994141 1906.7863769531 1307.1436767578
1906.7863769531 1307.1436767578 1533.0898437500 1016.6001586914
1533.0898437500 1016.6001586914 1977.6481933594 1256.7717285156
1041.4582519531 646.7712402344 801.7164306641 447.2801818848
2164.2548828125 1123.7429199219 2316.9106445312 1004.4702758789
2316.9106445312 1004.4702758789 1822.8435058594 757.4765625000
2498.0600585938 881.1510620117 2211.2062988281 739.4645385742
1003.1636962891 327.6979064941 1115.7380371094 118.6144332886
1115.7380371094 118.6144332886 486.7033386230 37.9960556030
486.7033386230 37.9960556030 1171.0000000000 21.0000000000
