38 4
-3522.6572265625 642.1395263672 -3261.1440429688 714.1775512695
-3261.1440429688 714.1775512695 -3467.2709960938 1015.2239379883
-2830.3991699219 1340.8367919922 -2571.4448242188 1331.2165527344
-2571.4448242188 1331.2165527344 -3052.1250000000 1928.1794433594
-2148.6582031250 1888.8000488281 -1882.3182373047 1903.3182373047
-1882.3182373047 1903.3182373047 -2342.6643066406 2533.1999511719
-2342.6643066406 2533.1999511719 -2155.4223632812 2682.7248535156
-1549.6198730469 2004.4230957031 -1974.8237304688 2841.3405761719
-1852.3173828125 2873.3186035156 -1406.5689697266 2361.9238281250
-1406.5689697266 2361.9238281250 -1620.7185058594 2944.8537597656
-1620.7185058594 2944.8537597656 -1200.6986083984 2482.7968750000
-1068.6531982422 2804.9367675781 -901.1726684570 2638.1953125000
-1055.6020507812 3269.8090820312 -724.3141479492 2926.0654296875
-704.7716674805 3073.7014160156 -537.7883911133 3070.9497070312
-537.7883911133 3070.9497070312 -500.1881103516 3580.0234375000
-200.3943786621 3844.7524414062 -125.9522857666 3627.8015136719
-64.4168319702 3711.4377441406 125.8475875854 3624.8032226562
125.8475875854 3624.8032226562 217.1418762207 4164.3139648438
293.7445068359 4221.7421875000 334.3294372559 3842.4028320312
334.3294372559 3842.4028320312 457.9392089844 4378.0004882812
457.9392089844 4378.0004882812 726.7944946289 4609.7998046875
785.0745239258 3714.4853515625 915.7081909180 3016.1464843750
915.7081909180 3016.1464843750 1174.7301025391 3081.2766113281
1174.7301025391 3081.2766113281 1445.6068115234 3599.0024414062
1445.6068115234 3599.0024414062 1292.9293212891 3066.9504394531
1433.9437255859 3096.1022949219 1422.3522949219 2812.5234375000
1422.3522949219 2812.5234375000 1659.5032958984 3014.8232421875
1659.5032958984 3014.8232421875 1574.9200439453 2541.3989257812
1574.9200439453 2541.3989257812 1798.0350341797 2495.7829589844
1798.0350341797 2495.7829589844 1999.8312988281 2674.8657226562
1999.8312988281 2674.8657226562 1826.6676025391 2359.0278320312
1826.6676025391 2359.0278320312 2024.7891845703 2269.7563476562
2507.0219726562 2617.0974121094 2699.0266113281 2720.0266113281
2699.0266113281 2720.0266113281 3119.5695800781 2287.5000000000
1507.9296875000 1000.2609863281 1311.0823974609 840.2551879883
1311.0823974609 840.2551879883 1380.5476074219 694.3380737305
1380.5476074219 694.3380737305 622.0765380859 247.4173278809
622.0765380859 247.4173278809 808.0000000000 21.0000000000
