14 4
-3026.0000000000 21.0000000000 -3380.8571777344 556.4751586914
-4185.4936523438 910.6541137695 -4357.2915039062 1188.5327148438
-4357.2915039062 1188.5327148438 -4272.7695312500 1327.3167724609
-3191.7456054688 1058.0610351562 -2713.6384277344 955.3806152344
-2713.6384277344 955.3806152344 -2721.2846679688 1120.4703369141
-3801.6850585938 1634.7196044922 -2320.5449218750 2598.2263183594
-2320.5449218750 2598.2263183594 -2667.5686035156 3200.0844726562
-5761.3642578125 8562.5742187500 -5465.0571289062 8766.9199218750
-8822.0869140625 14703.4189453125 -8326.6054687500 15042.5937500000
-1985.3952636719 3754.9853515625 -1124.3099365234 4216.9819335938
-481.1826477051 1950.9182128906 -247.7921905518 1585.4982910156
-247.7921905518 1585.4982910156 30.1054019928 1745.7373046875
30.1054019928 1745.7373046875 558.8162841797 951.0265502930
690.8836669922 937.8335571289 1203.0622558594 105.1263046265
