17 4
-741.4319458008 112.0363998413 -477.4413452148 131.2260131836
-477.4413452148 131.2260131836 -1190.6893310547 1545.0128173828
-2561.6296386719 4120.4643554688 -2368.9536132812 4476.3535156250
-2368.9536132812 4476.3535156250 -2148.0185546875 4425.0908203125
-1105.9169921875 2504.9301757812 -1118.2006835938 2788.6437988281
-1719.9765625000 5016.1748046875 -1565.4801025391 4839.0522460938
-1565.4801025391 4839.0522460938 -1637.5739746094 5377.2626953125
-1358.7999267578 5092.1103515625 -1227.9954833984 4946.2211914062
-972.3626708984 5023.3720703125 -929.0177612305 5289.7216796875
-177.8632202148 1286.5626220703 79.2325744629 774.8475952148
79.2325744629 774.8475952148 340.8079223633 908.8349609375
343.6924743652 792.9459228516 567.7120361328 1045.1796875000
567.7120361328 1045.1796875000 947.4096069336 347.2192993164
947.4096069336 347.2192993164 641.6804809570 217.1814117432
641.6804809570 217.1814117432 1031.4243164062 278.1629638672
1081.8753662109 153.8375854492 729.2145385742 84.7980041504
729.2145385742 84.7980041504 1155.0000000000 21.0000000000
