17 4
-2356.0000000000 21.0000000000 -2577.5769042969 959.1612548828
-2577.5769042969 959.1612548828 -2280.7370605469 896.4929199219
-2280.7370605469 896.4929199219 -2602.6049804688 1072.5207519531
-2602.6049804688 1072.5207519531 -2674.8110351562 1325.5925292969
-2790.0368652344 1567.5427246094 -1916.4421386719 1518.2886962891
-1916.4421386719 1518.2886962891 -1119.2366943359 1308.5345458984
-1119.2366943359 1308.5345458984 -1112.6975097656 1734.4039306641
-1112.6975097656 1734.4039306641 -742.6007080078 1543.5571289062
-742.6007080078 1543.5571289062 -616.7979125977 1919.3088378906
-616.7979125977 1919.3088378906 1366.7684326172 1770.3839111328
1366.7684326172 1770.3839111328 1260.5286865234 1577.6234130859
1371.8194580078 1599.0977783203 1369.0941162109 1297.7009277344
1369.0941162109 1297.7009277344 2395.0256347656 1241.3264160156
3336.3234863281 1648.2336425781 3400.3449707031 1464.3608398438
2785.7189941406 715.5577392578 2186.1599121094 485.6826171875
2171.5009765625 403.8942260742 2467.7480468750 367.8193664551
3358.7761230469 433.4058532715 3328.0000000000 21.0000000000
