20 4
-1351.0000000000 21.0000000000 -1592.3828125000 763.5402832031
-1592.3828125000 763.5402832031 -616.4709472656 468.8923645020
-2337.6062011719 1782.5125732422 -1942.9367675781 1897.2722167969
-1346.8923339844 2095.0322265625 -0.0000000000 2481.0000000000
-0.0000000000 2481.0000000000 48.2559051514 2785.5788574219
48.2559051514 2785.5788574219 171.8101959229 2478.0002441406
438.9163208008 5037.8364257812 718.3825073242 4095.1496582031
668.5947265625 3460.6215820312 1316.0935058594 3636.9372558594
1457.5942382812 3628.6723632812 1840.7204589844 3795.0361328125
1593.0526123047 3147.5419921875 1786.3393554688 3380.6154785156
2137.5256347656 3877.1982421875 2477.3725585938 3985.6247558594
2722.1511230469 4056.7548828125 3121.6145019531 4163.5224609375
3121.6145019531 4163.5224609375 3083.8483886719 3968.1457519531
3083.8483886719 3968.1457519531 3212.7209472656 3716.8127441406
3212.7209472656 3716.8127441406 3144.9138183594 3513.7807617188
3144.9138183594 3513.7807617188 3804.9416503906 3825.9416503906
3804.9416503906 3825.9416503906 3691.1420898438 3463.0456542969
1524.9332275391 1394.0560302734 1701.4400634766 925.6716918945
1701.4400634766 925.6716918945 2019.2537841797 962.5935058594
2019.2537841797 962.5935058594 2292.6508789062 61.0183677673
