22 4
-856.0000000000 21.0000000000 -330.2531127930 1253.5213623047
-330.2531127930 1253.5213623047 -292.4235229492 1679.4162597656
-815.6492919922 5170.8071289062 -508.1179809570 5828.8149414062
-246.0310821533 3539.4084472656 -207.1980438232 3974.5742187500
-207.1980438232 3974.5742187500 -66.2842407227 3818.4216308594
-66.2842407227 3818.4216308594 132.7576904297 3822.6826171875
132.7576904297 3822.6826171875 170.8245544434 3280.5268554688
170.8245544434 3280.5268554688 262.3540954590 3772.8383789062
274.1047973633 3154.0322265625 382.6787109375 3661.9445800781
511.8786621094 3663.2060546875 751.1849365234 3555.0473632812
751.1849365234 3555.0473632812 730.4160766602 3184.7795410156
730.4160766602 3184.7795410156 869.4672851562 3508.2429199219
869.4672851562 3508.2429199219 1663.8072509766 3150.1662597656
926.9559936523 1693.2728271484 645.9715576172 1054.7706298828
645.9715576172 1054.7706298828 971.0212402344 1357.4960937500
971.0212402344 1357.4960937500 646.7269287109 690.7053833008
646.7269287109 690.7053833008 1075.2430419922 499.7290344238
2100.5920410156 912.6484375000 2536.7695312500 748.4069824219
2536.7695312500 748.4069824219 2109.4228515625 546.9381713867
1420.6315917969 348.9786376953 2359.8088378906 352.6495056152
2319.2250976562 264.7603759766 2223.6613769531 59.8141517639
2223.6613769531 59.8141517639 2000.0000000000 21.0000000000
