10 4
-891.0000000000 21.0000000000 -1307.6046142578 322.8843078613
-1307.6046142578 322.8843078613 -1386.9863281250 525.8217163086
-1386.9863281250 525.8217163086 -1634.4617919922 2537.8503417969
-1634.4617919922 2537.8503417969 -1112.8022460938 2642.5979003906
-1112.8022460938 2642.5979003906 3317.0537109375 8662.2207031250
3317.0537109375 8662.2207031250 3737.3432617188 8825.6289062500
1771.7448730469 4000.4040527344 2031.8729248047 3842.3972167969
2031.8729248047 3842.3972167969 1846.6398925781 3352.4265136719
1846.6398925781 3352.4265136719 1922.0172119141 3096.8703613281
510.3267822266 806.8343505859 1374.0000000000 21.0000000000
