19 4
-3330.0000000000 21.0000000000 -2965.6716308594 280.4626464844
-2965.6716308594 280.4626464844 -3211.4580078125 587.2667236328
-3211.4580078125 587.2667236328 -2923.2856445312 589.2291870117
-2923.2856445312 589.2291870117 -2794.4516601562 717.7350463867
-2794.4516601562 717.7350463867 -3004.3874511719 997.1846923828
-3004.3874511719 997.1846923828 -1463.1934814453 2110.6569824219
-1463.1934814453 2110.6569824219 -1267.9196777344 1973.4250488281
-1267.9196777344 1973.4250488281 -1353.4138183594 2186.9147949219
-1353.4138183594 2186.9147949219 -1042.5000000000 1826.6629638672
-1042.5000000000 1826.6629638672 -676.7471923828 2103.8137207031
-539.4858398438 2184.7595214844 -171.0428771973 2467.0270996094
-159.7293395996 3068.8173828125 113.2139663696 3263.0239257812
95.7224655151 1847.4934082031 143.3712005615 1659.7402343750
538.8303222656 3076.8583984375 1789.7421875000 1369.6674804688
2395.4992675781 1761.4321289062 1831.6564941406 1210.4916992188
13881.5214843750 8035.5000000000 14021.9033203125 7793.4677734375
5763.0673828125 2831.8356933594 3990.1228027344 1552.6646728516
2914.9265136719 1081.9465332031 3194.2148437500 641.8924560547
3128.7341308594 572.6802368164 3545.8386230469 144.8234100342
