181 2
-4972.000000 21.000000
-4967.243164 107.703552
-4999.952148 195.602188
-5007.128418 283.412476
-5009.766602 371.317017
-5002.889648 458.696136
-5003.439453 546.882690
-5010.373047 636.196472
-5005.805176 724.520020
-5018.444336 815.843506
-5019.564941 906.084778
-5016.114746 996.033997
-4672.611328 1014.194153
-4346.665039 1024.506714
-4175.182617 1061.989868
-3924.556641 1072.581787
-3676.825928 1075.312866
-3460.866943 1079.093140
-3279.242920 1086.490601
-3107.919678 1091.142578
-2950.634766 1094.943237
-2799.807617 1095.745483
-2617.439941 1078.514404
-2518.501221 1090.040405
-2521.385498 1143.593140
-2225.891846 1058.950439
-2232.604492 1109.913940
-2247.118408 1165.963989
-2265.643555 1225.664062
-2275.760498 1282.474609
-2292.369141 1344.500000
-2315.208984 1412.117798
-2321.955566 1471.918945
-2342.406982 1542.176880
-2361.099121 1613.581421
-2377.998291 1686.092407
-2393.072266 1759.668823
-2408.684814 1836.074097
-2536.606689 2002.814331
-2542.044434 2079.507080
-2540.969482 2153.126465
-2543.371338 2231.918945
-2546.014160 2313.441406
-2542.916748 2392.308350
-2543.585449 2477.312012
-1274.913574 1295.913574
-2544.533691 2655.941650
-2543.854004 2748.949219
-1805.314331 2026.004761
-1577.822021 1836.076538
-1529.834473 1844.185791
-1473.239014 1840.298706
-1424.025024 1843.668823
-1373.341919 1843.486206
-1317.226807 1834.007080
-1051.939209 1523.324829
-1230.783569 1845.711670
-1187.857788 1850.140503
-808.126892 1314.273315
-1100.121338 1851.909302
-1057.500000 1852.643677
-713.154968 1307.565552
-978.378723 1861.062744
-937.944397 1861.819458
-896.907349 1859.932617
-822.415161 1784.674927
-821.201294 1865.448242
-749.813049 1787.448853
-745.467102 1866.095825
-710.643616 1872.290039
-672.069580 1867.495972
-639.415833 1877.998535
-600.111023 1867.951782
-565.446899 1870.493408
-533.082642 1880.080078
-495.897278 1871.713867
-463.522339 1880.086670
-428.756714 1878.149292
-394.408478 1876.546021
-254.157578 1328.527466
-282.525574 1623.282227
-294.409668 1879.829468
-260.532043 1874.781860
-228.748764 1884.009155
-195.050110 1876.777832
-162.632614 1879.899292
-130.165573 1882.454468
-97.240204 1876.453735
-64.843262 1877.868164
-32.426571 1878.717041
-0.000000 1879.000000
32.444023 1879.716919
64.947960 1880.866333
98.025246 1891.433105
130.653870 1889.437500
163.852798 1893.846069
196.513504 1890.701172
228.992493 1885.994263
262.897980 1891.616333
298.476959 1905.509399
331.147064 1899.028442
363.872742 1892.963013
398.358795 1895.130859
432.805817 1895.687988
467.635010 1896.581665
502.626587 1896.828003
540.800476 1906.995483
575.972229 1904.920410
608.763489 1894.581299
647.555054 1901.636475
686.092407 1906.023438
722.469788 1903.098145
762.324402 1907.819092
797.872986 1900.670898
839.504456 1906.557861
876.932922 1901.588623
921.017761 1909.366333
961.097900 1907.260864
1003.730225 1908.741943
1045.249512 1906.680054
1092.500000 1913.265503
1134.628906 1909.339600
1180.660156 1910.451172
1228.161011 1912.202148
1275.519043 1912.034668
1323.240845 1910.783813
1349.554932 1878.503052
1348.667480 1810.742188
1339.679321 1735.711426
809.935364 1021.186829
784.843689 956.340271
799.735962 940.990967
796.934570 906.085510
802.030090 881.071960
944.040710 998.582764
960.958130 981.958130
1023.620544 1009.498840
1097.761963 1044.679565
1098.368042 1009.975037
746.407776 669.842407
514.781860 452.953278
516.024902 438.868744
516.147034 424.258270
524.703552 416.392456
522.625000 400.709259
521.799866 386.368195
528.925964 377.765076
526.685120 363.033325
525.789795 349.549957
524.586365 336.203308
523.079346 323.000000
529.144897 314.309814
527.119690 301.274536
533.712891 292.940308
531.187256 280.077362
534.721619 270.344788
529.856384 256.907257
532.051819 246.842590
534.057922 236.773392
539.609497 228.136673
533.745422 215.267441
539.891113 206.899414
538.297974 195.903625
542.224792 186.774750
545.035400 177.286377
549.611816 168.268036
555.009155 159.379318
550.519104 148.097351
542.871948 136.390991
546.766357 127.280609
541.644287 116.506500
546.191650 107.508263
550.589050 98.380241
541.930176 87.540665
543.008972 78.072540
542.926086 68.499878
536.689453 58.528984
537.262695 49.156746
545.667419 40.055126
536.918213 30.371943
536.000000 21.000000
