180 2
-770.000000 21.000000
-773.882141 34.508163
-780.524231 48.256508
-791.913208 62.502415
-791.068298 76.316887
-788.986206 90.027351
-795.617493 104.622772
-939.941223 136.410263
-1136.827759 180.770721
-1143.743042 202.151108
-1147.301025 223.300125
-1145.558960 243.674103
-1157.148560 266.959534
-1161.449097 289.141663
-1166.295410 311.790131
-1169.736206 334.429871
-1181.390625 359.758301
-1181.992676 382.371429
-1189.771729 407.580261
-1203.645142 435.448273
-1205.625610 459.811859
-1210.853760 485.803223
-1218.319580 513.233093
-1227.032959 541.844604
-1233.286377 570.094482
-1245.266846 601.677490
-1244.829712 628.144043
-1258.992188 662.488586
-1268.795654 695.630615
-1276.070190 728.337219
-1290.377808 766.000000
-1295.179810 799.222534
-1307.690186 838.135498
-696.935242 473.595032
-607.684570 430.888397
-596.342712 438.563660
-582.492249 444.205383
-558.246216 441.668701
-340.420654 286.965759
-321.738434 281.538635
-316.376343 286.471283
-315.468597 295.232666
-305.432526 296.012665
-301.317719 301.983337
-303.561401 314.145844
-457.498077 478.498077
-443.886688 480.658142
-437.842957 490.529083
-430.250977 498.842133
-417.253540 500.995300
-409.455719 508.970306
-395.213196 509.047668
-381.094452 508.778656
-372.523499 515.355408
-359.724579 516.118408
-346.440155 515.767822
-338.311707 522.567749
-330.051270 529.234375
-316.361786 527.284729
-308.507812 534.443237
-329.000000 590.844727
-355.850250 662.970886
-384.497223 744.134094
-423.119141 851.418091
-468.180389 980.912048
-447.552734 980.779968
-431.954315 991.185303
-901.416687 2144.604736
-583.637085 1465.552490
-818.870789 2154.231201
-726.450806 2016.907104
-707.785156 2076.557373
-660.060303 2052.456787
-653.450745 2158.341064
-609.709839 2147.310791
-562.154968 2118.990967
-524.970520 2126.541748
-482.744965 2111.998047
-456.366150 2168.033936
-413.483093 2148.186035
-369.176025 2114.701172
-332.266815 2118.850098
-294.907806 2119.377930
-259.703583 2136.115967
-222.332047 2136.348145
-143.140289 2068.001465
-112.522308 2168.053467
-75.033920 2169.690186
-37.609936 2175.671875
-0.000000 2514.000000
43.194706 2495.623047
76.534599 2212.664062
115.453117 2223.976807
157.579880 2274.497070
240.637009 2771.493652
191.705200 1844.953125
220.705383 1818.501099
236.733444 1705.446045
266.877197 1705.996338
515.214172 2942.924561
546.286133 2831.398682
581.944824 2758.835205
616.365906 2690.773926
640.851074 2591.313477
671.635437 2527.577637
718.310974 2526.048096
766.598633 2528.431152
820.131104 2545.104004
733.505066 2151.253418
747.656006 2075.167969
686.274597 1808.806519
646.570984 1621.319336
656.819031 1568.368652
667.861572 1521.041626
675.343994 1469.279785
684.735718 1424.916260
690.065552 1375.329956
618.763550 1184.724976
635.100586 1166.751831
711.500000 1253.354126
720.023254 1219.319946
727.049255 1184.521973
731.994873 1148.173218
743.167358 1122.790894
744.502197 1084.259399
754.128479 1058.968750
757.685120 1026.482056
763.420227 998.133362
770.288147 972.226685
772.630737 941.785400
780.054199 918.349670
783.551941 891.222595
789.754089 867.907593
795.383850 844.644043
798.323547 819.323547
799.905884 793.460083
803.757690 770.516174
806.312134 747.006714
399.996063 368.711273
383.788269 343.036591
385.464386 333.142914
391.641357 326.983765
398.519135 321.305695
408.553589 317.831543
674.162109 493.053406
840.644104 588.021606
740.546082 501.916260
748.826477 488.918701
762.878906 479.383881
859.097229 517.000000
858.001953 496.598236
861.756836 479.204254
866.058350 462.278778
873.627808 447.096741
872.774414 427.981384
874.263000 410.246979
875.400085 392.585297
878.043091 375.752441
886.901428 361.449554
889.888916 344.893066
899.188171 330.615326
1007.168823 348.248993
1360.821655 437.044922
2586.755127 762.740112
2597.374512 716.964417
2611.065918 672.011841
2614.234863 624.543701
2624.370117 578.827087
2631.742432 532.558899
2647.163330 487.766296
2652.930908 441.182983
2656.889160 394.401428
2670.941650 348.950409
2680.236572 302.704224
3469.746094 324.563446
3506.437744 266.194000
3520.169189 205.484253
3530.847900 144.299927
3542.460449 82.833878
3562.000000 21.000000
