181 2
-709.000000 21.000000
-709.891846 33.391209
-720.560791 46.162537
-730.996826 59.309921
-738.197388 72.619789
-735.191711 85.320938
-742.907837 99.082764
-754.335083 113.620705
-760.525879 127.884941
-776.323059 143.957489
-3330.619873 608.278137
-3205.994385 644.182190
-3097.793457 679.456299
-3017.624023 717.673401
-3042.847412 779.667053
-3062.950684 841.715210
-2737.673340 806.015198
-2776.152588 869.755066
-2820.833740 937.544434
-2872.485352 1010.076050
-2919.625000 1083.656616
-2972.520020 1162.043579
-3035.599854 1247.462036
-3087.373291 1331.512207
-3154.472412 1425.461670
-3340.650391 1578.770874
-3380.364502 1669.713867
-3409.882080 1758.421631
-3445.261475 1852.878052
-3481.861084 1951.027100
-3515.197021 2050.500000
-3553.815674 2156.347900
-3599.964111 2270.507324
-3644.023682 2387.456543
-1920.051025 1316.090820
-2427.147461 1720.506958
-2376.891846 1747.913086
-2324.029297 1772.281738
-2263.954834 1789.795410
-2210.980225 1811.416504
-2085.938965 1771.310669
-2104.130371 1850.092529
-2057.768066 1873.822632
-1627.993286 1539.128296
-1958.042969 1911.860107
-1480.681641 1501.681641
-1858.905762 1945.953247
-1408.326660 1531.245361
-1766.504761 1982.902344
-1696.568604 1972.678955
-1673.818970 2015.779785
-1572.042358 1962.310669
-1586.559570 2051.703613
-1539.442871 2063.909668
-1497.676880 2082.375244
-1456.884155 2101.646240
-1415.317261 2119.294189
-1373.579590 2136.127197
-1331.687134 2152.144775
-1289.140259 2166.489746
-1017.500000 1783.361694
-1197.479736 2181.310791
-1015.466980 1930.815674
-1125.896484 2230.696289
-1087.598755 2250.907959
-1044.712402 2261.392822
-1005.453003 2279.284424
-962.370789 2288.203369
-922.656067 2304.653809
-883.018616 2321.342285
-845.815796 2344.859863
-804.804504 2358.322021
-763.890015 2372.011719
-722.742859 2384.985352
-683.856262 2405.890381
-644.459412 2426.155273
-602.385498 2437.036377
-559.903198 2446.207031
-520.818787 2471.259766
-477.594910 2478.012939
-436.377869 2495.821777
-394.840576 2513.925293
-352.386292 2528.358643
-309.548126 2542.067139
-266.338531 2555.041748
-223.641632 2577.235596
-179.622925 2589.727539
-135.707138 2610.446289
-90.843391 2622.414307
-45.760208 2642.600586
-0.000000 2661.000000
46.405949 2679.594971
93.635353 2702.365479
58.197582 1131.476074
75.336990 1098.369141
91.077751 1062.023438
105.364693 1023.478088
118.578873 986.747375
131.657761 957.793579
143.763275 928.685608
154.373230 896.494080
166.003830 875.015625
175.477463 846.556580
185.809570 825.829651
193.537521 797.236572
204.208221 783.115479
211.689484 759.248962
219.278778 738.228577
229.908646 728.586060
236.036911 706.500977
245.228439 694.759583
254.082870 682.908508
294.440796 749.766479
309.068329 749.119324
330.270142 762.798889
350.350525 772.329163
366.478271 772.391846
392.247803 790.829651
409.848663 791.813232
431.480560 799.411560
460.500000 818.609375
483.105713 825.022949
511.902008 840.214478
535.924805 846.251831
424.986603 651.068542
347.587311 517.406128
356.197876 511.264313
359.885376 498.584045
368.165558 492.230438
370.040375 477.961823
378.601898 472.200165
379.202118 457.222137
386.088348 449.794556
379.191101 427.632660
341.077271 374.195831
338.704163 359.704163
344.563751 353.741364
356.169250 353.133209
352.993805 338.837036
356.977631 331.315918
372.297607 333.394775
374.584351 324.332428
442.074036 366.386078
446.437256 357.414612
451.431488 348.984161
460.363434 343.349945
459.286804 330.792877
467.139496 324.363953
475.754974 318.284698
481.728027 310.451385
487.572296 302.500000
484.539307 289.584534
497.099487 285.312500
498.072632 274.780701
502.425873 266.049469
512.063904 259.779327
513.412537 249.585999
531.131287 246.451859
531.276367 235.649582
530.273682 224.552994
529.986633 213.899368
539.891113 206.899414
547.808533 198.993790
549.875244 189.113724
549.841675 178.664566
558.305115 170.597412
559.860657 160.588928
571.955200 153.046265
572.216370 142.628342
564.435608 130.715179
576.112549 122.584183
577.797668 112.514160
603.073242 105.756416
677.908997 104.236763
2276.460693 260.265656
2381.901611 229.389374
2382.182861 187.578461
1802.526367 115.466400
1618.013794 77.502289
1614.754028 49.185635
1582.000000 21.000000
