181 2
-475.000000 21.000000
-469.928406 29.202631
-468.714294 37.367863
-465.361359 45.388557
-472.845367 54.064568
-465.222931 61.701733
-455.491028 68.874039
-463.519043 77.912987
-457.503845 85.297974
-452.361267 92.646988
-449.072327 100.183571
-445.658752 107.627281
-449.947906 116.639381
-440.415283 122.677879
-440.514252 130.832535
-438.530334 138.503845
-441.219116 147.517548
-434.162354 153.736755
-435.583893 162.529785
-429.265442 168.807938
-420.982300 174.225021
-421.978363 182.982315
-419.087097 190.322174
-417.909210 198.391937
-413.836090 205.251694
-416.901581 215.404404
-407.153717 219.582123
-410.753998 230.289627
-407.038849 237.426392
-402.325073 244.012421
-400.103729 252.000000
-406.297302 265.128052
-393.494324 266.882538
-393.336487 276.435699
-429.441467 310.661926
-439.884644 329.010559
-440.914276 341.342957
-433.659088 347.785553
-427.889832 355.304169
-428.984558 368.384857
-422.856537 375.818756
-414.335571 381.176422
-411.702240 391.698364
-416.871613 409.739075
-464.693512 469.749298
-466.690491 487.690491
-463.337128 500.799652
-455.574890 509.544281
-457.016205 528.567932
-446.120148 534.202515
-441.595093 547.272522
-435.489716 558.785034
-429.731720 571.031494
-430.899567 592.822998
-424.380951 605.110291
-418.710785 618.981018
-412.125183 632.000671
-403.577515 642.454895
-401.148895 662.972412
-394.004120 676.732971
-393.500000 702.562012
-385.423645 716.322693
-383.558258 742.368164
-1429.616089 2826.779541
-1418.569092 2929.497559
-1406.473633 3037.192383
-1392.259521 3148.066162
-1380.453125 3273.143555
-1418.635132 3532.245361
-1386.883911 3633.956299
-1351.321533 3733.725586
-1312.039673 3831.439941
-1276.240234 3948.863525
-1232.346680 4051.824463
-1191.855957 4177.495605
-1147.344849 4302.949219
-1103.163818 4445.548340
-1052.770874 4581.051758
-505.225403 2397.898682
-581.395020 3012.018066
-524.070190 2993.149902
-467.739044 2974.188232
-411.256500 2947.242188
-345.133972 2831.890625
-304.177826 2915.058594
-251.182846 2892.033203
-199.782547 2878.023438
-121.262413 2334.824707
-98.416580 2839.282227
-41.397106 2392.638672
-0.000000 2802.000000
37.993889 2197.668457
93.391052 2695.369873
143.714539 2763.236816
184.226852 2655.566650
236.976471 2729.653320
283.167603 2715.159912
328.925354 2699.882080
374.375641 2684.821045
419.400787 2668.992432
463.814270 2651.421387
509.650818 2642.926270
553.252991 2623.850830
470.597595 2059.382080
620.045837 2507.867920
683.799927 2572.976074
728.509521 2561.614746
773.030762 2549.469727
817.040955 2535.593506
860.476624 2520.005615
904.301270 2505.547363
944.299561 2480.984375
990.459839 2472.474121
1033.093140 2454.814941
1075.411743 2436.414307
1121.206299 2425.434570
1167.382324 2414.488525
1213.062622 2401.769531
1253.958496 2379.353027
1299.774536 2365.855469
1345.000000 2350.608398
1389.572754 2333.637451
1435.551270 2318.362305
1480.328857 2300.506592
1524.919067 2281.785400
1573.320190 2267.934082
1622.875122 2254.695801
1666.425781 2232.421631
1722.620850 2225.854004
1765.243652 2200.894531
1815.232178 2184.309570
1864.519775 2165.884521
1918.397461 2151.596191
885.915894 971.028442
868.322937 920.174744
852.770752 873.770752
838.030884 830.276978
827.161011 792.340149
814.486755 754.367126
799.992126 716.422546
791.323914 684.999573
782.585999 654.725647
772.250549 624.348267
769.085999 600.547852
757.239929 571.166992
751.981567 547.543152
744.475769 523.155212
745.578125 505.184113
814.974243 530.252441
832.309448 521.101990
857.365173 516.000000
882.491272 510.172913
906.787170 503.147308
930.210815 494.966095
962.608398 490.495483
986.969177 481.231293
1010.381287 470.850739
718.914307 326.161011
713.931580 309.447083
711.388306 294.076385
707.588562 278.541168
705.356873 263.873840
688.564941 244.728302
608.209839 206.948410
608.478638 195.478439
610.465149 184.573639
610.316040 173.168869
613.853149 162.719162
626.014465 154.063477
683.212524 153.803055
680.502136 140.990891
687.431091 129.878387
683.284973 117.029442
674.931396 103.871155
674.285828 91.870300
667.450439 79.394348
671.360596 67.946106
663.090027 55.751076
664.594910 44.208164
665.898560 32.623302
661.000000 21.000000
