179 2
-2400.000000 21.000000
-2432.629395 63.461704
-2466.496582 107.131958
-2499.569824 151.996902
-2537.802979 198.460464
-2879.002686 272.880096
-2917.927246 327.686523
-2959.772705 384.414368
-3042.103516 448.539764
-3101.341309 512.204224
-3147.445557 575.979553
-3193.233154 641.701660
-3577.085693 781.333069
-4084.559326 963.994812
-4161.598145 1058.603027
-4241.380371 1157.474487
-4318.948730 1259.438599
-4410.477539 1369.418335
-4004.898926 1322.270508
-3518.274658 1232.439087
-3229.723633 1196.523193
-3413.169922 1331.193237
-3357.332764 1377.450439
-3364.445312 1449.122314
-3478.781006 1569.853149
-3587.166260 1693.723022
-3609.556885 1781.498535
-4011.311279 2064.865234
-4985.122070 2671.636475
-4905.741699 2740.297119
-2577.291504 1509.000000
-4741.849609 2870.190674
-4664.264648 2935.555908
-4844.161133 3166.834961
-4858.390625 3422.881836
-2336.807617 1781.910767
-2151.269287 1701.755859
-2150.362793 1762.329468
-2246.042236 1905.653320
-2149.412842 1889.456055
-2473.186035 2247.866699
-2609.469971 2454.370117
-2539.988770 2473.838623
-3323.401855 3344.401855
-1917.257080 2006.377808
-1864.583496 2020.520996
-1874.903931 2103.291748
-1720.186768 1999.848511
-1750.310669 2106.938965
-1708.604858 2130.951172
-1682.602783 2174.633301
-1656.796753 2219.643555
-2260.034180 3131.670410
-2204.254150 3169.001221
-2154.010986 3214.452637
-2231.386230 3457.033203
-2614.621582 4205.269531
-1847.956665 3096.516357
-1790.000000 3121.370850
-1738.042480 3156.511719
-1633.760986 3093.657715
-1349.259766 2669.071289
-1248.042603 2579.866699
-1930.520264 4161.014160
-1855.532593 4188.594238
-1607.858643 3808.877441
-1548.249023 3853.050781
-1495.111084 3915.897461
-1436.142578 3966.769287
-1376.827759 4019.598145
-1269.750854 3928.891113
-1146.681885 3771.627197
-812.027649 2852.876953
-716.152283 2693.716797
-641.093018 2592.283691
-572.500427 2500.771729
-508.344086 2412.570801
-462.330200 2399.482666
-423.701569 2423.930908
-384.828796 2450.713379
-345.566803 2479.835693
-304.795227 2503.357910
-264.143433 2534.156738
-222.334305 2562.292725
-179.622925 2589.727539
-136.492172 2625.425781
-91.820580 2650.397217
-46.510662 2685.593994
-0.000000 2724.000000
47.976665 2769.581299
97.753487 2820.293701
148.948135 2863.099609
192.318604 2771.284180
237.760864 2738.619141
280.031738 2685.324219
320.881989 2634.374023
360.458344 2585.794189
399.064331 2540.593018
434.815033 2486.958496
468.817688 2432.857910
505.017487 2396.920410
538.307861 2352.667480
570.209900 2307.987061
603.307190 2272.572998
632.587708 2227.095703
663.391418 2190.855469
692.507080 2152.317627
720.807922 2114.378174
751.076233 2084.564941
776.583374 2044.068726
801.658081 2005.173462
829.131470 1974.311279
855.367188 1942.186157
882.004333 1912.464355
906.551514 1879.706055
929.318542 1844.890381
952.088318 1811.617676
974.467346 1778.985596
881.000000 1546.936768
905.951965 1528.757324
926.298889 1503.388062
947.127258 1479.448120
967.403748 1455.234985
986.551453 1429.941528
1005.112793 1404.419067
1023.687378 1379.479004
1047.240112 1361.406250
1064.810059 1335.930908
1081.811523 1310.252808
1081.841309 1265.516113
716.638855 816.908081
724.282288 797.697632
762.734863 810.835083
767.917969 788.917969
763.219543 758.032532
778.891663 747.328247
777.329468 720.910645
782.633850 701.333191
798.218323 690.784668
1206.907715 998.334595
1293.125610 1031.300537
1328.130859 1021.818359
1496.681396 1108.402710
1517.888794 1083.837158
1536.206665 1057.184448
1522.187134 1009.519836
1247.478760 800.511230
1210.320190 748.233765
1221.961792 726.500000
1241.085327 708.944824
1252.019653 686.710693
1271.466309 668.844421
1281.680298 646.117249
1299.645386 627.034607
1317.332520 607.514221
1335.652588 587.950867
1354.615601 568.300232
1372.363281 547.800903
1388.865723 526.505798
1406.931641 505.445404
1422.780518 483.289429
1438.282349 460.727051
1452.466431 437.488037
1442.127319 407.416840
1494.255371 393.559723
1499.555542 367.199677
1532.757324 346.797607
1545.081177 321.333344
1564.859497 296.926941
1579.313599 271.138702
1605.224487 246.599594
1625.790649 220.621979
1639.966553 193.367432
1659.660400 166.201462
1682.890503 138.679169
1702.663330 110.232803
1723.949219 81.201630
1752.733032 51.594067
2350.000000 21.000000
