181 2
-727.000000 21.000000
-730.888672 33.757710
-731.554077 46.546432
-747.973511 60.199631
-755.156006 73.805649
-759.100342 87.412674
-763.792786 101.277863
-768.230713 115.326874
-782.311768 130.946747
-783.236877 145.052536
-784.891785 159.397598
-797.081299 175.936905
-803.059204 191.695496
-825.291443 211.533539
-829.602844 227.843216
-901.208801 262.478180
-890.128357 276.240204
-865.455811 285.596405
-851.195557 297.570221
-827.328735 305.872131
-813.773804 317.189453
-797.277710 327.046234
-776.980042 334.920319
-764.019043 345.306824
-752.761475 356.151001
-734.109314 363.320801
-719.934021 372.135284
-715.478210 385.554382
-700.177429 393.290955
-676.081055 395.757843
-662.509460 403.500000
-654.875793 414.489075
-639.428284 420.559113
-630.680237 430.568542
-620.120117 439.276306
-606.991638 446.020142
-598.672546 455.961090
-582.205261 459.723145
-568.155762 464.891937
-562.653687 476.627960
-547.721802 480.593140
-536.598511 487.457977
-526.146545 494.744476
-516.335693 502.490845
-505.695892 509.344849
-490.732117 511.732117
-482.787567 520.941162
-476.716858 532.216248
-462.369263 534.513062
-453.336792 542.504333
-444.166229 550.336731
-436.119019 559.562134
-422.959442 562.363403
-411.641479 567.266663
-402.632904 575.176636
-392.326294 581.299988
-385.283905 592.206909
-370.354553 591.295959
-364.054535 603.609070
-351.255981 605.588074
-341.000000 611.629333
-332.094604 620.114502
-319.240662 621.404358
-311.891479 633.121460
-299.845856 635.775146
-291.606598 646.352356
-276.174194 641.297363
-268.041565 652.466309
-259.976990 664.465576
-248.348984 667.971252
-238.388046 675.965759
-225.944305 677.189880
-217.547958 690.543762
-207.291534 699.020081
-195.978165 704.457092
-183.243881 704.875488
-173.457993 716.702026
-161.064957 718.648987
-148.864777 721.353699
-137.573288 728.753174
-126.415871 737.940063
-113.102119 735.098694
-100.900497 738.944336
-89.330231 748.536316
-77.664650 759.929749
-65.018181 764.161255
-52.177841 767.177917
-39.094959 766.976257
-26.418919 777.538879
-13.368544 786.883362
-0.000000 796.000000
13.735044 807.880127
27.745100 815.515686
42.182781 825.895386
56.712013 832.019592
78.614479 919.567627
96.270714 936.954651
112.972885 941.090271
140.564835 1021.170776
165.507660 1065.974243
186.671783 1079.668335
206.646149 1084.102295
227.455383 1091.093506
249.920624 1103.525146
272.162140 1112.582642
297.124268 1129.882812
322.495697 1145.676147
349.384186 1163.784180
382.872070 1199.359009
1275.576050 3725.541748
1437.168701 3969.588379
1535.606689 4021.392090
1638.154663 4075.574951
1747.740356 4138.417969
1860.413452 4199.557129
1980.389160 4267.958496
2102.427979 4331.616211
2237.265137 4411.880371
2378.343018 4494.012695
1374.435303 2500.546875
1728.000000 3013.983887
1766.065552 2960.226562
1798.546021 2899.275146
1818.549683 2821.321045
1862.671509 2782.524170
1894.522949 2726.659180
1930.286743 2677.811768
1959.509766 2621.357178
1615.495728 2088.740234
2019.489136 2514.861328
1775.379395 2136.814697
2032.470825 2359.090332
2106.423096 2360.419922
2118.968994 2293.315918
2162.471436 2260.304688
2194.859375 2215.859375
2220.602051 2165.410400
2245.255859 2114.734863
2275.509521 2069.877930
2298.090576 2018.699707
1888.299561 1605.471436
2325.997803 1904.555908
2379.792480 1880.297607
2403.892822 1832.463257
2427.860107 1784.943481
2450.902832 1737.140747
2480.480469 1694.105225
2501.754395 1645.658203
2529.727539 1601.749146
2556.930176 1557.358521
2583.353760 1512.500000
2608.115967 1466.702271
2640.896240 1425.189453
2665.000488 1378.885620
2688.292969 1332.168091
2719.829590 1289.277344
2741.549805 1241.616699
2769.799072 1196.709961
2798.240967 1151.562744
2825.014404 1105.421387
2851.967041 1059.031128
1730.298950 616.789734
1401.857300 476.491058
1308.224854 420.964478
1229.453735 373.540192
1163.940674 332.876953
1103.226196 296.065186
1075.704590 269.345978
1130.738647 261.345917
1133.779419 241.384384
1153.209839 224.342010
1164.484497 205.436234
751.613464 126.632385
745.402161 112.523880
748.875000 99.709930
731.206909 84.972313
748.173035 73.317352
790.914612 62.450077
786.520569 48.465904
767.883057 34.403450
748.000000 21.000000
