20 4
-1245.0000000000 21.0000000000 -1515.9196777344 100.4459838867
-2524.8347167969 197.5536346436 -766.8517456055 1201.8481445312
-766.8517456055 1201.8481445312 -470.8799743652 906.5964355469
-470.8799743652 906.5964355469 -261.2756347656 1068.9194335938
-261.2756347656 1068.9194335938 -330.2281494141 1451.3752441406
-330.2281494141 1451.3752441406 470.7799987793 1909.1954345703
470.7799987793 1909.1954345703 759.2249145508 2225.9492187500
1758.3255615234 4851.9599609375 1940.2041015625 5075.4042968750
1940.2041015625 5075.4042968750 2660.0361328125 5474.8823242188
2162.3859863281 4087.8566894531 2301.1901855469 3850.8234863281
2301.1901855469 3850.8234863281 2048.3874511719 3175.2399902344
2048.3874511719 3175.2399902344 2470.9672851562 3549.9069824219
2470.9672851562 3549.9069824219 2489.1069335938 3324.1564941406
2489.1069335938 3324.1564941406 2673.9963378906 3207.7448730469
2313.9201660156 2682.8605957031 2628.3449707031 2940.0727539062
2628.3449707031 2940.0727539062 2824.4809570312 2945.8356933594
1163.8977050781 1184.8977050781 992.4469604492 946.4718017578
992.4469604492 946.4718017578 1252.5173339844 605.0584106445
1252.5173339844 605.0584106445 1938.5859375000 726.5875854492
1938.5859375000 726.5875854492 2339.0000000000 21.0000000000
