19 4
-770.0000000000 21.0000000000 -1136.8277587891 180.7707214355
-1136.8277587891 180.7707214355 -1307.6901855469 838.1354980469
-696.9352416992 473.5950317383 -301.3177185059 301.9833374023
-301.3177185059 301.9833374023 -457.4980773926 478.4980773926
-308.5078125000 534.4432373047 -431.9543151855 991.1853027344
-818.8707885742 2154.2312011719 -726.4508056641 2016.9071044922
-653.4507446289 2158.3410644531 -143.1402893066 2068.0014648438
-143.1402893066 2068.0014648438 -0.0000000000 2514.0000000000
-0.0000000000 2514.0000000000 76.5345993042 2212.6640625000
157.5798797607 2274.4970703125 240.6370086670 2771.4936523438
515.2141723633 2942.9245605469 671.6354370117 2527.5776367188
820.1311035156 2545.1040039062 618.7635498047 1184.7249755859
711.5000000000 1253.3541259766 806.3121337891 747.0067138672
806.3121337891 747.0067138672 385.4643859863 333.1429138184
385.4643859863 333.1429138184 840.6441040039 588.0216064453
859.0972290039 517.0000000000 899.1881713867 330.6153259277
899.1881713867 330.6153259277 1360.8216552734 437.0449218750
2586.7551269531 762.7401123047 2680.2365722656 302.7042236328
3469.7460937500 324.5634460449 3562.0000000000 21.0000000000
