24 4
-5124.8759765625 199.9646148682 -4579.5068359375 421.6549377441
-4579.5068359375 421.6549377441 -4472.2529296875 729.3352661133
-4472.2529296875 729.3352661133 -4316.0649414062 1258.6116943359
-4316.0649414062 1258.6116943359 -4703.1069335938 1458.8840332031
-4703.1069335938 1458.8840332031 -4395.8388671875 2457.6530761719
-4395.8388671875 2457.6530761719 -1987.1502685547 1748.4034423828
-1987.1502685547 1748.4034423828 -1735.9863281250 1584.0891113281
-1735.9863281250 1584.0891113281 -1714.4854736328 2562.8291015625
-1714.4854736328 2562.8291015625 -1603.2653808594 2913.3674316406
-1543.1137695312 3049.5312500000 -1459.7778320312 3299.7145996094
-878.7543334961 2091.2153320312 -616.4888916016 1918.3577880859
-325.3849487305 1326.0477294922 -408.1306457520 1941.1037597656
-246.9068450928 1291.2255859375 -298.4769592285 1905.5093994141
-298.4769592285 1905.5093994141 -90.1748504639 1741.6386718750
-62.8888931274 1821.9022216797 268.4415283203 1715.8731689453
268.4415283203 1715.8731689453 218.0946807861 1142.9998779297
218.0946807861 1142.9998779297 352.4103088379 1678.9602050781
352.4103088379 1678.9602050781 334.2772521973 1468.9139404297
334.2772521973 1468.9139404297 410.5414428711 1667.5917968750
410.5414428711 1667.5917968750 1898.6256103516 1161.8093261719
1898.6256103516 1161.8093261719 1818.0534667969 868.7722167969
1037.2338867188 378.1482543945 1376.5267333984 415.7127075195
1371.3331298828 287.5601806641 1077.4116210938 172.4203338623
1163.5905761719 143.2983093262 613.0000000000 21.0000000000
