15 4
-475.0000000000 21.0000000000 -383.5582580566 742.3681640625
-1429.6160888672 2826.7795410156 -1418.6351318359 3532.2453613281
-1418.6351318359 3532.2453613281 -1052.7708740234 4581.0517578125
-581.3950195312 3012.0180664062 -345.1339721680 2831.8906250000
-199.7825469971 2878.0234375000 -121.2624130249 2334.8247070312
-121.2624130249 2334.8247070312 -98.4165802002 2839.2822265625
37.9938888550 2197.6684570312 143.7145385742 2763.2368164062
236.9764709473 2729.6533203125 553.2529907227 2623.8508300781
553.2529907227 2623.8508300781 470.5975952148 2059.3820800781
470.5975952148 2059.3820800781 683.7999267578 2572.9760742188
683.7999267578 2572.9760742188 1918.3974609375 2151.5961914062
885.9158935547 971.0284423828 745.5781250000 505.1841125488
745.5781250000 505.1841125488 1010.3812866211 470.8507385254
1010.3812866211 470.8507385254 608.2098388672 206.9484100342
608.2098388672 206.9484100342 661.0000000000 21.0000000000
