29 4
-1162.0000000000 21.0000000000 -1760.7326660156 696.8819580078
-1760.7326660156 696.8819580078 -1472.6352539062 676.6594848633
-1472.6352539062 676.6594848633 -2307.2580566406 1759.6435546875
-3597.2690429688 2831.4946289062 -3104.1206054688 2719.3708496094
-3104.1206054688 2719.3708496094 -3207.7172851562 3012.2448730469
-3490.2790527344 3511.2790527344 -3430.6325683594 3831.1035156250
-3306.0944824219 4742.5922851562 -3368.5781250000 5015.1225585938
-2145.8776855469 3325.3620605469 -2247.3876953125 3617.5720214844
-2247.3876953125 3617.5720214844 -1962.2950439453 3286.8073730469
-2312.0571289062 4192.0615234375 -1796.8944091797 3547.6037597656
-1796.8944091797 3547.6037597656 -1571.6303710938 3550.9396972656
-1571.6303710938 3550.9396972656 -1500.2994384766 3734.3713378906
-1819.7924804688 4761.7211914062 -1504.6037597656 4651.6943359375
-1504.6037597656 4651.6943359375 -1463.6127929688 4808.2617187500
-1366.3748779297 5501.2304687500 -1164.3054199219 5498.6264648438
-1164.3054199219 5498.6264648438 -780.7644042969 4950.5527343750
-605.6813354492 4330.6464843750 -279.3746643066 4016.2441406250
-279.3746643066 4016.2441406250 310.3465576172 4459.1625976562
310.3465576172 4459.1625976562 1125.1308593750 3483.7968750000
1125.1308593750 3483.7968750000 896.2782592773 2355.8847656250
1044.0930175781 2366.0712890625 1335.8963623047 2885.8388671875
1335.8963623047 2885.8388671875 1517.6901855469 2999.6347656250
1517.6901855469 2999.6347656250 1487.8807373047 2705.2077636719
1564.0000000000 2729.9274902344 1431.8059082031 2403.9250488281
1431.8059082031 2403.9250488281 1803.8856201172 1955.4305419922
1803.8856201172 1955.4305419922 1990.1691894531 1751.0277099609
1990.1691894531 1751.0277099609 2351.7563476562 1994.3579101562
2351.7563476562 1994.3579101562 3048.1401367188 1191.0714111328
3048.1401367188 1191.0714111328 1755.0000000000 21.0000000000
