33 4
-2400.0000000000 21.0000000000 -2537.8029785156 198.4604644775
-2537.8029785156 198.4604644775 -2879.0026855469 272.8800964355
-2879.0026855469 272.8800964355 -3193.2331542969 641.7016601562
-3193.2331542969 641.7016601562 -4084.5593261719 963.9948120117
-4084.5593261719 963.9948120117 -4410.4775390625 1369.4183349609
-4410.4775390625 1369.4183349609 -3229.7236328125 1196.5231933594
-3229.7236328125 1196.5231933594 -3413.1699218750 1331.1932373047
-3364.4453125000 1449.1223144531 -3609.5568847656 1781.4985351562
-3609.5568847656 1781.4985351562 -4011.3112792969 2064.8652343750
-4664.2646484375 2935.5559082031 -4844.1611328125 3166.8349609375
-4844.1611328125 3166.8349609375 -4858.3906250000 3422.8818359375
-2336.8076171875 1781.9107666016 -2151.2692871094 1701.7558593750
-2151.2692871094 1701.7558593750 -2149.4128417969 1889.4560546875
-2149.4128417969 1889.4560546875 -2539.9887695312 2473.8386230469
-1917.2570800781 2006.3778076172 -1720.1867675781 1999.8485107422
-1720.1867675781 1999.8485107422 -1656.7967529297 2219.6435546875
-2154.0109863281 3214.4526367188 -2231.3862304688 3457.0332031250
-1847.9566650391 3096.5163574219 -1633.7609863281 3093.6577148438
-1633.7609863281 3093.6577148438 -1248.0426025391 2579.8666992188
-1930.5202636719 4161.0141601562 -1607.8586425781 3808.8774414062
-1607.8586425781 3808.8774414062 -1376.8277587891 4019.5981445312
-1376.8277587891 4019.5981445312 -1146.6818847656 3771.6271972656
-812.0276489258 2852.8769531250 -462.3302001953 2399.4826660156
-462.3302001953 2399.4826660156 148.9481353760 2863.0996093750
148.9481353760 2863.0996093750 974.4673461914 1778.9855957031
974.4673461914 1778.9855957031 881.0000000000 1546.9367675781
881.0000000000 1546.9367675781 1081.8413085938 1265.5161132812
1081.8413085938 1265.5161132812 716.6388549805 816.9080810547
782.6338500977 701.3331909180 1496.6813964844 1108.4027099609
1522.1871337891 1009.5198364258 1210.3201904297 748.2337646484
1210.3201904297 748.2337646484 1442.1273193359 407.4168395996
1442.1273193359 407.4168395996 1752.7330322266 51.5940666199
1752.7330322266 51.5940666199 2350.0000000000 21.0000000000
