18 4
-4972.0000000000 21.0000000000 -5016.1147460938 996.0339965820
-5016.1147460938 996.0339965820 -2521.3854980469 1143.5931396484
-2521.3854980469 1143.5931396484 -2225.8918457031 1058.9504394531
-2225.8918457031 1058.9504394531 -2536.6066894531 2002.8143310547
-2536.6066894531 2002.8143310547 -2543.5854492188 2477.3120117188
-1805.3143310547 2026.0047607422 -1577.8220214844 1836.0765380859
-1577.8220214844 1836.0765380859 -1317.2268066406 1834.0070800781
-1317.2268066406 1834.0070800781 -1051.9392089844 1523.3248291016
-1051.9392089844 1523.3248291016 -1187.8577880859 1850.1405029297
-978.3787231445 1861.0627441406 -822.4151611328 1784.6749267578
-745.4671020508 1866.0958251953 -394.4084777832 1876.5460205078
-394.4084777832 1876.5460205078 -254.1575775146 1328.5274658203
-254.1575775146 1328.5274658203 -294.4096679688 1879.8294677734
-294.4096679688 1879.8294677734 1323.2408447266 1910.7838134766
1323.2408447266 1910.7838134766 1339.6793212891 1735.7114257812
802.0300903320 881.0719604492 1098.3680419922 1009.9750366211
1098.3680419922 1009.9750366211 514.7818603516 452.9532775879
514.7818603516 452.9532775879 536.0000000000 21.0000000000
