23 4
-2524.0000000000 0.0000000000 -2302.0000000000 447.0000000000
-2302.0000000000 447.0000000000 -2045.0000000000 435.0000000000
-2045.0000000000 435.0000000000 -1849.0000000000 747.0000000000
-1849.0000000000 747.0000000000 -1370.0000000000 581.0000000000
-1787.0000000000 1074.0000000000 -1889.0000000000 1274.0000000000
-1889.0000000000 1274.0000000000 -1225.0000000000 1028.0000000000
-1225.0000000000 1028.0000000000 -1408.0000000000 1267.0000000000
-1408.0000000000 1267.0000000000 -1122.0000000000 1943.0000000000
-1122.0000000000 1943.0000000000 -1346.0000000000 2428.0000000000
-1346.0000000000 2428.0000000000 -1003.0000000000 3088.0000000000
-1003.0000000000 3088.0000000000 1252.0000000000 2003.0000000000
1620.0000000000 2495.0000000000 1331.0000000000 1901.0000000000
4085.0000000000 5044.0000000000 3002.0000000000 2899.0000000000
2421.0000000000 2257.0000000000 2670.0000000000 2012.0000000000
2670.0000000000 2012.0000000000 2922.0000000000 1971.0000000000
3059.0000000000 1911.0000000000 3538.0000000000 1650.0000000000
3538.0000000000 1650.0000000000 3068.0000000000 1366.0000000000
3701.0000000000 1571.0000000000 3959.0000000000 1441.0000000000
3959.0000000000 1441.0000000000 3671.0000000000 1193.0000000000
3671.0000000000 1193.0000000000 4240.0000000000 1296.0000000000
4240.0000000000 1296.0000000000 5042.0000000000 889.0000000000
5042.0000000000 889.0000000000 4874.0000000000 512.0000000000
4874.0000000000 512.0000000000 5045.0000000000 353.0000000000
