11 4
-650.0000000000 0.0000000000 -721.0000000000 1415.0000000000
-721.0000000000 1415.0000000000 -486.0000000000 1497.0000000000
-1196.0000000000 3911.0000000000 -1172.0000000000 5076.0000000000
-1429.0000000000 8107.0000000000 -855.0000000000 8136.0000000000
-855.0000000000 8136.0000000000 -747.0000000000 8535.0000000000
-498.0000000000 7127.0000000000 -247.0000000000 7083.0000000000
-0.0000000000 7545.0000000000 128.0000000000 7339.0000000000
247.0000000000 2353.0000000000 291.0000000000 1649.0000000000
291.0000000000 1649.0000000000 383.0000000000 1800.0000000000
383.0000000000 1800.0000000000 421.0000000000 1467.0000000000
421.0000000000 1467.0000000000 501.0000000000 0.0000000000
