23 4
-2975.0000000000 104.0000000000 -2929.0000000000 622.0000000000
-2929.0000000000 622.0000000000 -3335.0000000000 770.0000000000
-3335.0000000000 770.0000000000 -3221.0000000000 1786.0000000000
-3221.0000000000 1786.0000000000 -725.0000000000 1555.0000000000
-620.0000000000 1460.0000000000 -572.0000000000 2689.0000000000
-572.0000000000 2689.0000000000 -193.0000000000 5520.0000000000
140.0000000000 8009.0000000000 436.0000000000 8312.0000000000
436.0000000000 8312.0000000000 867.0000000000 8250.0000000000
262.0000000000 2133.0000000000 556.0000000000 2077.0000000000
556.0000000000 2077.0000000000 533.0000000000 1744.0000000000
533.0000000000 1744.0000000000 673.0000000000 2071.0000000000
673.0000000000 2071.0000000000 526.0000000000 1528.0000000000
526.0000000000 1528.0000000000 745.0000000000 2047.0000000000
745.0000000000 2047.0000000000 1285.0000000000 1978.0000000000
1285.0000000000 1978.0000000000 993.0000000000 1472.0000000000
1378.0000000000 1968.0000000000 1095.0000000000 1454.0000000000
1523.0000000000 1949.0000000000 1998.0000000000 1863.0000000000
2146.0000000000 1865.0000000000 3216.0000000000 1710.0000000000
3216.0000000000 1710.0000000000 3152.0000000000 1274.0000000000
3152.0000000000 1274.0000000000 3637.0000000000 1182.0000000000
3637.0000000000 1182.0000000000 3617.0000000000 969.0000000000
3617.0000000000 969.0000000000 3405.0000000000 724.0000000000
2169.0000000000 382.0000000000 2127.0000000000 0.0000000000
