20 4
-3294.0000000000 0.0000000000 -3179.0000000000 852.0000000000
-3078.0000000000 883.0000000000 -586.0000000000 410.0000000000
-586.0000000000 410.0000000000 -449.0000000000 1171.0000000000
-449.0000000000 1171.0000000000 -504.0000000000 1550.0000000000
-504.0000000000 1550.0000000000 85.0000000000 4867.0000000000
636.0000000000 7266.0000000000 1262.0000000000 7158.0000000000
2690.0000000000 13841.0000000000 3423.0000000000 13728.0000000000
324.0000000000 1131.0000000000 632.0000000000 1012.0000000000
632.0000000000 1012.0000000000 555.0000000000 823.0000000000
555.0000000000 823.0000000000 724.0000000000 996.0000000000
847.0000000000 974.0000000000 685.0000000000 760.0000000000
685.0000000000 760.0000000000 897.0000000000 962.0000000000
897.0000000000 962.0000000000 1080.0000000000 939.0000000000
1080.0000000000 939.0000000000 574.0000000000 449.0000000000
1114.0000000000 840.0000000000 1931.0000000000 780.0000000000
1241.0000000000 476.0000000000 1048.0000000000 381.0000000000
1118.0000000000 363.0000000000 1290.0000000000 394.0000000000
2426.0000000000 696.0000000000 3033.0000000000 590.0000000000
3263.0000000000 517.0000000000 3197.0000000000 112.0000000000
3197.0000000000 112.0000000000 3656.0000000000 0.0000000000
