24 4
-2510.0000000000 88.0000000000 -2520.0000000000 265.0000000000
-3619.0000000000 444.0000000000 -2507.0000000000 442.0000000000
-2507.0000000000 442.0000000000 -2390.0000000000 552.0000000000
-2390.0000000000 552.0000000000 -2464.0000000000 706.0000000000
-2464.0000000000 706.0000000000 -2810.0000000000 859.0000000000
-3010.0000000000 1155.0000000000 -2347.0000000000 1045.0000000000
-3815.0000000000 1944.0000000000 -3651.0000000000 1941.0000000000
-3560.0000000000 2225.0000000000 -2712.0000000000 2196.0000000000
-2712.0000000000 2196.0000000000 -2242.0000000000 1881.0000000000
-2242.0000000000 1881.0000000000 -1791.0000000000 1854.0000000000
-1791.0000000000 1854.0000000000 -1723.0000000000 2653.0000000000
-1723.0000000000 2653.0000000000 -415.0000000000 2617.0000000000
-415.0000000000 2617.0000000000 -206.0000000000 2352.0000000000
-206.0000000000 2352.0000000000 163.0000000000 2337.0000000000
163.0000000000 2337.0000000000 162.0000000000 1851.0000000000
162.0000000000 1851.0000000000 331.0000000000 1878.0000000000
586.0000000000 2540.0000000000 576.0000000000 2149.0000000000
694.0000000000 2135.0000000000 645.0000000000 1874.0000000000
645.0000000000 1874.0000000000 775.0000000000 2128.0000000000
775.0000000000 2128.0000000000 1507.0000000000 2152.0000000000
1507.0000000000 2152.0000000000 1860.0000000000 2560.0000000000
1860.0000000000 2560.0000000000 2620.0000000000 2530.0000000000
2620.0000000000 2530.0000000000 2558.0000000000 45.0000000000
2558.0000000000 45.0000000000 2809.0000000000 0.0000000000
