19 4
-1669.0000000000 0.0000000000 -0.0000000000 1041.0000000000
66.0000000000 948.0000000000 451.0000000000 1174.0000000000
451.0000000000 1174.0000000000 733.0000000000 1645.0000000000
1054.0000000000 2260.0000000000 1243.0000000000 2440.0000000000
1243.0000000000 2440.0000000000 1473.0000000000 2104.0000000000
1473.0000000000 2104.0000000000 2057.0000000000 2540.0000000000
1513.0000000000 1803.0000000000 2364.0000000000 2535.0000000000
2364.0000000000 2535.0000000000 2108.0000000000 2182.0000000000
3196.0000000000 3086.0000000000 3011.0000000000 2808.0000000000
3011.0000000000 2808.0000000000 3176.0000000000 2665.0000000000
1917.0000000000 1392.0000000000 1675.0000000000 1047.0000000000
1675.0000000000 1047.0000000000 2111.0000000000 1123.0000000000
2699.0000000000 1259.0000000000 3110.0000000000 1385.0000000000
2124.0000000000 901.0000000000 2235.0000000000 770.0000000000
2844.0000000000 924.0000000000 2354.0000000000 675.0000000000
2348.0000000000 542.0000000000 2517.0000000000 535.0000000000
2517.0000000000 535.0000000000 2322.0000000000 451.0000000000
2322.0000000000 451.0000000000 3420.0000000000 420.0000000000
3420.0000000000 420.0000000000 3413.0000000000 239.0000000000
