21 4
-3424.0000000000 0.0000000000 -2871.0000000000 201.0000000000
-2871.0000000000 201.0000000000 -3120.0000000000 273.0000000000
-3120.0000000000 273.0000000000 -3246.0000000000 931.0000000000
-3246.0000000000 931.0000000000 -3743.0000000000 1144.0000000000
-3743.0000000000 1144.0000000000 -3871.0000000000 1972.0000000000
-3871.0000000000 1972.0000000000 -1404.0000000000 2432.0000000000
-1306.0000000000 2356.0000000000 -1413.0000000000 3175.0000000000
-1625.0000000000 3827.0000000000 -1819.0000000000 4997.0000000000
-1967.0000000000 5713.0000000000 -2010.0000000000 6188.0000000000
-2436.0000000000 8495.0000000000 -2306.0000000000 9247.0000000000
-2306.0000000000 9247.0000000000 -1974.0000000000 9287.0000000000
-640.0000000000 3294.0000000000 -349.0000000000 3321.0000000000
-349.0000000000 3321.0000000000 -199.0000000000 2850.0000000000
-199.0000000000 2850.0000000000 -175.0000000000 3341.0000000000
-175.0000000000 3341.0000000000 174.0000000000 3318.0000000000
238.0000000000 3405.0000000000 249.0000000000 2848.0000000000
361.0000000000 3439.0000000000 361.0000000000 2944.0000000000
361.0000000000 2944.0000000000 486.0000000000 3461.0000000000
486.0000000000 3461.0000000000 731.0000000000 3439.0000000000
301.0000000000 1302.0000000000 514.0000000000 167.0000000000
514.0000000000 167.0000000000 386.0000000000 0.0000000000
