25 4
-3074.0000000000 0.0000000000 -3052.0000000000 429.0000000000
-3052.0000000000 429.0000000000 -447.0000000000 290.0000000000
-447.0000000000 290.0000000000 -411.0000000000 1070.0000000000
-411.0000000000 1070.0000000000 -511.0000000000 1485.0000000000
-511.0000000000 1485.0000000000 -381.0000000000 4359.0000000000
-339.0000000000 6464.0000000000 -126.0000000000 7230.0000000000
-126.0000000000 7230.0000000000 503.0000000000 7199.0000000000
1225.0000000000 14001.0000000000 1961.0000000000 13954.0000000000
735.0000000000 4168.0000000000 656.0000000000 2147.0000000000
397.0000000000 1033.0000000000 734.0000000000 1048.0000000000
734.0000000000 1048.0000000000 581.0000000000 771.0000000000
581.0000000000 771.0000000000 811.0000000000 1039.0000000000
811.0000000000 1039.0000000000 1026.0000000000 1026.0000000000
1026.0000000000 1026.0000000000 687.0000000000 663.0000000000
687.0000000000 663.0000000000 1100.0000000000 1026.0000000000
1100.0000000000 1026.0000000000 1235.0000000000 931.0000000000
680.0000000000 494.0000000000 845.0000000000 570.0000000000
1548.0000000000 1005.0000000000 1720.0000000000 915.0000000000
1720.0000000000 915.0000000000 2278.0000000000 967.0000000000
2764.0000000000 952.0000000000 3246.0000000000 931.0000000000
3351.0000000000 774.0000000000 3335.0000000000 469.0000000000
3335.0000000000 469.0000000000 3818.0000000000 401.0000000000
3818.0000000000 401.0000000000 3806.0000000000 199.0000000000
3806.0000000000 199.0000000000 4204.0000000000 147.0000000000
4204.0000000000 147.0000000000 3607.0000000000 0.0000000000
