21 4
-2026.0000000000 0.0000000000 -2210.0000000000 39.0000000000
-2226.0000000000 156.0000000000 -1526.0000000000 242.0000000000
-1526.0000000000 242.0000000000 -1786.0000000000 315.0000000000
-1786.0000000000 315.0000000000 -1827.0000000000 1098.0000000000
-1827.0000000000 1098.0000000000 -2244.0000000000 1402.0000000000
-2244.0000000000 1402.0000000000 -2199.0000000000 2199.0000000000
-2199.0000000000 2199.0000000000 307.0000000000 2187.0000000000
307.0000000000 2187.0000000000 399.0000000000 2518.0000000000
399.0000000000 2518.0000000000 413.0000000000 2126.0000000000
1499.0000000000 6013.0000000000 1470.0000000000 3830.0000000000
1272.0000000000 3149.0000000000 1230.0000000000 2897.0000000000
1230.0000000000 2897.0000000000 1807.0000000000 2892.0000000000
1798.0000000000 2769.0000000000 1947.0000000000 2887.0000000000
1947.0000000000 2887.0000000000 2111.0000000000 2802.0000000000
2111.0000000000 2802.0000000000 2409.0000000000 2871.0000000000
2669.0000000000 2863.0000000000 3028.0000000000 2823.0000000000
3288.0000000000 2858.0000000000 4196.0000000000 2830.0000000000
4196.0000000000 2830.0000000000 4178.0000000000 2412.0000000000
4178.0000000000 2412.0000000000 4620.0000000000 2354.0000000000
4620.0000000000 2354.0000000000 4677.0000000000 2181.0000000000
1805.0000000000 804.0000000000 1774.0000000000 0.0000000000
