12 4
-691.0000000000 0.0000000000 -693.0000000000 353.0000000000
-693.0000000000 353.0000000000 -472.0000000000 356.0000000000
-1501.0000000000 2499.0000000000 -1162.0000000000 2492.0000000000
-1103.0000000000 2598.0000000000 -1089.0000000000 4718.0000000000
-1089.0000000000 4718.0000000000 -967.0000000000 4977.0000000000
-1218.0000000000 6907.0000000000 -1124.0000000000 7099.0000000000
-743.0000000000 7066.0000000000 -541.0000000000 7730.0000000000
-315.0000000000 6015.0000000000 -0.0000000000 5993.0000000000
217.0000000000 6228.0000000000 341.0000000000 6501.0000000000
865.0000000000 7045.0000000000 1018.0000000000 7244.0000000000
1255.0000000000 6457.0000000000 1479.0000000000 6960.0000000000
291.0000000000 1261.0000000000 454.0000000000 0.0000000000
