28 5
1 9410.44 -4731.52 9516.29 -4969.3
2 9516.29 -4969.3 9086.35 -5147.78
3 10248.9 -5623.55 10315.6 -5802.91
4 10348.8 -5852.93 9570.96 -5845.7
5 10479.6 -6179.51 10701.7 -6749.49
6 10701.7 -6749.49 10245.2 -6788.05
8 10763.6 -7615.95 10554.9 -7611.93
9 10554.9 -7611.93 10423.6 -7770.37
10 10423.6 -7770.37 10162.6 -7586.01
11 10474.7 -8513.26 9918.87 -8222.11
12 10328.2 -8579.82 9984.94 -8215.43
13 9984.94 -8215.43 10173.7 -8629.15
14 10173.7 -8629.15 10219.8 -8623.22
23 7753.6 -8544.37 7629.18 -9105.47
24 7685.15 -8988.62 7302.21 -8116.8
31 5151.07 -11096.8 5324.76 -10158.9
40 3002.26 -9702.12 2824.24 -9711.8
3 9703.38 -5860.06 9922.71 -6038.74
13 8602.77 -8576.9 7843.86 -7331.44
2 9570.96 -5845.7 9429.79 -6148.82
3 10397.4 -7036.53 10740.4 -7418.11
4 10433.8 -8068.84 10585.9 -8326.42
23 5318.49 -11361.3 4942.52 -11084.4
5 8717.79 -8361.36 8376.41 -8240.44
138 806.527 -7572.54 719.328 -7334.37
139 719.328 -7334.37 1448.32 -6923.98
140 1448.32 -6923.98 1362.75 -6571.93
102 2162.24 -5607.5 2397.86 -5923.62
