23 4
-2196.0000000000 0.0000000000 -2312.0000000000 121.0000000000
-2312.0000000000 121.0000000000 -2123.0000000000 298.0000000000
-2123.0000000000 298.0000000000 -2572.0000000000 786.0000000000
-2572.0000000000 786.0000000000 -2130.0000000000 1181.0000000000
-2130.0000000000 1181.0000000000 -2479.0000000000 1610.0000000000
-3066.0000000000 2068.0000000000 -3153.0000000000 2376.0000000000
-3153.0000000000 2376.0000000000 -4039.0000000000 3389.0000000000
-6046.0000000000 5444.0000000000 -6069.0000000000 5659.0000000000
-8287.0000000000 8581.0000000000 -8262.0000000000 8860.0000000000
-6650.0000000000 7925.0000000000 -6552.0000000000 8092.0000000000
-4769.0000000000 6564.0000000000 -3901.0000000000 7336.0000000000
-2237.0000000000 4390.0000000000 -2007.0000000000 4116.0000000000
-2007.0000000000 4116.0000000000 -1878.0000000000 4219.0000000000
-1878.0000000000 4219.0000000000 -1892.0000000000 4457.0000000000
-1892.0000000000 4457.0000000000 -389.0000000000 2767.0000000000
-389.0000000000 2767.0000000000 288.0000000000 3297.0000000000
288.0000000000 3297.0000000000 657.0000000000 2847.0000000000
657.0000000000 2847.0000000000 897.0000000000 2933.0000000000
897.0000000000 2933.0000000000 1643.0000000000 2102.0000000000
1643.0000000000 2102.0000000000 1534.0000000000 1828.0000000000
1534.0000000000 1828.0000000000 2470.0000000000 755.0000000000
2470.0000000000 755.0000000000 2772.0000000000 795.0000000000
2772.0000000000 795.0000000000 3465.0000000000 0.0000000000
