9 4
-3724.0000000000 457.0000000000 -71.0000000000 2042.0000000000
-71.0000000000 2042.0000000000 1136.0000000000 1563.0000000000
1136.0000000000 1563.0000000000 4173.0000000000 2814.0000000000
4173.0000000000 2814.0000000000 4244.0000000000 2652.0000000000
6574.0000000000 3950.0000000000 6954.0000000000 4015.0000000000
10255.0000000000 5225.0000000000 9972.0000000000 4864.0000000000
9972.0000000000 4864.0000000000 10128.0000000000 4509.0000000000
2815.0000000000 1025.0000000000 2602.0000000000 896.0000000000
1618.0000000000 526.0000000000 439.0000000000 0.0000000000
