17 4
-2452.0000000000 0.0000000000 -2264.0000000000 79.0000000000
-2264.0000000000 79.0000000000 -2539.0000000000 874.0000000000
-2539.0000000000 874.0000000000 -1911.0000000000 1104.0000000000
-1911.0000000000 1104.0000000000 -1970.0000000000 1329.0000000000
-1970.0000000000 1329.0000000000 -905.0000000000 1702.0000000000
-905.0000000000 1702.0000000000 -755.0000000000 1481.0000000000
-755.0000000000 1481.0000000000 634.0000000000 1951.0000000000
634.0000000000 1951.0000000000 780.0000000000 2265.0000000000
780.0000000000 2265.0000000000 1679.0000000000 2585.0000000000
1679.0000000000 2585.0000000000 1793.0000000000 2379.0000000000
1793.0000000000 2379.0000000000 2409.0000000000 2583.0000000000
2409.0000000000 2583.0000000000 2763.0000000000 1595.0000000000
2763.0000000000 1595.0000000000 3282.0000000000 1745.0000000000
3282.0000000000 1745.0000000000 3312.0000000000 1474.0000000000
5362.0000000000 2276.0000000000 6044.0000000000 2200.0000000000
8166.0000000000 2812.0000000000 8393.0000000000 2093.0000000000
6376.0000000000 1472.0000000000 6763.0000000000 236.0000000000
