28 4
-2991.0000000000 104.0000000000 -3068.0000000000 1117.0000000000
-3068.0000000000 1117.0000000000 -564.0000000000 1329.0000000000
-564.0000000000 1329.0000000000 -462.0000000000 1202.0000000000
-462.0000000000 1202.0000000000 -468.0000000000 1877.0000000000
-614.0000000000 2658.0000000000 -667.0000000000 3782.0000000000
-747.0000000000 4713.0000000000 -727.0000000000 5173.0000000000
-819.0000000000 7793.0000000000 -712.0000000000 8142.0000000000
-712.0000000000 8142.0000000000 -143.0000000000 8169.0000000000
-0.0000000000 15007.0000000000 788.0000000000 15028.0000000000
378.0000000000 5401.0000000000 464.0000000000 3782.0000000000
292.0000000000 2080.0000000000 623.0000000000 2039.0000000000
634.0000000000 1952.0000000000 869.0000000000 2048.0000000000
869.0000000000 2048.0000000000 693.0000000000 1557.0000000000
693.0000000000 1557.0000000000 1004.0000000000 2058.0000000000
1004.0000000000 2058.0000000000 1191.0000000000 2064.0000000000
1189.0000000000 1978.0000000000 1509.0000000000 2078.0000000000
1070.0000000000 1420.0000000000 861.0000000000 1026.0000000000
861.0000000000 1026.0000000000 1119.0000000000 1119.0000000000
1995.0000000000 1927.0000000000 2256.0000000000 2104.0000000000
2429.0000000000 2111.0000000000 3281.0000000000 2131.0000000000
3281.0000000000 2131.0000000000 3308.0000000000 1686.0000000000
3308.0000000000 1686.0000000000 3796.0000000000 1690.0000000000
3796.0000000000 1690.0000000000 3813.0000000000 1464.0000000000
3813.0000000000 1464.0000000000 3637.0000000000 1324.0000000000
3637.0000000000 1324.0000000000 3902.0000000000 1344.0000000000
3902.0000000000 1344.0000000000 3773.0000000000 1011.0000000000
2483.0000000000 619.0000000000 2525.0000000000 132.0000000000
4354.0000000000 152.0000000000 4032.0000000000 0.0000000000
