19 4
-1271.0000000000 0.0000000000 -1322.0000000000 589.0000000000
-1322.0000000000 589.0000000000 -1601.0000000000 781.0000000000
-1601.0000000000 781.0000000000 -1718.0000000000 1779.0000000000
-1718.0000000000 1779.0000000000 -1463.0000000000 1807.0000000000
-1463.0000000000 1807.0000000000 -1554.0000000000 2486.0000000000
-1554.0000000000 2486.0000000000 -979.0000000000 2551.0000000000
-979.0000000000 2551.0000000000 -1021.0000000000 3142.0000000000
-1212.0000000000 3963.0000000000 -1174.0000000000 4380.0000000000
-148.0000000000 8482.0000000000 1060.0000000000 8629.0000000000
767.0000000000 5456.0000000000 777.0000000000 4903.0000000000
777.0000000000 4903.0000000000 952.0000000000 4899.0000000000
952.0000000000 4899.0000000000 1087.0000000000 5113.0000000000
1087.0000000000 5113.0000000000 1382.0000000000 2834.0000000000
1382.0000000000 2834.0000000000 2208.0000000000 2930.0000000000
2208.0000000000 2930.0000000000 2276.0000000000 2276.0000000000
2276.0000000000 2276.0000000000 2530.0000000000 2278.0000000000
2530.0000000000 2278.0000000000 2655.0000000000 1182.0000000000
2655.0000000000 1182.0000000000 2417.0000000000 1026.0000000000
2417.0000000000 1026.0000000000 2563.0000000000 0.0000000000
