32 4
-1711.0000000000 0.0000000000 -1824.0000000000 192.0000000000
-1824.0000000000 192.0000000000 -908.0000000000 160.0000000000
-1095.0000000000 335.0000000000 -948.0000000000 462.0000000000
-948.0000000000 462.0000000000 -1220.0000000000 622.0000000000
-2011.0000000000 1069.0000000000 -1793.0000000000 1210.0000000000
-1793.0000000000 1210.0000000000 -1450.0000000000 1093.0000000000
-1450.0000000000 1093.0000000000 -1581.0000000000 1235.0000000000
-1581.0000000000 1235.0000000000 -1396.0000000000 1606.0000000000
-2286.0000000000 2725.0000000000 -2591.0000000000 3317.0000000000
-1655.0000000000 2363.0000000000 -1209.0000000000 2593.0000000000
-1721.0000000000 3866.0000000000 -1566.0000000000 3690.0000000000
-1566.0000000000 3690.0000000000 -1396.0000000000 3836.0000000000
-1396.0000000000 3836.0000000000 -862.0000000000 2819.0000000000
-862.0000000000 2819.0000000000 -879.0000000000 3282.0000000000
-879.0000000000 3282.0000000000 -685.0000000000 2746.0000000000
-685.0000000000 2746.0000000000 -726.0000000000 3143.0000000000
-726.0000000000 3143.0000000000 -527.0000000000 2986.0000000000
-568.0000000000 3586.0000000000 -413.0000000000 3926.0000000000
-413.0000000000 3926.0000000000 -241.0000000000 3444.0000000000
-123.0000000000 3518.0000000000 58.0000000000 3321.0000000000
458.0000000000 4357.0000000000 693.0000000000 3931.0000000000
693.0000000000 3931.0000000000 681.0000000000 3202.0000000000
681.0000000000 3202.0000000000 810.0000000000 3022.0000000000
929.0000000000 3039.0000000000 1206.0000000000 2473.0000000000
1274.0000000000 2395.0000000000 1928.0000000000 2754.0000000000
1928.0000000000 2754.0000000000 2849.0000000000 1151.0000000000
2849.0000000000 1151.0000000000 2485.0000000000 904.0000000000
2555.0000000000 781.0000000000 2239.0000000000 600.0000000000
2239.0000000000 600.0000000000 2626.0000000000 655.0000000000
2626.0000000000 655.0000000000 2752.0000000000 436.0000000000
2752.0000000000 436.0000000000 2407.0000000000 253.0000000000
2407.0000000000 253.0000000000 2493.0000000000 0.0000000000
