15 4
-3035.0000000000 159.0000000000 -2111.0000000000 222.0000000000
-2111.0000000000 222.0000000000 -419.0000000000 153.0000000000
-419.0000000000 153.0000000000 -423.0000000000 949.0000000000
-423.0000000000 949.0000000000 -544.0000000000 1282.0000000000
-544.0000000000 1282.0000000000 -568.0000000000 4044.0000000000
-677.0000000000 6438.0000000000 -373.0000000000 7113.0000000000
-373.0000000000 7113.0000000000 124.0000000000 7123.0000000000
487.0000000000 13950.0000000000 1220.0000000000 13942.0000000000
563.0000000000 4006.0000000000 590.0000000000 1815.0000000000
356.0000000000 1035.0000000000 728.0000000000 966.0000000000
694.0000000000 889.0000000000 1557.0000000000 973.0000000000
1709.0000000000 908.0000000000 2547.0000000000 978.0000000000
1149.0000000000 329.0000000000 1648.0000000000 411.0000000000
1648.0000000000 411.0000000000 869.0000000000 185.0000000000
1220.0000000000 64.0000000000 883.0000000000 0.0000000000
