18 4
-3144.0000000000 0.0000000000 -551.0000000000 430.0000000000
-551.0000000000 430.0000000000 -740.0000000000 643.0000000000
-2232.0000000000 2010.0000000000 -2548.0000000000 4077.0000000000
-2939.0000000000 4892.0000000000 -2992.0000000000 5397.0000000000
-2992.0000000000 5397.0000000000 -2774.0000000000 5445.0000000000
-2774.0000000000 5445.0000000000 -2939.0000000000 6600.0000000000
-3277.0000000000 8112.0000000000 -3196.0000000000 8780.0000000000
-3196.0000000000 8780.0000000000 -2704.0000000000 8844.0000000000
-3642.0000000000 14608.0000000000 -1564.0000000000 14885.0000000000
-983.0000000000 11236.0000000000 -788.0000000000 11264.0000000000
-321.0000000000 9204.0000000000 -161.0000000000 9227.0000000000
-0.0000000000 3413.0000000000 54.0000000000 3083.0000000000
54.0000000000 3083.0000000000 332.0000000000 3160.0000000000
332.0000000000 3160.0000000000 466.0000000000 2397.0000000000
466.0000000000 2397.0000000000 648.0000000000 2420.0000000000
399.0000000000 896.0000000000 305.0000000000 529.0000000000
305.0000000000 529.0000000000 958.0000000000 622.0000000000
958.0000000000 622.0000000000 1044.0000000000 0.0000000000
