35 4
-982.0000000000 155.0000000000 -1533.0000000000 298.0000000000
-1533.0000000000 298.0000000000 -1613.0000000000 858.0000000000
-882.0000000000 489.0000000000 -1143.0000000000 771.0000000000
-1143.0000000000 771.0000000000 -973.0000000000 681.0000000000
-873.0000000000 707.0000000000 -704.0000000000 782.0000000000
-704.0000000000 782.0000000000 -941.0000000000 1082.0000000000
-1464.0000000000 1744.0000000000 -1244.0000000000 1777.0000000000
-1244.0000000000 1777.0000000000 -933.0000000000 1552.0000000000
-933.0000000000 1552.0000000000 -1004.0000000000 1740.0000000000
-1004.0000000000 1740.0000000000 -723.0000000000 1884.0000000000
-1091.0000000000 3356.0000000000 -1162.0000000000 4052.0000000000
-647.0000000000 2802.0000000000 -251.0000000000 2872.0000000000
-251.0000000000 2872.0000000000 -216.0000000000 3086.0000000000
-216.0000000000 3086.0000000000 -150.0000000000 2856.0000000000
-142.0000000000 4071.0000000000 70.0000000000 4019.0000000000
70.0000000000 4019.0000000000 148.0000000000 4231.0000000000
148.0000000000 4231.0000000000 255.0000000000 2916.0000000000
255.0000000000 2916.0000000000 414.0000000000 3375.0000000000
414.0000000000 3375.0000000000 392.0000000000 2791.0000000000
392.0000000000 2791.0000000000 501.0000000000 3164.0000000000
501.0000000000 3164.0000000000 632.0000000000 2975.0000000000
632.0000000000 2975.0000000000 818.0000000000 3542.0000000000
818.0000000000 3542.0000000000 1088.0000000000 3794.0000000000
947.0000000000 3097.0000000000 1234.0000000000 3213.0000000000
1234.0000000000 3213.0000000000 1369.0000000000 3076.0000000000
1369.0000000000 3076.0000000000 1491.0000000000 3197.0000000000
2039.0000000000 3836.0000000000 2081.0000000000 3330.0000000000
2081.0000000000 3330.0000000000 1848.0000000000 2739.0000000000
1848.0000000000 2739.0000000000 2186.0000000000 3009.0000000000
2186.0000000000 3009.0000000000 1905.0000000000 2528.0000000000
1905.0000000000 2528.0000000000 2230.0000000000 2854.0000000000
2230.0000000000 2854.0000000000 1985.0000000000 2284.0000000000
1985.0000000000 2284.0000000000 2058.0000000000 1789.0000000000
2058.0000000000 1789.0000000000 2794.0000000000 1884.0000000000
2794.0000000000 1884.0000000000 3078.0000000000 0.0000000000
