19 4
-2120.0000000000 0.0000000000 -2294.0000000000 201.0000000000
-2294.0000000000 201.0000000000 -1483.0000000000 927.0000000000
-1483.0000000000 927.0000000000 -1219.0000000000 822.0000000000
-1219.0000000000 822.0000000000 -125.0000000000 1789.0000000000
-125.0000000000 1789.0000000000 -111.0000000000 2126.0000000000
-111.0000000000 2126.0000000000 593.0000000000 2789.0000000000
593.0000000000 2789.0000000000 762.0000000000 2658.0000000000
762.0000000000 2658.0000000000 1296.0000000000 3053.0000000000
1296.0000000000 3053.0000000000 1986.0000000000 2285.0000000000
1986.0000000000 2285.0000000000 2267.0000000000 2518.0000000000
2384.0000000000 2557.0000000000 2496.0000000000 2410.0000000000
2496.0000000000 2410.0000000000 2739.0000000000 2554.0000000000
4496.0000000000 4048.0000000000 4740.0000000000 4120.0000000000
6508.0000000000 5461.0000000000 7094.0000000000 4785.0000000000
5409.0000000000 3512.0000000000 6173.0000000000 2620.0000000000
5353.0000000000 2163.0000000000 5131.0000000000 1970.0000000000
5131.0000000000 1970.0000000000 5259.0000000000 1811.0000000000
5259.0000000000 1811.0000000000 5506.0000000000 1789.0000000000
5506.0000000000 1789.0000000000 3517.0000000000 0.0000000000
