16 4
-863.0000000000 0.0000000000 -1033.0000000000 1231.0000000000
-1033.0000000000 1231.0000000000 -277.0000000000 2257.0000000000
-909.0000000000 12998.0000000000 -675.0000000000 12875.0000000000
-675.0000000000 12875.0000000000 -210.0000000000 12055.0000000000
-210.0000000000 12055.0000000000 -0.0000000000 12398.0000000000
202.0000000000 5795.0000000000 380.0000000000 5431.0000000000
380.0000000000 5431.0000000000 1137.0000000000 1178.0000000000
2893.0000000000 2893.0000000000 4709.0000000000 3176.0000000000
5461.0000000000 3546.0000000000 6048.0000000000 3634.0000000000
6048.0000000000 3634.0000000000 6094.0000000000 3378.0000000000
6094.0000000000 3378.0000000000 7313.0000000000 3567.0000000000
8697.0000000000 4055.0000000000 8766.0000000000 3903.0000000000
8766.0000000000 3903.0000000000 9416.0000000000 3804.0000000000
9416.0000000000 3804.0000000000 9472.0000000000 3448.0000000000
9472.0000000000 3448.0000000000 9659.0000000000 3326.0000000000
1201.0000000000 322.0000000000 1243.0000000000 0.0000000000
