25 4
-1700.0000000000 0.0000000000 -1467.0000000000 1688.0000000000
-1467.0000000000 1688.0000000000 -1683.0000000000 2006.0000000000
-1683.0000000000 2006.0000000000 -1648.0000000000 2353.0000000000
-1648.0000000000 2353.0000000000 -1558.0000000000 2931.0000000000
-1558.0000000000 2931.0000000000 -1292.0000000000 2901.0000000000
-1292.0000000000 2901.0000000000 -1107.0000000000 4439.0000000000
-1230.0000000000 5327.0000000000 -1188.0000000000 5590.0000000000
-1188.0000000000 5590.0000000000 -987.0000000000 5596.0000000000
-987.0000000000 5596.0000000000 -764.0000000000 6223.0000000000
-764.0000000000 6223.0000000000 -323.0000000000 6155.0000000000
-132.0000000000 7566.0000000000 -0.0000000000 7848.0000000000
1452.0000000000 11823.0000000000 2677.0000000000 11596.0000000000
2076.0000000000 8328.0000000000 2133.0000000000 7962.0000000000
2133.0000000000 7962.0000000000 2331.0000000000 8129.0000000000
2103.0000000000 6108.0000000000 2117.0000000000 5817.0000000000
2117.0000000000 5817.0000000000 2906.0000000000 5702.0000000000
2906.0000000000 5702.0000000000 2803.0000000000 5057.0000000000
2803.0000000000 5057.0000000000 3019.0000000000 5025.0000000000
3019.0000000000 5025.0000000000 2978.0000000000 4415.0000000000
2617.0000000000 3738.0000000000 2443.0000000000 2443.0000000000
2443.0000000000 2443.0000000000 2686.0000000000 2335.0000000000
2686.0000000000 2335.0000000000 2571.0000000000 1607.0000000000
1136.0000000000 682.0000000000 1101.0000000000 337.0000000000
1101.0000000000 337.0000000000 790.0000000000 212.0000000000
790.0000000000 212.0000000000 765.0000000000 0.0000000000
