25 4
-3168.0000000000 0.0000000000 -3384.0000000000 415.0000000000
-4353.0000000000 768.0000000000 -3636.0000000000 1181.0000000000
-3636.0000000000 1181.0000000000 -3413.0000000000 1175.0000000000
-3413.0000000000 1175.0000000000 -3808.0000000000 1539.0000000000
-2879.0000000000 1222.0000000000 -2306.0000000000 1441.0000000000
-2306.0000000000 1441.0000000000 -2620.0000000000 2121.0000000000
-2620.0000000000 2121.0000000000 -996.0000000000 2891.0000000000
-996.0000000000 2891.0000000000 -447.0000000000 2300.0000000000
-447.0000000000 2300.0000000000 -423.0000000000 2668.0000000000
-423.0000000000 2668.0000000000 -241.0000000000 2754.0000000000
-241.0000000000 2754.0000000000 -42.0000000000 2381.0000000000
-42.0000000000 2381.0000000000 264.0000000000 2510.0000000000
440.0000000000 3586.0000000000 939.0000000000 3768.0000000000
939.0000000000 3768.0000000000 1975.0000000000 1599.0000000000
2080.0000000000 1568.0000000000 2009.0000000000 1407.0000000000
2009.0000000000 1407.0000000000 2571.0000000000 1669.0000000000
7621.0000000000 4224.0000000000 8338.0000000000 4248.0000000000
8338.0000000000 4248.0000000000 8543.0000000000 3804.0000000000
14901.0000000000 6325.0000000000 15159.0000000000 5819.0000000000
3072.0000000000 1058.0000000000 3241.0000000000 630.0000000000
3241.0000000000 630.0000000000 2735.0000000000 482.0000000000
2735.0000000000 482.0000000000 3287.0000000000 521.0000000000
3287.0000000000 521.0000000000 3361.0000000000 353.0000000000
2749.0000000000 240.0000000000 2386.0000000000 167.0000000000
2386.0000000000 167.0000000000 2406.0000000000 0.0000000000
