26 4
-3282.0000000000 0.0000000000 -2681.0000000000 1486.0000000000
-2681.0000000000 1486.0000000000 -2237.0000000000 1398.0000000000
-2148.0000000000 1504.0000000000 -1896.0000000000 1378.0000000000
-1896.0000000000 1378.0000000000 -2123.0000000000 1600.0000000000
-2123.0000000000 1600.0000000000 -2036.0000000000 1899.0000000000
-2036.0000000000 1899.0000000000 -1660.0000000000 1719.0000000000
-1660.0000000000 1719.0000000000 -1515.0000000000 2010.0000000000
-2118.0000000000 2915.0000000000 -1893.0000000000 3415.0000000000
-1893.0000000000 3415.0000000000 395.0000000000 2494.0000000000
495.0000000000 2546.0000000000 506.0000000000 2381.0000000000
506.0000000000 2381.0000000000 720.0000000000 2890.0000000000
2930.0000000000 8510.0000000000 3198.0000000000 8785.0000000000
3198.0000000000 8785.0000000000 3809.0000000000 8554.0000000000
6842.0000000000 14673.0000000000 7356.0000000000 14436.0000000000
1534.0000000000 2885.0000000000 1926.0000000000 2650.0000000000
1926.0000000000 2650.0000000000 1637.0000000000 2172.0000000000
1637.0000000000 2172.0000000000 2039.0000000000 2610.0000000000
2039.0000000000 2610.0000000000 2263.0000000000 2513.0000000000
1660.0000000000 1780.0000000000 1736.0000000000 1619.0000000000
2385.0000000000 2147.0000000000 2691.0000000000 2339.0000000000
2691.0000000000 2339.0000000000 2367.0000000000 1917.0000000000
3025.0000000000 2198.0000000000 2804.0000000000 1963.0000000000
2804.0000000000 1963.0000000000 3164.0000000000 2134.0000000000
3164.0000000000 2134.0000000000 3906.0000000000 1821.0000000000
771.0000000000 343.0000000000 941.0000000000 252.0000000000
941.0000000000 252.0000000000 722.0000000000 0.0000000000
