27 4
-3894.0000000000 0.0000000000 -4098.0000000000 72.0000000000
-3035.0000000000 106.0000000000 -2697.0000000000 524.0000000000
-2697.0000000000 524.0000000000 -3244.0000000000 992.0000000000
-3244.0000000000 992.0000000000 -1932.0000000000 2386.0000000000
-1932.0000000000 2386.0000000000 -1278.0000000000 1968.0000000000
-1278.0000000000 1968.0000000000 -1391.0000000000 2315.0000000000
-1391.0000000000 2315.0000000000 -1220.0000000000 2501.0000000000
-1220.0000000000 2501.0000000000 -935.0000000000 2202.0000000000
-935.0000000000 2202.0000000000 -693.0000000000 2417.0000000000
-929.0000000000 3466.0000000000 -544.0000000000 3871.0000000000
-470.0000000000 3827.0000000000 1302.0000000000 2167.0000000000
1302.0000000000 2167.0000000000 1439.0000000000 2302.0000000000
1439.0000000000 2302.0000000000 1333.0000000000 2053.0000000000
1333.0000000000 2053.0000000000 1967.0000000000 2708.0000000000
5599.0000000000 6672.0000000000 6257.0000000000 6949.0000000000
6257.0000000000 6949.0000000000 6610.0000000000 6610.0000000000
11643.0000000000 11243.0000000000 12062.0000000000 10861.0000000000
2466.0000000000 2069.0000000000 2635.0000000000 1777.0000000000
2746.0000000000 1783.0000000000 2606.0000000000 1628.0000000000
2606.0000000000 1628.0000000000 2837.0000000000 1705.0000000000
2837.0000000000 1705.0000000000 3012.0000000000 1534.0000000000
3012.0000000000 1534.0000000000 2143.0000000000 999.0000000000
2198.0000000000 888.0000000000 2467.0000000000 947.0000000000
3499.0000000000 1070.0000000000 3663.0000000000 913.0000000000
3663.0000000000 913.0000000000 3257.0000000000 752.0000000000
3257.0000000000 752.0000000000 3772.0000000000 802.0000000000
3894.0000000000 687.0000000000 4295.0000000000 300.0000000000
