17 4
-1773.0000000000 0.0000000000 -1870.0000000000 296.0000000000
-1870.0000000000 296.0000000000 -1627.0000000000 376.0000000000
-1627.0000000000 376.0000000000 -1803.0000000000 999.0000000000
-1803.0000000000 999.0000000000 -764.0000000000 1271.0000000000
-764.0000000000 1271.0000000000 -914.0000000000 1875.0000000000
-914.0000000000 1875.0000000000 -814.0000000000 1746.0000000000
-814.0000000000 1746.0000000000 -626.0000000000 1817.0000000000
-626.0000000000 1817.0000000000 -695.0000000000 2138.0000000000
-1238.0000000000 4050.0000000000 -1139.0000000000 4567.0000000000
-1558.0000000000 6750.0000000000 -609.0000000000 6956.0000000000
-340.0000000000 4859.0000000000 1008.0000000000 5188.0000000000
966.0000000000 4185.0000000000 979.0000000000 3925.0000000000
979.0000000000 3925.0000000000 1318.0000000000 4056.0000000000
1318.0000000000 4056.0000000000 2010.0000000000 1356.0000000000
2010.0000000000 1356.0000000000 2280.0000000000 1370.0000000000
2280.0000000000 1370.0000000000 2581.0000000000 180.0000000000
2581.0000000000 180.0000000000 2323.0000000000 122.0000000000
