16 4
-1295.0000000000 0.0000000000 -1528.0000000000 381.0000000000
-1528.0000000000 381.0000000000 -1533.0000000000 1429.0000000000
-8836.0000000000 9150.0000000000 -8782.0000000000 9418.0000000000
-7845.0000000000 8713.0000000000 -7679.0000000000 8833.0000000000
-3862.0000000000 4769.0000000000 -3117.0000000000 4290.0000000000
-3117.0000000000 4290.0000000000 208.0000000000 1481.0000000000
662.0000000000 4179.0000000000 1815.0000000000 5587.0000000000
2201.0000000000 6391.0000000000 2386.0000000000 6556.0000000000
2386.0000000000 6556.0000000000 2590.0000000000 6411.0000000000
2590.0000000000 6411.0000000000 3415.0000000000 7323.0000000000
4186.0000000000 8582.0000000000 4339.0000000000 8515.0000000000
4339.0000000000 8515.0000000000 4901.0000000000 8842.0000000000
4901.0000000000 8842.0000000000 5169.0000000000 8603.0000000000
5169.0000000000 8603.0000000000 5527.0000000000 8844.0000000000
835.0000000000 895.0000000000 1336.0000000000 460.0000000000
1336.0000000000 460.0000000000 924.0000000000 0.0000000000
