24 4
-2120.0000000000 0.0000000000 -2135.0000000000 653.0000000000
-2135.0000000000 653.0000000000 -1875.0000000000 720.0000000000
-1875.0000000000 720.0000000000 -1874.0000000000 2156.0000000000
-1874.0000000000 2156.0000000000 -2130.0000000000 2539.0000000000
-2130.0000000000 2539.0000000000 -2144.0000000000 3302.0000000000
-2144.0000000000 3302.0000000000 -1918.0000000000 3460.0000000000
-1918.0000000000 3460.0000000000 -1887.0000000000 4046.0000000000
-1887.0000000000 4046.0000000000 -1315.0000000000 4049.0000000000
-1315.0000000000 4049.0000000000 -1293.0000000000 4509.0000000000
-1437.0000000000 5364.0000000000 -1300.0000000000 5631.0000000000
-1300.0000000000 5631.0000000000 -1308.0000000000 6730.0000000000
-1559.0000000000 9840.0000000000 -1422.0000000000 10121.0000000000
-1422.0000000000 10121.0000000000 -1247.0000000000 10157.0000000000
-1247.0000000000 10157.0000000000 -1040.0000000000 9896.0000000000
-1040.0000000000 9896.0000000000 1211.0000000000 9865.0000000000
1027.0000000000 5827.0000000000 1090.0000000000 4068.0000000000
1090.0000000000 4068.0000000000 1895.0000000000 4065.0000000000
1895.0000000000 4065.0000000000 1886.0000000000 3403.0000000000
1886.0000000000 3403.0000000000 2159.0000000000 3324.0000000000
2159.0000000000 3324.0000000000 2145.0000000000 2556.0000000000
2145.0000000000 2556.0000000000 1894.0000000000 2179.0000000000
1894.0000000000 2179.0000000000 1907.0000000000 732.0000000000
1907.0000000000 732.0000000000 2168.0000000000 705.0000000000
2168.0000000000 705.0000000000 2160.0000000000 0.0000000000
