9 4
-585.0000000000 0.0000000000 -824.0000000000 1177.0000000000
-1349.0000000000 2000.0000000000 -931.0000000000 1996.0000000000
-931.0000000000 1996.0000000000 -1021.0000000000 2661.0000000000
-1021.0000000000 2661.0000000000 -292.0000000000 2782.0000000000
-841.0000000000 9608.0000000000 -338.0000000000 9667.0000000000
-338.0000000000 9667.0000000000 -164.0000000000 9392.0000000000
134.0000000000 7704.0000000000 252.0000000000 7212.0000000000
345.0000000000 6586.0000000000 1319.0000000000 1147.0000000000
1319.0000000000 1147.0000000000 588.0000000000 0.0000000000
