13 4
-839.0000000000 0.0000000000 -1214.0000000000 949.0000000000
-1214.0000000000 949.0000000000 -728.0000000000 2115.0000000000
-3324.0000000000 11593.0000000000 -3027.0000000000 12141.0000000000
-3027.0000000000 12141.0000000000 -2823.0000000000 12229.0000000000
-1272.0000000000 5986.0000000000 -986.0000000000 5595.0000000000
-986.0000000000 5595.0000000000 876.0000000000 1402.0000000000
2316.0000000000 3567.0000000000 3997.0000000000 4286.0000000000
4750.0000000000 4919.0000000000 5009.0000000000 5009.0000000000
5009.0000000000 5009.0000000000 5180.0000000000 4831.0000000000
5180.0000000000 4831.0000000000 6233.0000000000 5230.0000000000
7476.0000000000 6054.0000000000 7645.0000000000 5973.0000000000
8296.0000000000 6027.0000000000 8518.0000000000 5531.0000000000
1181.0000000000 602.0000000000 1430.0000000000 0.0000000000
