9 4
-678.0000000000 0.0000000000 -1012.0000000000 791.0000000000
-1865.0000000000 1510.0000000000 -1354.0000000000 1503.0000000000
-1286.0000000000 1588.0000000000 -1496.0000000000 2219.0000000000
-1496.0000000000 2219.0000000000 -807.0000000000 2483.0000000000
-2761.0000000000 9029.0000000000 -2135.0000000000 9250.0000000000
-2135.0000000000 9250.0000000000 -1869.0000000000 8793.0000000000
-1275.0000000000 7231.0000000000 -1077.0000000000 6802.0000000000
-867.0000000000 6170.0000000000 1081.0000000000 1200.0000000000
1081.0000000000 1200.0000000000 562.0000000000 0.0000000000
