22 4
-1626.0000000000 0.0000000000 -1635.0000000000 230.0000000000
-1635.0000000000 230.0000000000 -1904.0000000000 302.0000000000
-1904.0000000000 302.0000000000 -1929.0000000000 2560.0000000000
-1929.0000000000 2560.0000000000 -2191.0000000000 3248.0000000000
-2191.0000000000 3248.0000000000 -2195.0000000000 3802.0000000000
-2195.0000000000 3802.0000000000 -1929.0000000000 3955.0000000000
-1929.0000000000 3955.0000000000 -1925.0000000000 5290.0000000000
-2217.0000000000 6438.0000000000 -2010.0000000000 6574.0000000000
-2010.0000000000 6574.0000000000 -1937.0000000000 7229.0000000000
-1937.0000000000 7229.0000000000 -1405.0000000000 7231.0000000000
-1405.0000000000 7231.0000000000 -1356.0000000000 7690.0000000000
-1389.0000000000 13216.0000000000 -1144.0000000000 13078.0000000000
-1144.0000000000 13078.0000000000 912.0000000000 13043.0000000000
1017.0000000000 7240.0000000000 1808.0000000000 7252.0000000000
1808.0000000000 7252.0000000000 1890.0000000000 6592.0000000000
1890.0000000000 6592.0000000000 2091.0000000000 6436.0000000000
1828.0000000000 5310.0000000000 1852.0000000000 5087.0000000000
478.0000000000 1246.0000000000 536.0000000000 857.0000000000
536.0000000000 857.0000000000 820.0000000000 911.0000000000
820.0000000000 911.0000000000 828.0000000000 369.0000000000
828.0000000000 369.0000000000 1056.0000000000 364.0000000000
1056.0000000000 364.0000000000 1128.0000000000 0.0000000000
