24 4
-1883.0000000000 0.0000000000 -1888.0000000000 541.0000000000
-1888.0000000000 541.0000000000 -1455.0000000000 501.0000000000
-1455.0000000000 501.0000000000 -1406.0000000000 780.0000000000
-1406.0000000000 780.0000000000 -1593.0000000000 920.0000000000
-1593.0000000000 920.0000000000 -1585.0000000000 1283.0000000000
-1585.0000000000 1283.0000000000 -1876.0000000000 1574.0000000000
-1876.0000000000 1574.0000000000 -1874.0000000000 3677.0000000000
-2123.0000000000 4354.0000000000 -2146.0000000000 4821.0000000000
-2098.0000000000 4942.0000000000 -1902.0000000000 4955.0000000000
-1902.0000000000 4955.0000000000 -1867.0000000000 5130.0000000000
-1867.0000000000 5130.0000000000 -1875.0000000000 6132.0000000000
-2141.0000000000 7466.0000000000 -2049.0000000000 7645.0000000000
-1906.0000000000 7644.0000000000 -1767.0000000000 8315.0000000000
-1767.0000000000 8315.0000000000 -1316.0000000000 8309.0000000000
-1246.0000000000 14245.0000000000 -989.0000000000 14148.0000000000
-989.0000000000 14148.0000000000 986.0000000000 14102.0000000000
1072.0000000000 8730.0000000000 1167.0000000000 8303.0000000000
1167.0000000000 8303.0000000000 1767.0000000000 8312.0000000000
518.0000000000 2244.0000000000 552.0000000000 1926.0000000000
552.0000000000 1926.0000000000 845.0000000000 1990.0000000000
845.0000000000 1990.0000000000 845.0000000000 1464.0000000000
845.0000000000 1464.0000000000 1140.0000000000 1311.0000000000
1140.0000000000 1311.0000000000 1157.0000000000 810.0000000000
662.0000000000 447.0000000000 475.0000000000 0.0000000000
