20 4
-3621.0000000000 0.0000000000 -3108.0000000000 661.0000000000
-3108.0000000000 661.0000000000 -2541.0000000000 634.0000000000
-2541.0000000000 634.0000000000 -2359.0000000000 812.0000000000
-2359.0000000000 812.0000000000 -2681.0000000000 1138.0000000000
-2681.0000000000 1138.0000000000 -2271.0000000000 1011.0000000000
-2271.0000000000 1011.0000000000 -1854.0000000000 1556.0000000000
-1854.0000000000 1556.0000000000 -1757.0000000000 1697.0000000000
-1757.0000000000 1697.0000000000 -2031.0000000000 2031.0000000000
-2031.0000000000 2031.0000000000 -1401.0000000000 2873.0000000000
-1401.0000000000 2873.0000000000 602.0000000000 1351.0000000000
602.0000000000 1351.0000000000 953.0000000000 1793.0000000000
675.0000000000 1217.0000000000 863.0000000000 1437.0000000000
4398.0000000000 6281.0000000000 5015.0000000000 6655.0000000000
5015.0000000000 6655.0000000000 5464.0000000000 6285.0000000000
10167.0000000000 11291.0000000000 10572.0000000000 10948.0000000000
4015.0000000000 3878.0000000000 2716.0000000000 2199.0000000000
1766.0000000000 1380.0000000000 2016.0000000000 1164.0000000000
1968.0000000000 1091.0000000000 2235.0000000000 995.0000000000
1613.0000000000 493.0000000000 1541.0000000000 217.0000000000
1541.0000000000 217.0000000000 1754.0000000000 123.0000000000
