17 4
-4640.0000000000 0.0000000000 -3658.0000000000 320.0000000000
-3658.0000000000 320.0000000000 -4107.0000000000 504.0000000000
-4927.0000000000 692.0000000000 -4390.0000000000 774.0000000000
-3649.0000000000 842.0000000000 -4033.0000000000 1005.0000000000
-4033.0000000000 1005.0000000000 -4180.0000000000 1278.0000000000
-5017.0000000000 1727.0000000000 -5036.0000000000 1933.0000000000
-5036.0000000000 1933.0000000000 -4131.0000000000 1926.0000000000
-3270.0000000000 1595.0000000000 -2787.0000000000 1609.0000000000
-2787.0000000000 1609.0000000000 -2773.0000000000 2327.0000000000
-2773.0000000000 2327.0000000000 -1784.0000000000 2284.0000000000
-1346.0000000000 1786.0000000000 -1047.0000000000 1742.0000000000
-1047.0000000000 1742.0000000000 -983.0000000000 1929.0000000000
-983.0000000000 1929.0000000000 -833.0000000000 1786.0000000000
-833.0000000000 1786.0000000000 -0.0000000000 1757.0000000000
-0.0000000000 1757.0000000000 76.0000000000 2188.0000000000
76.0000000000 2188.0000000000 1146.0000000000 2154.0000000000
1146.0000000000 2154.0000000000 1113.0000000000 0.0000000000
