18 4
-3419.0000000000 0.0000000000 -3880.0000000000 203.0000000000
-4700.0000000000 411.0000000000 -4176.0000000000 439.0000000000
-3478.0000000000 427.0000000000 -3522.0000000000 621.0000000000
-3522.0000000000 621.0000000000 -3927.0000000000 763.0000000000
-3927.0000000000 763.0000000000 -3849.0000000000 960.0000000000
-5258.0000000000 1409.0000000000 -4892.0000000000 1403.0000000000
-4892.0000000000 1403.0000000000 -4806.0000000000 1655.0000000000
-4806.0000000000 1655.0000000000 -4051.0000000000 1637.0000000000
-3069.0000000000 1303.0000000000 -2571.0000000000 1310.0000000000
-2571.0000000000 1310.0000000000 -2584.0000000000 2019.0000000000
-2584.0000000000 2019.0000000000 -1550.0000000000 1984.0000000000
-1129.0000000000 1498.0000000000 -839.0000000000 1453.0000000000
-839.0000000000 1453.0000000000 -767.0000000000 1644.0000000000
-767.0000000000 1644.0000000000 -666.0000000000 1495.0000000000
-666.0000000000 1495.0000000000 233.0000000000 1473.0000000000
233.0000000000 1473.0000000000 333.0000000000 1889.0000000000
333.0000000000 1889.0000000000 1388.0000000000 1842.0000000000
1388.0000000000 1842.0000000000 1338.0000000000 0.0000000000
