31 4
-2600.0000000000 136.0000000000 -2887.0000000000 253.0000000000
-2887.0000000000 253.0000000000 -2597.0000000000 273.0000000000
-2613.0000000000 367.0000000000 -3126.0000000000 495.0000000000
-3126.0000000000 495.0000000000 -3123.0000000000 779.0000000000
-3114.0000000000 893.0000000000 -3094.0000000000 1715.0000000000
-3009.0000000000 1737.0000000000 -3081.0000000000 2001.0000000000
-3081.0000000000 2001.0000000000 -2312.0000000000 1742.0000000000
-2312.0000000000 1742.0000000000 -2543.0000000000 1987.0000000000
-2543.0000000000 1987.0000000000 -2564.0000000000 2476.0000000000
-2564.0000000000 2476.0000000000 -2519.0000000000 2701.0000000000
-2519.0000000000 2701.0000000000 -2266.0000000000 2700.0000000000
-3032.0000000000 3744.0000000000 -3022.0000000000 4159.0000000000
-2310.0000000000 3299.0000000000 -2752.0000000000 4238.0000000000
-1817.0000000000 2908.0000000000 -1339.0000000000 2872.0000000000
-1339.0000000000 2872.0000000000 -1377.0000000000 3245.0000000000
-1700.0000000000 4207.0000000000 -1533.0000000000 4212.0000000000
-822.0000000000 2387.0000000000 -597.0000000000 2227.0000000000
-597.0000000000 2227.0000000000 -424.0000000000 2403.0000000000
-424.0000000000 2403.0000000000 -405.0000000000 3298.0000000000
-238.0000000000 2265.0000000000 -219.0000000000 2500.0000000000
-219.0000000000 2500.0000000000 -156.0000000000 2235.0000000000
-40.0000000000 2295.0000000000 -0.0000000000 2706.0000000000
102.0000000000 2928.0000000000 280.0000000000 2665.0000000000
508.0000000000 4135.0000000000 729.0000000000 4132.0000000000
729.0000000000 4132.0000000000 773.0000000000 3635.0000000000
773.0000000000 3635.0000000000 979.0000000000 3653.0000000000
979.0000000000 3653.0000000000 995.0000000000 3061.0000000000
736.0000000000 2139.0000000000 691.0000000000 1417.0000000000
691.0000000000 1417.0000000000 1433.0000000000 1384.0000000000
1433.0000000000 1384.0000000000 1400.0000000000 73.0000000000
1400.0000000000 73.0000000000 949.0000000000 0.0000000000
