23 4
-2810.0000000000 0.0000000000 -3010.0000000000 695.0000000000
-3010.0000000000 695.0000000000 -3542.0000000000 949.0000000000
-3542.0000000000 949.0000000000 -3690.0000000000 1721.0000000000
-3690.0000000000 1721.0000000000 -1353.0000000000 2343.0000000000
-1353.0000000000 2343.0000000000 -1423.0000000000 2792.0000000000
-1423.0000000000 2792.0000000000 -1143.0000000000 2344.0000000000
-1143.0000000000 2344.0000000000 -1229.0000000000 2636.0000000000
-2890.0000000000 8393.0000000000 -2782.0000000000 9099.0000000000
-2782.0000000000 9099.0000000000 -2299.0000000000 9220.0000000000
-3676.0000000000 15921.0000000000 -3402.0000000000 16005.0000000000
-642.0000000000 3304.0000000000 -237.0000000000 3387.0000000000
-237.0000000000 3387.0000000000 -148.0000000000 2829.0000000000
-148.0000000000 2829.0000000000 -119.0000000000 3420.0000000000
-0.0000000000 3432.0000000000 57.0000000000 3262.0000000000
57.0000000000 3262.0000000000 121.0000000000 3461.0000000000
387.0000000000 3150.0000000000 571.0000000000 3604.0000000000
571.0000000000 3604.0000000000 564.0000000000 2902.0000000000
564.0000000000 2902.0000000000 654.0000000000 3076.0000000000
1073.0000000000 3741.0000000000 2235.0000000000 4032.0000000000
587.0000000000 1017.0000000000 796.0000000000 228.0000000000
796.0000000000 228.0000000000 1152.0000000000 203.0000000000
1152.0000000000 203.0000000000 831.0000000000 117.0000000000
851.0000000000 15.0000000000 1406.0000000000 0.0000000000
