21 4
-3320.0000000000 116.0000000000 -3744.0000000000 660.0000000000
-3744.0000000000 660.0000000000 -2865.0000000000 1336.0000000000
-2865.0000000000 1336.0000000000 -2310.0000000000 1177.0000000000
-2310.0000000000 1177.0000000000 -2085.0000000000 1303.0000000000
-2085.0000000000 1303.0000000000 -2252.0000000000 1636.0000000000
-2252.0000000000 1636.0000000000 -1959.0000000000 1476.0000000000
-1959.0000000000 1476.0000000000 -1301.0000000000 2003.0000000000
-1301.0000000000 2003.0000000000 -1455.0000000000 2421.0000000000
-1455.0000000000 2421.0000000000 -653.0000000000 3072.0000000000
-653.0000000000 3072.0000000000 898.0000000000 1109.0000000000
898.0000000000 1109.0000000000 1481.0000000000 1534.0000000000
956.0000000000 956.0000000000 1420.0000000000 1324.0000000000
5876.0000000000 4930.0000000000 6529.0000000000 5101.0000000000
6529.0000000000 5101.0000000000 6790.0000000000 4754.0000000000
12554.0000000000 8468.0000000000 12871.0000000000 8043.0000000000
4761.0000000000 2639.0000000000 3177.0000000000 1415.0000000000
2194.0000000000 932.0000000000 2052.0000000000 829.0000000000
2052.0000000000 829.0000000000 2246.0000000000 560.0000000000
2182.0000000000 504.0000000000 2420.0000000000 340.0000000000
2475.0000000000 260.0000000000 2492.0000000000 87.0000000000
2492.0000000000 87.0000000000 1657.0000000000 0.0000000000
