34 4
-5339.0000000000 373.0000000000 -5568.0000000000 585.0000000000
-3878.0000000000 476.0000000000 -3695.0000000000 519.0000000000
-5690.0000000000 1106.0000000000 -5630.0000000000 1300.0000000000
-5630.0000000000 1300.0000000000 -5930.0000000000 1589.0000000000
-5930.0000000000 1589.0000000000 -5757.0000000000 1760.0000000000
-4277.0000000000 1390.0000000000 -3984.0000000000 1691.0000000000
-2406.0000000000 1122.0000000000 -1762.0000000000 1824.0000000000
-1762.0000000000 1824.0000000000 -2090.0000000000 2241.0000000000
-2090.0000000000 2241.0000000000 -1912.0000000000 2447.0000000000
-1401.0000000000 1859.0000000000 -1801.0000000000 2572.0000000000
-1643.0000000000 2735.0000000000 -1220.0000000000 3178.0000000000
-1143.0000000000 3141.0000000000 -1031.0000000000 3372.0000000000
-1031.0000000000 3372.0000000000 -617.0000000000 2674.0000000000
-617.0000000000 2674.0000000000 -608.0000000000 3449.0000000000
-608.0000000000 3449.0000000000 -515.0000000000 3254.0000000000
-515.0000000000 3254.0000000000 -187.0000000000 3564.0000000000
-187.0000000000 3564.0000000000 58.0000000000 3346.0000000000
162.0000000000 4632.0000000000 337.0000000000 4823.0000000000
337.0000000000 4823.0000000000 389.0000000000 4448.0000000000
403.0000000000 3830.0000000000 604.0000000000 4299.0000000000
511.0000000000 3227.0000000000 874.0000000000 2857.0000000000
874.0000000000 2857.0000000000 1101.0000000000 3199.0000000000
927.0000000000 2184.0000000000 974.0000000000 1912.0000000000
974.0000000000 1912.0000000000 1331.0000000000 1973.0000000000
1803.0000000000 2575.0000000000 2034.0000000000 2699.0000000000
1473.0000000000 1886.0000000000 1338.0000000000 1594.0000000000
1338.0000000000 1594.0000000000 1558.0000000000 1671.0000000000
2018.0000000000 2018.0000000000 1874.0000000000 1810.0000000000
1874.0000000000 1810.0000000000 1948.0000000000 1635.0000000000
3254.0000000000 2452.0000000000 2927.0000000000 2049.0000000000
2927.0000000000 2049.0000000000 3120.0000000000 1875.0000000000
3120.0000000000 1875.0000000000 2515.0000000000 1227.0000000000
1724.0000000000 804.0000000000 1400.0000000000 455.0000000000
1400.0000000000 455.0000000000 1859.0000000000 0.0000000000
