26 4
-4166.0000000000 0.0000000000 -3512.0000000000 1491.0000000000
-9628.0000000000 4696.0000000000 -9552.0000000000 4867.0000000000
-15529.0000000000 8257.0000000000 -15405.0000000000 8539.0000000000
-15405.0000000000 8539.0000000000 -15023.0000000000 8674.0000000000
-3876.0000000000 2614.0000000000 -3554.0000000000 3200.0000000000
-3554.0000000000 3200.0000000000 -3276.0000000000 3055.0000000000
-3276.0000000000 3055.0000000000 -3403.0000000000 3286.0000000000
-3335.0000000000 3704.0000000000 -2770.0000000000 3302.0000000000
-3172.0000000000 4060.0000000000 -2881.0000000000 3824.0000000000
-2881.0000000000 3824.0000000000 -3091.0000000000 4254.0000000000
-3091.0000000000 4254.0000000000 -2869.0000000000 4774.0000000000
-1226.0000000000 2123.0000000000 -378.0000000000 1776.0000000000
-378.0000000000 1776.0000000000 -267.0000000000 1899.0000000000
-267.0000000000 1899.0000000000 -151.0000000000 1432.0000000000
-185.0000000000 2111.0000000000 -103.0000000000 1958.0000000000
-39.0000000000 2210.0000000000 106.0000000000 2022.0000000000
222.0000000000 2112.0000000000 554.0000000000 1933.0000000000
627.0000000000 1931.0000000000 1121.0000000000 1727.0000000000
1220.0000000000 1680.0000000000 968.0000000000 1284.0000000000
968.0000000000 1284.0000000000 1289.0000000000 1650.0000000000
1287.0000000000 1429.0000000000 1142.0000000000 958.0000000000
1142.0000000000 958.0000000000 1825.0000000000 851.0000000000
1825.0000000000 851.0000000000 1725.0000000000 561.0000000000
2985.0000000000 912.0000000000 3441.0000000000 731.0000000000
2757.0000000000 536.0000000000 2292.0000000000 404.0000000000
3361.0000000000 532.0000000000 3214.0000000000 225.0000000000
