20 4
-2386.0000000000 125.0000000000 -2748.0000000000 240.0000000000
-2748.0000000000 240.0000000000 -2457.0000000000 302.0000000000
-2457.0000000000 302.0000000000 -2584.0000000000 1150.0000000000
-2584.0000000000 1150.0000000000 -3066.0000000000 1430.0000000000
-3066.0000000000 1430.0000000000 -3160.0000000000 2213.0000000000
-3160.0000000000 2213.0000000000 -690.0000000000 2576.0000000000
-690.0000000000 2576.0000000000 -761.0000000000 3295.0000000000
-1326.0000000000 9437.0000000000 -830.0000000000 9491.0000000000
-1143.0000000000 16345.0000000000 -573.0000000000 16415.0000000000
120.0000000000 3440.0000000000 473.0000000000 3367.0000000000
662.0000000000 3404.0000000000 940.0000000000 3508.0000000000
940.0000000000 3508.0000000000 759.0000000000 2484.0000000000
1245.0000000000 2934.0000000000 1407.0000000000 3017.0000000000
1765.0000000000 3619.0000000000 1577.0000000000 3094.0000000000
1930.0000000000 3631.0000000000 3056.0000000000 3774.0000000000
3056.0000000000 3774.0000000000 3139.0000000000 3366.0000000000
3139.0000000000 3366.0000000000 3460.0000000000 3341.0000000000
1041.0000000000 971.0000000000 1145.0000000000 181.0000000000
1145.0000000000 181.0000000000 1506.0000000000 132.0000000000
1506.0000000000 132.0000000000 1165.0000000000 81.0000000000
