29 4
-2999.0000000000 0.0000000000 -2996.0000000000 262.0000000000
-3017.0000000000 370.0000000000 -2940.0000000000 733.0000000000
-2940.0000000000 733.0000000000 -3028.0000000000 926.0000000000
-2244.0000000000 729.0000000000 -2761.0000000000 951.0000000000
-2761.0000000000 951.0000000000 -2387.0000000000 1013.0000000000
-2387.0000000000 1013.0000000000 -2518.0000000000 1698.0000000000
-2518.0000000000 1698.0000000000 -2268.0000000000 1709.0000000000
-2268.0000000000 1709.0000000000 -2484.0000000000 1941.0000000000
-3058.0000000000 2476.0000000000 -3069.0000000000 2764.0000000000
-3069.0000000000 2764.0000000000 -2713.0000000000 2530.0000000000
-2713.0000000000 2530.0000000000 -3074.0000000000 2969.0000000000
-2319.0000000000 2319.0000000000 -2517.0000000000 2606.0000000000
-1813.0000000000 1945.0000000000 -1309.0000000000 1940.0000000000
-1309.0000000000 1940.0000000000 -1389.0000000000 2312.0000000000
-1882.0000000000 3260.0000000000 -1665.0000000000 3267.0000000000
-547.0000000000 1354.0000000000 -542.0000000000 1573.0000000000
-542.0000000000 1573.0000000000 -371.0000000000 1746.0000000000
-371.0000000000 1746.0000000000 -426.0000000000 2690.0000000000
-222.0000000000 1581.0000000000 -173.0000000000 1410.0000000000
-24.0000000000 1396.0000000000 107.0000000000 2038.0000000000
133.0000000000 1901.0000000000 322.0000000000 1824.0000000000
649.0000000000 3339.0000000000 711.0000000000 2853.0000000000
711.0000000000 2853.0000000000 979.0000000000 2844.0000000000
979.0000000000 2844.0000000000 1013.0000000000 1905.0000000000
1013.0000000000 1905.0000000000 1197.0000000000 1915.0000000000
886.0000000000 1365.0000000000 747.0000000000 1108.0000000000
747.0000000000 1108.0000000000 764.0000000000 597.0000000000
764.0000000000 597.0000000000 1534.0000000000 620.0000000000
1534.0000000000 620.0000000000 1534.0000000000 0.0000000000
