29 4
-3001.0000000000 210.0000000000 -2737.0000000000 239.0000000000
-2737.0000000000 239.0000000000 -2983.0000000000 313.0000000000
-2983.0000000000 313.0000000000 -2769.0000000000 1175.0000000000
-2837.0000000000 1263.0000000000 -2329.0000000000 1086.0000000000
-2329.0000000000 1086.0000000000 -2817.0000000000 1374.0000000000
-2603.0000000000 1384.0000000000 -2189.0000000000 1368.0000000000
-2189.0000000000 1368.0000000000 -2191.0000000000 2043.0000000000
-2191.0000000000 2043.0000000000 -1893.0000000000 2030.0000000000
-2575.0000000000 2860.0000000000 -2516.0000000000 3220.0000000000
-2516.0000000000 3220.0000000000 -1894.0000000000 2607.0000000000
-1894.0000000000 2607.0000000000 -2032.0000000000 2902.0000000000
-1509.0000000000 2238.0000000000 -963.0000000000 2065.0000000000
-963.0000000000 2065.0000000000 -951.0000000000 2478.0000000000
-435.0000000000 1423.0000000000 -464.0000000000 1620.0000000000
-464.0000000000 1620.0000000000 -309.0000000000 1339.0000000000
-309.0000000000 1339.0000000000 -271.0000000000 1536.0000000000
-271.0000000000 1536.0000000000 -59.0000000000 1678.0000000000
-59.0000000000 1678.0000000000 43.0000000000 2486.0000000000
203.0000000000 1281.0000000000 320.0000000000 1816.0000000000
320.0000000000 1816.0000000000 301.0000000000 1417.0000000000
472.0000000000 2045.0000000000 473.0000000000 1766.0000000000
473.0000000000 1766.0000000000 637.0000000000 1659.0000000000
1247.0000000000 3086.0000000000 1206.0000000000 2586.0000000000
1206.0000000000 2586.0000000000 1469.0000000000 2545.0000000000
1469.0000000000 2545.0000000000 1340.0000000000 1655.0000000000
1340.0000000000 1655.0000000000 1578.0000000000 1578.0000000000
937.0000000000 904.0000000000 857.0000000000 364.0000000000
857.0000000000 364.0000000000 1611.0000000000 255.0000000000
1611.0000000000 255.0000000000 1563.0000000000 0.0000000000
