29 4
-4544.0000000000 79.0000000000 -3768.0000000000 197.0000000000
-17562.0000000000 1536.0000000000 -17538.0000000000 1843.0000000000
-6555.0000000000 1156.0000000000 -5983.0000000000 1163.0000000000
-4568.0000000000 971.0000000000 -4562.0000000000 1395.0000000000
-4562.0000000000 1395.0000000000 -4134.0000000000 1343.0000000000
-4134.0000000000 1343.0000000000 -4571.0000000000 1574.0000000000
-4571.0000000000 1574.0000000000 -3597.0000000000 1453.0000000000
-4573.0000000000 2535.0000000000 -4118.0000000000 2378.0000000000
-4118.0000000000 2378.0000000000 -4570.0000000000 2746.0000000000
-4570.0000000000 2746.0000000000 -4579.0000000000 3327.0000000000
-2051.0000000000 1545.0000000000 -1100.0000000000 1570.0000000000
-1100.0000000000 1570.0000000000 -1039.0000000000 1729.0000000000
-1039.0000000000 1729.0000000000 -752.0000000000 1357.0000000000
-940.0000000000 2112.0000000000 -336.0000000000 2124.0000000000
-178.0000000000 1269.0000000000 -223.0000000000 2120.0000000000
-223.0000000000 2120.0000000000 300.0000000000 2131.0000000000
300.0000000000 2131.0000000000 301.0000000000 1551.0000000000
301.0000000000 1551.0000000000 452.0000000000 2127.0000000000
452.0000000000 2127.0000000000 359.0000000000 1340.0000000000
566.0000000000 1975.0000000000 626.0000000000 1476.0000000000
626.0000000000 1476.0000000000 1310.0000000000 1617.0000000000
1310.0000000000 1617.0000000000 1323.0000000000 1323.0000000000
2202.0000000000 2126.0000000000 2744.0000000000 2144.0000000000
2164.0000000000 1631.0000000000 1912.0000000000 1389.0000000000
2801.0000000000 1961.0000000000 2823.0000000000 1696.0000000000
1550.0000000000 895.0000000000 1529.0000000000 381.0000000000
2859.0000000000 608.0000000000 2900.0000000000 254.0000000000
2900.0000000000 254.0000000000 2669.0000000000 187.0000000000
2669.0000000000 187.0000000000 2638.0000000000 0.0000000000
