27 4
-9684.0000000000 0.0000000000 -9699.0000000000 169.0000000000
-16544.0000000000 578.0000000000 -16560.0000000000 868.0000000000
-16560.0000000000 868.0000000000 -16400.0000000000 1147.0000000000
-3582.0000000000 503.0000000000 -3564.0000000000 955.0000000000
-3564.0000000000 955.0000000000 -3074.0000000000 881.0000000000
-3074.0000000000 881.0000000000 -3574.0000000000 1161.0000000000
-2785.0000000000 959.0000000000 -2525.0000000000 1177.0000000000
-3616.0000000000 2348.0000000000 -3628.0000000000 2540.0000000000
-3634.0000000000 2738.0000000000 -3655.0000000000 3409.0000000000
-3655.0000000000 3409.0000000000 -3194.0000000000 3548.0000000000
-1045.0000000000 1202.0000000000 -44.0000000000 1250.0000000000
-44.0000000000 1250.0000000000 -31.0000000000 1769.0000000000
-31.0000000000 1769.0000000000 351.0000000000 1804.0000000000
483.0000000000 1801.0000000000 444.0000000000 1366.0000000000
444.0000000000 1366.0000000000 625.0000000000 1816.0000000000
851.0000000000 1824.0000000000 1333.0000000000 1834.0000000000
1318.0000000000 1749.0000000000 1542.0000000000 1838.0000000000
1562.0000000000 1735.0000000000 1589.0000000000 1333.0000000000
1589.0000000000 1333.0000000000 1344.0000000000 1050.0000000000
1344.0000000000 1050.0000000000 2069.0000000000 1344.0000000000
2069.0000000000 1344.0000000000 2308.0000000000 1333.0000000000
2308.0000000000 1333.0000000000 2317.0000000000 1081.0000000000
2317.0000000000 1081.0000000000 2586.0000000000 1151.0000000000
2901.0000000000 1172.0000000000 3817.0000000000 1389.0000000000
3817.0000000000 1389.0000000000 3847.0000000000 1031.0000000000
2566.0000000000 640.0000000000 2570.0000000000 225.0000000000
3897.0000000000 136.0000000000 3729.0000000000 0.0000000000
