28 4
-5231.0000000000 0.0000000000 -5656.0000000000 197.0000000000
-5656.0000000000 197.0000000000 -5893.0000000000 516.0000000000
-6079.0000000000 746.0000000000 -6277.0000000000 994.0000000000
-6277.0000000000 994.0000000000 -5984.0000000000 1381.0000000000
-5984.0000000000 1381.0000000000 -6088.0000000000 1518.0000000000
-2844.0000000000 762.0000000000 -2103.0000000000 1366.0000000000
-2103.0000000000 1366.0000000000 -2401.0000000000 1809.0000000000
-2149.0000000000 2004.0000000000 -1216.0000000000 2731.0000000000
-1085.0000000000 2686.0000000000 -820.0000000000 2381.0000000000
-820.0000000000 2381.0000000000 -296.0000000000 2820.0000000000
-296.0000000000 2820.0000000000 -91.0000000000 2605.0000000000
-63.0000000000 3603.0000000000 273.0000000000 3900.0000000000
273.0000000000 3900.0000000000 297.0000000000 3389.0000000000
367.0000000000 2610.0000000000 378.0000000000 2389.0000000000
378.0000000000 2389.0000000000 650.0000000000 2001.0000000000
650.0000000000 2001.0000000000 924.0000000000 2287.0000000000
1377.0000000000 3244.0000000000 1501.0000000000 3077.0000000000
645.0000000000 1032.0000000000 888.0000000000 1222.0000000000
888.0000000000 1222.0000000000 1064.0000000000 1141.0000000000
1064.0000000000 1141.0000000000 1452.0000000000 1503.0000000000
1452.0000000000 1503.0000000000 1816.0000000000 1635.0000000000
1158.0000000000 1006.0000000000 932.0000000000 782.0000000000
1876.0000000000 1172.0000000000 1665.0000000000 1000.0000000000
1098.0000000000 634.0000000000 1492.0000000000 793.0000000000
1492.0000000000 793.0000000000 1538.0000000000 621.0000000000
2788.0000000000 1070.0000000000 2570.0000000000 885.0000000000
2570.0000000000 885.0000000000 2755.0000000000 687.0000000000
2755.0000000000 687.0000000000 2018.0000000000 106.0000000000
