17 4
-3060.0000000000 160.0000000000 -2703.0000000000 284.0000000000
-2703.0000000000 284.0000000000 -2574.0000000000 454.0000000000
-2574.0000000000 454.0000000000 -2698.0000000000 573.0000000000
-3643.0000000000 1699.0000000000 -3474.0000000000 1770.0000000000
-7186.0000000000 7706.0000000000 -6990.0000000000 7763.0000000000
-6653.0000000000 8215.0000000000 -6497.0000000000 8316.0000000000
-679.0000000000 7763.0000000000 -410.0000000000 7821.0000000000
4404.0000000000 14406.0000000000 4629.0000000000 14248.0000000000
8161.0000000000 11232.0000000000 8723.0000000000 10772.0000000000
1716.0000000000 1974.0000000000 2066.0000000000 1673.0000000000
2066.0000000000 1673.0000000000 1156.0000000000 641.0000000000
1156.0000000000 641.0000000000 1488.0000000000 371.0000000000
1488.0000000000 371.0000000000 2131.0000000000 453.0000000000
2131.0000000000 453.0000000000 2013.0000000000 319.0000000000
2013.0000000000 319.0000000000 2379.0000000000 250.0000000000
2379.0000000000 250.0000000000 2183.0000000000 38.0000000000
2183.0000000000 38.0000000000 1940.0000000000 0.0000000000
