32 4
-1670.0000000000 88.0000000000 -2688.0000000000 378.0000000000
-4030.0000000000 638.0000000000 -3488.0000000000 678.0000000000
-10800.0000000000 5267.0000000000 -10428.0000000000 6266.0000000000
-9822.0000000000 7953.0000000000 -9753.0000000000 8183.0000000000
-6767.0000000000 5883.0000000000 -6717.0000000000 6048.0000000000
-6717.0000000000 6048.0000000000 -6464.0000000000 6028.0000000000
-3429.0000000000 3677.0000000000 -3375.0000000000 3883.0000000000
-3375.0000000000 3883.0000000000 -3201.0000000000 3815.0000000000
-3201.0000000000 3815.0000000000 -3047.0000000000 4351.0000000000
-3047.0000000000 4351.0000000000 -2958.0000000000 5124.0000000000
-2958.0000000000 5124.0000000000 -3033.0000000000 5472.0000000000
-3033.0000000000 5472.0000000000 -2878.0000000000 6172.0000000000
-2692.0000000000 6341.0000000000 -2585.0000000000 6735.0000000000
-2585.0000000000 6735.0000000000 -2643.0000000000 7262.0000000000
-2507.0000000000 7280.0000000000 -2360.0000000000 7720.0000000000
-2360.0000000000 7720.0000000000 -2114.0000000000 9157.0000000000
-2088.0000000000 9825.0000000000 -1887.0000000000 10700.0000000000
-593.0000000000 3744.0000000000 -403.0000000000 3832.0000000000
-403.0000000000 3832.0000000000 -175.0000000000 3330.0000000000
-175.0000000000 3330.0000000000 63.0000000000 3616.0000000000
63.0000000000 3616.0000000000 213.0000000000 4066.0000000000
347.0000000000 4960.0000000000 602.0000000000 4901.0000000000
600.0000000000 3790.0000000000 1052.0000000000 3667.0000000000
2047.0000000000 6300.0000000000 2220.0000000000 6100.0000000000
1548.0000000000 3831.0000000000 1654.0000000000 3392.0000000000
1654.0000000000 3392.0000000000 2187.0000000000 3500.0000000000
1361.0000000000 1807.0000000000 1058.0000000000 1354.0000000000
3819.0000000000 4241.0000000000 4084.0000000000 3944.0000000000
5204.0000000000 2652.0000000000 5335.0000000000 2488.0000000000
1972.0000000000 455.0000000000 1771.0000000000 312.0000000000
3452.0000000000 547.0000000000 3764.0000000000 529.0000000000
3091.0000000000 216.0000000000 3431.0000000000 180.0000000000
