25 4
-5343.0000000000 0.0000000000 -5190.0000000000 181.0000000000
-4702.0000000000 329.0000000000 -4704.0000000000 578.0000000000
-5088.0000000000 2373.0000000000 -4952.0000000000 2633.0000000000
-4630.0000000000 3007.0000000000 -4174.0000000000 2816.0000000000
-4174.0000000000 2816.0000000000 -3864.0000000000 2912.0000000000
-7650.0000000000 8800.0000000000 -7361.0000000000 8773.0000000000
-7361.0000000000 8773.0000000000 -7206.0000000000 8899.0000000000
-7206.0000000000 8899.0000000000 -7156.0000000000 9159.0000000000
-1803.0000000000 5897.0000000000 -1618.0000000000 6040.0000000000
-1618.0000000000 6040.0000000000 -1442.0000000000 5785.0000000000
-1442.0000000000 5785.0000000000 -1239.0000000000 5831.0000000000
4670.0000000000 10488.0000000000 4890.0000000000 10486.0000000000
1832.0000000000 3755.0000000000 1946.0000000000 3371.0000000000
1946.0000000000 3371.0000000000 2321.0000000000 3441.0000000000
1733.0000000000 2475.0000000000 1937.0000000000 1684.0000000000
1937.0000000000 1684.0000000000 2766.0000000000 1866.0000000000
2766.0000000000 1866.0000000000 2475.0000000000 1607.0000000000
2475.0000000000 1607.0000000000 2575.0000000000 1201.0000000000
2575.0000000000 1201.0000000000 3077.0000000000 1306.0000000000
4477.0000000000 1809.0000000000 4547.0000000000 1477.0000000000
4547.0000000000 1477.0000000000 5026.0000000000 1537.0000000000
14983.0000000000 4296.0000000000 15056.0000000000 4034.0000000000
4178.0000000000 1042.0000000000 4201.0000000000 741.0000000000
4201.0000000000 741.0000000000 3785.0000000000 599.0000000000
3785.0000000000 599.0000000000 3803.0000000000 199.0000000000
