14 4
-899.0000000000 0.0000000000 -875.0000000000 613.0000000000
-875.0000000000 613.0000000000 -679.0000000000 935.0000000000
-679.0000000000 935.0000000000 -376.0000000000 5384.0000000000
319.0000000000 18266.0000000000 2235.0000000000 18202.0000000000
2235.0000000000 18202.0000000000 2958.0000000000 18676.0000000000
5214.0000000000 19458.0000000000 5534.0000000000 19299.0000000000
3806.0000000000 8162.0000000000 3815.0000000000 7488.0000000000
3038.0000000000 5480.0000000000 3173.0000000000 5281.0000000000
3173.0000000000 5281.0000000000 3392.0000000000 5223.0000000000
1414.0000000000 1810.0000000000 1296.0000000000 1209.0000000000
1296.0000000000 1209.0000000000 1652.0000000000 1386.0000000000
2404.0000000000 1946.0000000000 5970.0000000000 1712.0000000000
5970.0000000000 1712.0000000000 6007.0000000000 1498.0000000000
1224.0000000000 172.0000000000 1208.0000000000 0.0000000000
