16 4
-3759.0000000000 0.0000000000 -3755.0000000000 263.0000000000
-3755.0000000000 263.0000000000 -3607.0000000000 379.0000000000
-3607.0000000000 379.0000000000 -3759.0000000000 528.0000000000
-3759.0000000000 528.0000000000 -3696.0000000000 718.0000000000
-7753.0000000000 6057.0000000000 -7485.0000000000 6281.0000000000
-3289.0000000000 3067.0000000000 -3116.0000000000 3116.0000000000
-2872.0000000000 4423.0000000000 -2296.0000000000 3978.0000000000
-2296.0000000000 3978.0000000000 -1933.0000000000 4146.0000000000
-1279.0000000000 6580.0000000000 -1054.0000000000 6656.0000000000
3166.0000000000 13712.0000000000 3381.0000000000 13560.0000000000
3746.0000000000 13063.0000000000 3968.0000000000 12980.0000000000
5352.0000000000 15543.0000000000 5600.0000000000 15385.0000000000
7539.0000000000 10766.0000000000 8858.0000000000 9838.0000000000
2588.0000000000 2680.0000000000 1554.0000000000 1009.0000000000
1554.0000000000 1009.0000000000 2235.0000000000 557.0000000000
1595.0000000000 368.0000000000 1338.0000000000 0.0000000000
