30 4
-8450.0000000000 0.0000000000 -8244.0000000000 144.0000000000
-7503.0000000000 262.0000000000 -7309.0000000000 383.0000000000
-7309.0000000000 383.0000000000 -7207.0000000000 631.0000000000
-7207.0000000000 631.0000000000 -7482.0000000000 786.0000000000
-7482.0000000000 786.0000000000 -7130.0000000000 876.0000000000
-7130.0000000000 876.0000000000 -6998.0000000000 1108.0000000000
-6998.0000000000 1108.0000000000 -7277.0000000000 1414.0000000000
-7277.0000000000 1414.0000000000 -7111.0000000000 1905.0000000000
-7111.0000000000 1905.0000000000 -6841.0000000000 1962.0000000000
-6841.0000000000 1962.0000000000 -7034.0000000000 2150.0000000000
-7034.0000000000 2150.0000000000 -6799.0000000000 3170.0000000000
-6799.0000000000 3170.0000000000 -6480.0000000000 3161.0000000000
-6480.0000000000 3161.0000000000 -6859.0000000000 3495.0000000000
-6859.0000000000 3495.0000000000 -8390.0000000000 5875.0000000000
-5653.0000000000 11590.0000000000 -4833.0000000000 10856.0000000000
-1975.0000000000 14056.0000000000 -1719.0000000000 14004.0000000000
1021.0000000000 19486.0000000000 1390.0000000000 19879.0000000000
4311.0000000000 9682.0000000000 5424.0000000000 9395.0000000000
5299.0000000000 8480.0000000000 5992.0000000000 8247.0000000000
5992.0000000000 8247.0000000000 6059.0000000000 7756.0000000000
6059.0000000000 7756.0000000000 6493.0000000000 7739.0000000000
6493.0000000000 7739.0000000000 6532.0000000000 7515.0000000000
6532.0000000000 7515.0000000000 6810.0000000000 7564.0000000000
6810.0000000000 7564.0000000000 6801.0000000000 7293.0000000000
6801.0000000000 7293.0000000000 7099.0000000000 7351.0000000000
7099.0000000000 7351.0000000000 7547.0000000000 7038.0000000000
3363.0000000000 2923.0000000000 2651.0000000000 1593.0000000000
2651.0000000000 1593.0000000000 3224.0000000000 1173.0000000000
4283.0000000000 1228.0000000000 4094.0000000000 796.0000000000
16393.0000000000 286.0000000000 16317.0000000000 0.0000000000
