18 4
-4066.0000000000 1896.0000000000 -3745.0000000000 1991.0000000000
-3745.0000000000 1991.0000000000 -3816.0000000000 2203.0000000000
-4361.0000000000 2621.0000000000 -4101.0000000000 2979.0000000000
-7162.0000000000 7955.0000000000 -6837.0000000000 8148.0000000000
-2106.0000000000 5487.0000000000 -1701.0000000000 4940.0000000000
-1701.0000000000 4940.0000000000 -1430.0000000000 4987.0000000000
-1430.0000000000 4987.0000000000 -1274.0000000000 4754.0000000000
-1274.0000000000 4754.0000000000 -1023.0000000000 4812.0000000000
4865.0000000000 9975.0000000000 5018.0000000000 9849.0000000000
5018.0000000000 9849.0000000000 4978.0000000000 9362.0000000000
4978.0000000000 9362.0000000000 5098.0000000000 9197.0000000000
1960.0000000000 2601.0000000000 2065.0000000000 2215.0000000000
2065.0000000000 2215.0000000000 2535.0000000000 2282.0000000000
2558.0000000000 2146.0000000000 1805.0000000000 1360.0000000000
1805.0000000000 1360.0000000000 1977.0000000000 530.0000000000
1977.0000000000 530.0000000000 2161.0000000000 539.0000000000
2928.0000000000 569.0000000000 2505.0000000000 397.0000000000
2505.0000000000 397.0000000000 2588.0000000000 0.0000000000
