11 4
-4472.0000000000 0.0000000000 -4409.0000000000 231.0000000000
-2370.0000000000 207.0000000000 -1048.0000000000 204.0000000000
-1048.0000000000 204.0000000000 -882.0000000000 393.0000000000
-882.0000000000 393.0000000000 -820.0000000000 5178.0000000000
-816.0000000000 23370.0000000000 -408.0000000000 23358.0000000000
408.0000000000 23358.0000000000 1229.0000000000 23449.0000000000
1229.0000000000 23449.0000000000 1664.0000000000 23793.0000000000
1104.0000000000 5194.0000000000 1076.0000000000 525.0000000000
1076.0000000000 525.0000000000 1289.0000000000 251.0000000000
1289.0000000000 251.0000000000 1911.0000000000 67.0000000000
4044.0000000000 71.0000000000 4299.0000000000 0.0000000000
