32 4
-2504.0000000000 0.0000000000 -3184.0000000000 391.0000000000
-14872.0000000000 2090.0000000000 -14960.0000000000 2908.0000000000
-10862.0000000000 2309.0000000000 -10734.0000000000 2478.0000000000
-15402.0000000000 4127.0000000000 -15089.0000000000 4327.0000000000
-15089.0000000000 4327.0000000000 -15137.0000000000 4918.0000000000
-8367.0000000000 4638.0000000000 -8289.0000000000 4786.0000000000
-8289.0000000000 4786.0000000000 -8452.0000000000 5078.0000000000
-8452.0000000000 5078.0000000000 -8405.0000000000 5458.0000000000
-8405.0000000000 5458.0000000000 -8723.0000000000 5884.0000000000
-8723.0000000000 5884.0000000000 -8827.0000000000 7148.0000000000
-3257.0000000000 2933.0000000000 -3033.0000000000 3033.0000000000
-3033.0000000000 3033.0000000000 -2957.0000000000 3284.0000000000
-5399.0000000000 6211.0000000000 -4734.0000000000 6283.0000000000
-4734.0000000000 6283.0000000000 -4669.0000000000 6668.0000000000
-4194.0000000000 6981.0000000000 -3547.0000000000 6962.0000000000
-3547.0000000000 6962.0000000000 -3667.0000000000 8638.0000000000
-6094.0000000000 16743.0000000000 -5905.0000000000 17148.0000000000
-5905.0000000000 17148.0000000000 -5573.0000000000 17151.0000000000
-4248.0000000000 13893.0000000000 -4008.0000000000 13978.0000000000
-3578.0000000000 14352.0000000000 -3323.0000000000 14394.0000000000
442.0000000000 25324.0000000000 892.0000000000 25537.0000000000
3169.0000000000 12710.0000000000 3489.0000000000 12169.0000000000
4091.0000000000 13380.0000000000 4417.0000000000 13594.0000000000
4188.0000000000 11506.0000000000 4466.0000000000 11634.0000000000
5085.0000000000 12586.0000000000 5230.0000000000 12320.0000000000
7255.0000000000 13089.0000000000 7832.0000000000 12533.0000000000
10016.0000000000 15424.0000000000 10247.0000000000 15192.0000000000
11467.0000000000 14677.0000000000 11824.0000000000 14601.0000000000
11591.0000000000 13813.0000000000 11942.0000000000 13737.0000000000
12937.0000000000 14368.0000000000 13302.0000000000 14265.0000000000
12618.0000000000 3146.0000000000 13074.0000000000 2779.0000000000
6330.0000000000 1230.0000000000 7111.0000000000 0.0000000000
