29 4
-7264.0000000000 0.0000000000 -7154.0000000000 125.0000000000
-7221.0000000000 252.0000000000 -7067.0000000000 1119.0000000000
-7067.0000000000 1119.0000000000 -7246.0000000000 1807.0000000000
-7516.0000000000 2155.0000000000 -8902.0000000000 3779.0000000000
-12063.0000000000 5371.0000000000 -11712.0000000000 5712.0000000000
-10804.0000000000 6238.0000000000 -10637.0000000000 6392.0000000000
-6869.0000000000 9809.0000000000 -6713.0000000000 9952.0000000000
-6386.0000000000 10220.0000000000 -6142.0000000000 10223.0000000000
-3392.0000000000 12657.0000000000 -3157.0000000000 12661.0000000000
-1639.0000000000 15596.0000000000 -1379.0000000000 15760.0000000000
3239.0000000000 9406.0000000000 3280.0000000000 9013.0000000000
3280.0000000000 9013.0000000000 4502.0000000000 8835.0000000000
4502.0000000000 8835.0000000000 4392.0000000000 7924.0000000000
4392.0000000000 7924.0000000000 5207.0000000000 7719.0000000000
5207.0000000000 7719.0000000000 5146.0000000000 7349.0000000000
5146.0000000000 7349.0000000000 5458.0000000000 7243.0000000000
5458.0000000000 7243.0000000000 5713.0000000000 7312.0000000000
5713.0000000000 7312.0000000000 5761.0000000000 7115.0000000000
5761.0000000000 7115.0000000000 5999.0000000000 7149.0000000000
5999.0000000000 7149.0000000000 6002.0000000000 6904.0000000000
6002.0000000000 6904.0000000000 6302.0000000000 6999.0000000000
6302.0000000000 6999.0000000000 6742.0000000000 6742.0000000000
7972.0000000000 7434.0000000000 7938.0000000000 7147.0000000000
7938.0000000000 7147.0000000000 8608.0000000000 6970.0000000000
8608.0000000000 6970.0000000000 8728.0000000000 6819.0000000000
3157.0000000000 2379.0000000000 2493.0000000000 810.0000000000
2543.0000000000 681.0000000000 3107.0000000000 437.0000000000
4137.0000000000 508.0000000000 3932.0000000000 206.0000000000
16128.0000000000 282.0000000000 16067.0000000000 0.0000000000
