27 4
-1195.0000000000 0.0000000000 -864.0000000000 76.0000000000
-864.0000000000 76.0000000000 -1195.0000000000 126.0000000000
-1195.0000000000 126.0000000000 -1293.0000000000 371.0000000000
-1293.0000000000 371.0000000000 -1734.0000000000 665.0000000000
-1734.0000000000 665.0000000000 -1426.0000000000 576.0000000000
-1369.0000000000 639.0000000000 -1537.0000000000 783.0000000000
-10600.0000000000 6884.0000000000 -10826.0000000000 7302.0000000000
-8196.0000000000 5955.0000000000 -7568.0000000000 6350.0000000000
-4509.0000000000 3919.0000000000 -4259.0000000000 3972.0000000000
-4259.0000000000 3972.0000000000 -4140.0000000000 4287.0000000000
-6351.0000000000 7569.0000000000 -5801.0000000000 7698.0000000000
-5801.0000000000 7698.0000000000 -5868.0000000000 8077.0000000000
-7796.0000000000 12005.0000000000 -7291.0000000000 12135.0000000000
-8718.0000000000 15727.0000000000 -8263.0000000000 15540.0000000000
-10174.0000000000 25182.0000000000 -9300.0000000000 25551.0000000000
-7803.0000000000 22662.0000000000 -7412.0000000000 22812.0000000000
-7090.0000000000 26459.0000000000 -6678.0000000000 26784.0000000000
-785.0000000000 14983.0000000000 -515.0000000000 14741.0000000000
-515.0000000000 14741.0000000000 -259.0000000000 14815.0000000000
-259.0000000000 14815.0000000000 -0.0000000000 15118.0000000000
248.0000000000 14216.0000000000 499.0000000000 14301.0000000000
2925.0000000000 16591.0000000000 3461.0000000000 16281.0000000000
3461.0000000000 16281.0000000000 3846.0000000000 16659.0000000000
5354.0000000000 4992.0000000000 6563.0000000000 3789.0000000000
6563.0000000000 3789.0000000000 7740.0000000000 2971.0000000000
8032.0000000000 2766.0000000000 9453.0000000000 1837.0000000000
11147.0000000000 779.0000000000 12466.0000000000 0.0000000000
