29 4
-10669.0000000000 0.0000000000 -10379.0000000000 181.0000000000
-4390.0000000000 153.0000000000 -4224.0000000000 370.0000000000
-4224.0000000000 370.0000000000 -4404.0000000000 698.0000000000
-8304.0000000000 1464.0000000000 -7947.0000000000 1689.0000000000
-7293.0000000000 1684.0000000000 -7186.0000000000 1925.0000000000
-7186.0000000000 1925.0000000000 -7428.0000000000 2130.0000000000
-7428.0000000000 2130.0000000000 -7080.0000000000 2165.0000000000
-7080.0000000000 2165.0000000000 -6927.0000000000 2521.0000000000
-6927.0000000000 2521.0000000000 -7194.0000000000 2762.0000000000
-7194.0000000000 2762.0000000000 -7008.0000000000 3268.0000000000
-7008.0000000000 3268.0000000000 -6727.0000000000 3281.0000000000
-6727.0000000000 3281.0000000000 -6914.0000000000 3523.0000000000
-6914.0000000000 3523.0000000000 -6814.0000000000 3777.0000000000
-6836.0000000000 5151.0000000000 -7883.0000000000 6853.0000000000
-9568.0000000000 9908.0000000000 -9366.0000000000 10044.0000000000
-5174.0000000000 12806.0000000000 -4979.0000000000 12970.0000000000
-1323.0000000000 15127.0000000000 -1055.0000000000 15087.0000000000
1300.0000000000 18593.0000000000 1652.0000000000 18881.0000000000
7698.0000000000 23693.0000000000 8099.0000000000 23520.0000000000
10835.0000000000 17340.0000000000 11181.0000000000 17217.0000000000
6470.0000000000 8905.0000000000 6411.0000000000 8508.0000000000
6411.0000000000 8508.0000000000 6889.0000000000 8507.0000000000
6889.0000000000 8507.0000000000 7106.0000000000 8174.0000000000
7106.0000000000 8174.0000000000 7344.0000000000 8156.0000000000
3413.0000000000 3660.0000000000 2715.0000000000 2445.0000000000
2715.0000000000 2445.0000000000 3285.0000000000 2053.0000000000
3973.0000000000 1938.0000000000 4205.0000000000 1872.0000000000
4205.0000000000 1872.0000000000 4119.0000000000 1664.0000000000
16410.0000000000 573.0000000000 16289.0000000000 284.0000000000
