28 4
-14579.0000000000 0.0000000000 -14601.0000000000 765.0000000000
-14601.0000000000 765.0000000000 -14778.0000000000 1033.0000000000
-10711.0000000000 937.0000000000 -10647.0000000000 1307.0000000000
-15180.0000000000 2133.0000000000 -15208.0000000000 2956.0000000000
-15208.0000000000 2956.0000000000 -14840.0000000000 3154.0000000000
-3086.0000000000 1063.0000000000 -2854.0000000000 1211.0000000000
-2854.0000000000 1211.0000000000 -2853.0000000000 1517.0000000000
-8423.0000000000 4669.0000000000 -8443.0000000000 5483.0000000000
-8443.0000000000 5483.0000000000 -8060.0000000000 5436.0000000000
-5924.0000000000 4304.0000000000 -4342.0000000000 4496.0000000000
-4342.0000000000 4496.0000000000 -4310.0000000000 4787.0000000000
-4701.0000000000 5602.0000000000 -4512.0000000000 5775.0000000000
-3896.0000000000 5170.0000000000 -3195.0000000000 5113.0000000000
-3195.0000000000 5113.0000000000 -3214.0000000000 6893.0000000000
-4095.0000000000 9198.0000000000 -4146.0000000000 10261.0000000000
-4146.0000000000 10261.0000000000 -3776.0000000000 9836.0000000000
-3776.0000000000 9836.0000000000 -3183.0000000000 9798.0000000000
-1841.0000000000 9469.0000000000 -1674.0000000000 9495.0000000000
-1148.0000000000 9349.0000000000 -970.0000000000 9231.0000000000
-806.0000000000 23080.0000000000 -403.0000000000 23099.0000000000
3954.0000000000 10300.0000000000 4196.0000000000 9884.0000000000
4196.0000000000 9884.0000000000 5030.0000000000 10314.0000000000
4693.0000000000 9210.0000000000 5142.0000000000 9277.0000000000
5899.0000000000 10218.0000000000 5971.0000000000 9937.0000000000
7973.0000000000 10581.0000000000 8426.0000000000 10042.0000000000
12954.0000000000 12509.0000000000 13077.0000000000 12195.0000000000
13407.0000000000 11654.0000000000 13652.0000000000 11456.0000000000
12714.0000000000 444.0000000000 13062.0000000000 0.0000000000
