25 4
-14522.0000000000 0.0000000000 -13984.0000000000 244.0000000000
-12350.0000000000 431.0000000000 -12158.0000000000 637.0000000000
-12158.0000000000 637.0000000000 -12319.0000000000 1295.0000000000
-12319.0000000000 1295.0000000000 -12534.0000000000 1539.0000000000
-10960.0000000000 1540.0000000000 -10934.0000000000 1732.0000000000
-7066.0000000000 5521.0000000000 -6822.0000000000 5724.0000000000
-2306.0000000000 11861.0000000000 -2151.0000000000 12199.0000000000
-2151.0000000000 12199.0000000000 -1948.0000000000 12299.0000000000
-590.0000000000 16900.0000000000 -288.0000000000 16514.0000000000
-288.0000000000 16514.0000000000 -0.0000000000 16468.0000000000
2944.0000000000 18585.0000000000 3208.0000000000 18195.0000000000
2794.0000000000 5729.0000000000 2781.0000000000 5017.0000000000
2781.0000000000 5017.0000000000 3962.0000000000 4892.0000000000
7728.0000000000 9210.0000000000 7964.0000000000 9161.0000000000
3998.0000000000 4287.0000000000 3979.0000000000 3979.0000000000
3979.0000000000 3979.0000000000 4750.0000000000 3846.0000000000
4750.0000000000 3846.0000000000 4830.0000000000 3382.0000000000
4830.0000000000 3382.0000000000 5668.0000000000 3273.0000000000
5668.0000000000 3273.0000000000 5722.0000000000 3042.0000000000
5722.0000000000 3042.0000000000 6056.0000000000 3086.0000000000
6056.0000000000 3086.0000000000 6335.0000000000 2954.0000000000
7608.0000000000 3387.0000000000 8397.0000000000 3223.0000000000
8397.0000000000 3223.0000000000 8340.0000000000 2872.0000000000
8340.0000000000 2872.0000000000 8476.0000000000 2754.0000000000
5586.0000000000 489.0000000000 5425.0000000000 0.0000000000
