21 4
-2641.0000000000 0.0000000000 -3301.0000000000 702.0000000000
-3301.0000000000 702.0000000000 -4022.0000000000 1230.0000000000
-4914.0000000000 1597.0000000000 -5043.0000000000 1737.0000000000
-5043.0000000000 1737.0000000000 -4856.0000000000 2061.0000000000
-4856.0000000000 2061.0000000000 -5807.0000000000 2959.0000000000
-6973.0000000000 3707.0000000000 -6902.0000000000 3985.0000000000
-12408.0000000000 9350.0000000000 -11174.0000000000 10791.0000000000
-8767.0000000000 8767.0000000000 -8769.0000000000 9080.0000000000
-10452.0000000000 13871.0000000000 -10070.0000000000 13860.0000000000
-10070.0000000000 13860.0000000000 -9846.0000000000 14062.0000000000
-2693.0000000000 5774.0000000000 -1971.0000000000 5136.0000000000
-1971.0000000000 5136.0000000000 -1804.0000000000 5240.0000000000
-952.0000000000 3320.0000000000 -628.0000000000 3229.0000000000
-628.0000000000 3229.0000000000 -422.0000000000 3437.0000000000
-515.0000000000 7363.0000000000 -362.0000000000 6916.0000000000
-362.0000000000 6916.0000000000 -120.0000000000 6853.0000000000
165.0000000000 9480.0000000000 481.0000000000 9187.0000000000
481.0000000000 9187.0000000000 1464.0000000000 10419.0000000000
5859.0000000000 23498.0000000000 6283.0000000000 23448.0000000000
4402.0000000000 9026.0000000000 4729.0000000000 8895.0000000000
1128.0000000000 1497.0000000000 895.0000000000 0.0000000000
