20 4
-6139.0000000000 2994.0000000000 -5846.0000000000 3108.0000000000
-6232.0000000000 6232.0000000000 -6021.0000000000 6235.0000000000
-5562.0000000000 7381.0000000000 -5410.0000000000 7446.0000000000
-5139.0000000000 12106.0000000000 -4909.0000000000 12150.0000000000
1026.0000000000 11732.0000000000 1395.0000000000 11365.0000000000
1427.0000000000 10152.0000000000 2189.0000000000 10298.0000000000
2822.0000000000 12222.0000000000 3222.0000000000 11238.0000000000
3222.0000000000 11238.0000000000 3906.0000000000 11342.0000000000
1227.0000000000 3037.0000000000 1441.0000000000 2218.0000000000
1441.0000000000 2218.0000000000 2672.0000000000 2491.0000000000
5620.0000000000 5060.0000000000 5764.0000000000 4836.0000000000
5764.0000000000 4836.0000000000 6884.0000000000 5001.0000000000
2865.0000000000 2006.0000000000 2946.0000000000 1633.0000000000
2946.0000000000 1633.0000000000 3765.0000000000 1756.0000000000
3765.0000000000 1756.0000000000 3905.0000000000 1345.0000000000
3905.0000000000 1345.0000000000 4420.0000000000 1436.0000000000
4420.0000000000 1436.0000000000 4838.0000000000 1296.0000000000
15864.0000000000 3084.0000000000 16011.0000000000 2250.0000000000
16130.0000000000 1695.0000000000 16181.0000000000 1416.0000000000
16424.0000000000 287.0000000000 16468.0000000000 0.0000000000
