20 4
-2982.0000000000 0.0000000000 -3538.0000000000 1218.0000000000
-3757.0000000000 1752.0000000000 -3875.0000000000 2517.0000000000
-3875.0000000000 3027.0000000000 -3868.0000000000 3362.0000000000
-8081.0000000000 8081.0000000000 -7004.0000000000 8057.0000000000
-6066.0000000000 8050.0000000000 -5226.0000000000 8048.0000000000
-3067.0000000000 4909.0000000000 -2812.0000000000 4871.0000000000
-2812.0000000000 4871.0000000000 -2645.0000000000 4974.0000000000
-3799.0000000000 8147.0000000000 -3828.0000000000 8598.0000000000
-3828.0000000000 8598.0000000000 -2714.0000000000 9466.0000000000
-2714.0000000000 9466.0000000000 -2455.0000000000 9847.0000000000
-2455.0000000000 9847.0000000000 -2204.0000000000 9548.0000000000
-411.0000000000 11781.0000000000 -208.0000000000 11889.0000000000
10371.0000000000 8702.0000000000 10982.0000000000 7979.0000000000
4314.0000000000 3020.0000000000 4560.0000000000 2425.0000000000
4560.0000000000 2425.0000000000 4733.0000000000 2412.0000000000
5970.0000000000 2912.0000000000 6270.0000000000 2924.0000000000
5544.0000000000 2468.0000000000 5069.0000000000 2152.0000000000
5069.0000000000 2152.0000000000 5542.0000000000 2239.0000000000
5120.0000000000 1864.0000000000 5082.0000000000 1554.0000000000
8369.0000000000 2400.0000000000 8517.0000000000 2124.0000000000
