32 4
-5452.0000000000 190.0000000000 -5307.0000000000 278.0000000000
-5307.0000000000 278.0000000000 -5314.0000000000 465.0000000000
-4566.0000000000 480.0000000000 -3883.0000000000 685.0000000000
-4200.0000000000 1612.0000000000 -3786.0000000000 1607.0000000000
-2752.0000000000 1225.0000000000 -2264.0000000000 1056.0000000000
-3607.0000000000 1759.0000000000 -3370.0000000000 1792.0000000000
-2948.0000000000 1842.0000000000 -2543.0000000000 1716.0000000000
-2543.0000000000 1716.0000000000 -2670.0000000000 1869.0000000000
-1964.0000000000 1427.0000000000 -1671.0000000000 1353.0000000000
-1671.0000000000 1353.0000000000 -1896.0000000000 1896.0000000000
-9202.0000000000 17307.0000000000 -8491.0000000000 17410.0000000000
339.0000000000 9713.0000000000 1706.0000000000 9676.0000000000
2056.0000000000 9673.0000000000 3145.0000000000 9681.0000000000
2103.0000000000 6107.0000000000 2142.0000000000 5886.0000000000
2142.0000000000 5886.0000000000 2372.0000000000 5871.0000000000
1017.0000000000 2395.0000000000 1040.0000000000 2230.0000000000
1040.0000000000 2230.0000000000 1303.0000000000 2257.0000000000
1303.0000000000 2257.0000000000 1270.0000000000 2032.0000000000
1270.0000000000 2032.0000000000 2006.0000000000 2151.0000000000
2058.0000000000 2058.0000000000 3024.0000000000 2449.0000000000
3024.0000000000 2449.0000000000 3743.0000000000 2525.0000000000
3743.0000000000 2525.0000000000 3917.0000000000 2543.0000000000
3917.0000000000 2543.0000000000 3647.0000000000 2279.0000000000
4106.0000000000 2371.0000000000 4759.0000000000 2530.0000000000
4759.0000000000 2530.0000000000 5267.0000000000 2456.0000000000
5267.0000000000 2456.0000000000 6627.0000000000 2677.0000000000
7808.0000000000 2997.0000000000 8386.0000000000 3052.0000000000
8386.0000000000 3052.0000000000 7719.0000000000 1924.0000000000
7719.0000000000 1924.0000000000 7031.0000000000 1240.0000000000
7031.0000000000 1240.0000000000 6759.0000000000 710.0000000000
6759.0000000000 710.0000000000 6955.0000000000 609.0000000000
6955.0000000000 609.0000000000 6794.0000000000 475.0000000000
