32 4
-14545.0000000000 0.0000000000 -14629.0000000000 1280.0000000000
-14629.0000000000 1280.0000000000 -14807.0000000000 1556.0000000000
-14807.0000000000 1556.0000000000 -14849.0000000000 2087.0000000000
-10752.0000000000 1703.0000000000 -10666.0000000000 1881.0000000000
-15288.0000000000 3250.0000000000 -15306.0000000000 3534.0000000000
-15306.0000000000 3534.0000000000 -14970.0000000000 3732.0000000000
-14970.0000000000 3732.0000000000 -14974.0000000000 4578.0000000000
-8333.0000000000 3886.0000000000 -8416.0000000000 4288.0000000000
-8535.0000000000 5128.0000000000 -8542.0000000000 5337.0000000000
-3143.0000000000 2041.0000000000 -2909.0000000000 2192.0000000000
-2909.0000000000 2192.0000000000 -2926.0000000000 2544.0000000000
-5831.0000000000 5251.0000000000 -4433.0000000000 5474.0000000000
-4433.0000000000 5474.0000000000 -4454.0000000000 5701.0000000000
-4795.0000000000 6600.0000000000 -4545.0000000000 6738.0000000000
-3979.0000000000 6126.0000000000 -3371.0000000000 6082.0000000000
-3371.0000000000 6082.0000000000 -3376.0000000000 7582.0000000000
-4370.0000000000 10817.0000000000 -3286.0000000000 10747.0000000000
-3742.0000000000 13048.0000000000 -3525.0000000000 13154.0000000000
-2540.0000000000 11948.0000000000 -2320.0000000000 11937.0000000000
-1773.0000000000 12614.0000000000 -1539.0000000000 12538.0000000000
-1684.0000000000 24089.0000000000 -843.0000000000 24134.0000000000
1274.0000000000 24314.0000000000 1712.0000000000 24487.0000000000
3557.0000000000 11635.0000000000 3838.0000000000 11148.0000000000
3838.0000000000 11148.0000000000 4050.0000000000 11127.0000000000
4050.0000000000 11127.0000000000 4614.0000000000 11419.0000000000
4421.0000000000 10416.0000000000 4866.0000000000 10434.0000000000
5598.0000000000 11478.0000000000 5674.0000000000 11135.0000000000
7681.0000000000 11828.0000000000 8201.0000000000 11288.0000000000
13197.0000000000 13197.0000000000 13326.0000000000 12869.0000000000
12717.0000000000 1787.0000000000 13342.0000000000 1167.0000000000
10433.0000000000 730.0000000000 10673.0000000000 373.0000000000
6479.0000000000 113.0000000000 6328.0000000000 0.0000000000
