22 4
-972.0000000000 0.0000000000 -1209.0000000000 785.0000000000
-1209.0000000000 785.0000000000 -1146.0000000000 1146.0000000000
-1146.0000000000 1146.0000000000 -1941.0000000000 3809.0000000000
-5820.0000000000 15991.0000000000 -5251.0000000000 16159.0000000000
-4681.0000000000 16325.0000000000 -3857.0000000000 16708.0000000000
-3857.0000000000 16708.0000000000 -3382.0000000000 17400.0000000000
-1648.0000000000 18840.0000000000 -1313.0000000000 18775.0000000000
-1313.0000000000 18775.0000000000 -989.0000000000 18872.0000000000
979.0000000000 7971.0000000000 1260.0000000000 7145.0000000000
1247.0000000000 5003.0000000000 1474.0000000000 4823.0000000000
1474.0000000000 4823.0000000000 1673.0000000000 4858.0000000000
3445.0000000000 8117.0000000000 3512.0000000000 7888.0000000000
5263.0000000000 9898.0000000000 5446.0000000000 9433.0000000000
5446.0000000000 9433.0000000000 7130.0000000000 10182.0000000000
1653.0000000000 1970.0000000000 1082.0000000000 1121.0000000000
1082.0000000000 1121.0000000000 1131.0000000000 346.0000000000
7773.0000000000 2083.0000000000 7710.0000000000 1780.0000000000
7710.0000000000 1780.0000000000 7820.0000000000 1662.0000000000
6421.0000000000 1132.0000000000 5881.0000000000 931.0000000000
5881.0000000000 931.0000000000 5968.0000000000 733.0000000000
5968.0000000000 733.0000000000 5697.0000000000 498.0000000000
5697.0000000000 498.0000000000 3936.0000000000 0.0000000000
