20 4
-3266.0000000000 0.0000000000 -3823.0000000000 67.0000000000
-3823.0000000000 67.0000000000 -4209.0000000000 591.0000000000
-4209.0000000000 591.0000000000 -2334.0000000000 2177.0000000000
-2334.0000000000 2177.0000000000 -2769.0000000000 2769.0000000000
-2769.0000000000 2769.0000000000 -2602.0000000000 2695.0000000000
-6600.0000000000 7592.0000000000 -6346.0000000000 7562.0000000000
-6346.0000000000 7562.0000000000 -6327.0000000000 7813.0000000000
-6327.0000000000 7813.0000000000 -6195.0000000000 7930.0000000000
-10166.0000000000 13491.0000000000 -9475.0000000000 14047.0000000000
-2074.0000000000 3319.0000000000 -1347.0000000000 3912.0000000000
-1347.0000000000 3912.0000000000 -1054.0000000000 3447.0000000000
-1165.0000000000 4061.0000000000 -839.0000000000 4317.0000000000
-839.0000000000 4317.0000000000 -730.0000000000 4139.0000000000
-730.0000000000 4139.0000000000 -702.0000000000 4435.0000000000
-282.0000000000 2009.0000000000 285.0000000000 1339.0000000000
285.0000000000 1339.0000000000 245.0000000000 1062.0000000000
245.0000000000 1062.0000000000 706.0000000000 476.0000000000
706.0000000000 476.0000000000 1038.0000000000 600.0000000000
1038.0000000000 600.0000000000 807.0000000000 376.0000000000
807.0000000000 376.0000000000 1067.0000000000 0.0000000000
