30 4
-6277.0000000000 549.0000000000 -6205.0000000000 872.0000000000
-6205.0000000000 872.0000000000 -6573.0000000000 1159.0000000000
-5056.0000000000 1450.0000000000 -4271.0000000000 1388.0000000000
-4271.0000000000 1388.0000000000 -4753.0000000000 1730.0000000000
-4753.0000000000 1730.0000000000 -4412.0000000000 1694.0000000000
-4412.0000000000 1694.0000000000 -4413.0000000000 1965.0000000000
-5414.0000000000 2525.0000000000 -5121.0000000000 2498.0000000000
-5121.0000000000 2498.0000000000 -5062.0000000000 2691.0000000000
-5698.0000000000 3159.0000000000 -5531.0000000000 3194.0000000000
-5548.0000000000 3467.0000000000 -4742.0000000000 3445.0000000000
-4150.0000000000 3127.0000000000 -3661.0000000000 3183.0000000000
-3661.0000000000 3183.0000000000 -3711.0000000000 3843.0000000000
-3711.0000000000 3843.0000000000 -3501.0000000000 3888.0000000000
-3501.0000000000 3888.0000000000 -2423.0000000000 3878.0000000000
-2423.0000000000 3878.0000000000 -2193.0000000000 3650.0000000000
-2193.0000000000 3650.0000000000 -1865.0000000000 3660.0000000000
-1865.0000000000 3660.0000000000 -1728.0000000000 3882.0000000000
-1728.0000000000 3882.0000000000 -1384.0000000000 3425.0000000000
-1384.0000000000 3425.0000000000 -853.0000000000 3421.0000000000
-853.0000000000 3421.0000000000 -543.0000000000 3429.0000000000
-543.0000000000 3429.0000000000 -475.0000000000 3871.0000000000
-475.0000000000 3871.0000000000 543.0000000000 3866.0000000000
543.0000000000 3866.0000000000 631.0000000000 2969.0000000000
631.0000000000 2969.0000000000 524.0000000000 1124.0000000000
524.0000000000 1124.0000000000 1317.0000000000 1228.0000000000
1317.0000000000 1228.0000000000 1497.0000000000 1348.0000000000
1497.0000000000 1348.0000000000 3643.0000000000 1326.0000000000
1301.0000000000 448.0000000000 1298.0000000000 252.0000000000
1298.0000000000 252.0000000000 726.0000000000 115.0000000000
726.0000000000 115.0000000000 1298.0000000000 159.0000000000
