27 4
-3583.0000000000 0.0000000000 -3327.0000000000 768.0000000000
-3327.0000000000 768.0000000000 -4021.0000000000 1077.0000000000
-4021.0000000000 1077.0000000000 -3209.0000000000 981.0000000000
-9804.0000000000 3186.0000000000 -9706.0000000000 3533.0000000000
-16050.0000000000 6161.0000000000 -15954.0000000000 6446.0000000000
-3843.0000000000 1874.0000000000 -3635.0000000000 2271.0000000000
-3635.0000000000 2271.0000000000 -3126.0000000000 2030.0000000000
-3588.0000000000 2420.0000000000 -3468.0000000000 2808.0000000000
-3468.0000000000 2808.0000000000 -2965.0000000000 2578.0000000000
-3395.0000000000 3057.0000000000 -3286.0000000000 3402.0000000000
-3286.0000000000 3402.0000000000 -2860.0000000000 3067.0000000000
-1523.0000000000 1816.0000000000 -711.0000000000 1598.0000000000
-711.0000000000 1598.0000000000 -544.0000000000 1347.0000000000
-544.0000000000 1347.0000000000 155.0000000000 1104.0000000000
155.0000000000 1104.0000000000 364.0000000000 1460.0000000000
364.0000000000 1460.0000000000 285.0000000000 1063.0000000000
285.0000000000 1063.0000000000 749.0000000000 892.0000000000
749.0000000000 892.0000000000 951.0000000000 1094.0000000000
951.0000000000 1094.0000000000 1291.0000000000 1008.0000000000
1291.0000000000 1008.0000000000 1122.0000000000 786.0000000000
1122.0000000000 786.0000000000 2369.0000000000 1207.0000000000
2369.0000000000 1207.0000000000 2998.0000000000 1032.0000000000
2157.0000000000 701.0000000000 1879.0000000000 503.0000000000
1879.0000000000 503.0000000000 2119.0000000000 528.0000000000
2095.0000000000 407.0000000000 2525.0000000000 265.0000000000
2525.0000000000 265.0000000000 3039.0000000000 266.0000000000
4099.0000000000 143.0000000000 3991.0000000000 0.0000000000
