20 4
-2778.0000000000 0.0000000000 -2995.0000000000 637.0000000000
-2995.0000000000 637.0000000000 -3554.0000000000 886.0000000000
-3554.0000000000 886.0000000000 -3767.0000000000 1599.0000000000
-3767.0000000000 1599.0000000000 -1463.0000000000 2434.0000000000
-1463.0000000000 2434.0000000000 -1669.0000000000 3138.0000000000
-1669.0000000000 3138.0000000000 -1238.0000000000 2537.0000000000
-3625.0000000000 8973.0000000000 -3275.0000000000 8998.0000000000
-3275.0000000000 8998.0000000000 -2984.0000000000 9185.0000000000
-4821.0000000000 15769.0000000000 -4280.0000000000 15974.0000000000
-857.0000000000 3437.0000000000 -556.0000000000 3508.0000000000
-436.0000000000 3549.0000000000 -342.0000000000 3257.0000000000
-342.0000000000 3257.0000000000 -315.0000000000 3599.0000000000
-315.0000000000 3599.0000000000 65.0000000000 3719.0000000000
65.0000000000 3719.0000000000 109.0000000000 3131.0000000000
197.0000000000 3757.0000000000 250.0000000000 3579.0000000000
250.0000000000 3579.0000000000 334.0000000000 3820.0000000000
334.0000000000 3820.0000000000 695.0000000000 3939.0000000000
403.0000000000 1616.0000000000 715.0000000000 740.0000000000
715.0000000000 740.0000000000 565.0000000000 491.0000000000
565.0000000000 491.0000000000 738.0000000000 0.0000000000
