38 4
-5106.0000000000 0.0000000000 -4671.0000000000 82.0000000000
-4671.0000000000 82.0000000000 -5342.0000000000 374.0000000000
-5411.0000000000 473.0000000000 -5055.0000000000 531.0000000000
-5055.0000000000 531.0000000000 -5551.0000000000 682.0000000000
-5551.0000000000 682.0000000000 -5775.0000000000 1018.0000000000
-5773.0000000000 1122.0000000000 -5462.0000000000 1161.0000000000
-3094.0000000000 714.0000000000 -2320.0000000000 1234.0000000000
-2320.0000000000 1234.0000000000 -2056.0000000000 1187.0000000000
-2056.0000000000 1187.0000000000 -1413.0000000000 1569.0000000000
-1413.0000000000 1569.0000000000 -1591.0000000000 1830.0000000000
-1526.0000000000 1885.0000000000 -1298.0000000000 1661.0000000000
-1298.0000000000 1661.0000000000 -916.0000000000 1878.0000000000
-916.0000000000 1878.0000000000 -959.0000000000 2259.0000000000
-880.0000000000 2179.0000000000 -738.0000000000 2271.0000000000
-738.0000000000 2271.0000000000 -633.0000000000 2069.0000000000
-633.0000000000 2069.0000000000 -665.0000000000 2318.0000000000
-665.0000000000 2318.0000000000 -523.0000000000 2099.0000000000
-523.0000000000 2099.0000000000 -557.0000000000 2412.0000000000
-557.0000000000 2412.0000000000 -356.0000000000 2535.0000000000
-356.0000000000 2535.0000000000 -170.0000000000 3240.0000000000
-170.0000000000 3240.0000000000 -0.0000000000 3364.0000000000
120.0000000000 3429.0000000000 174.0000000000 2484.0000000000
174.0000000000 2484.0000000000 239.0000000000 2733.0000000000
239.0000000000 2733.0000000000 410.0000000000 2590.0000000000
410.0000000000 2590.0000000000 1102.0000000000 3202.0000000000
590.0000000000 1389.0000000000 785.0000000000 1360.0000000000
785.0000000000 1360.0000000000 1036.0000000000 1595.0000000000
1036.0000000000 1595.0000000000 839.0000000000 1113.0000000000
839.0000000000 1113.0000000000 1076.0000000000 1282.0000000000
1076.0000000000 1282.0000000000 956.0000000000 1100.0000000000
1058.0000000000 1022.0000000000 1575.0000000000 1369.0000000000
1575.0000000000 1369.0000000000 1957.0000000000 1475.0000000000
1957.0000000000 1475.0000000000 2106.0000000000 1265.0000000000
2106.0000000000 1265.0000000000 2647.0000000000 1468.0000000000
1987.0000000000 1056.0000000000 1946.0000000000 786.0000000000
2963.0000000000 850.0000000000 2631.0000000000 705.0000000000
2631.0000000000 705.0000000000 2767.0000000000 389.0000000000
2767.0000000000 389.0000000000 2184.0000000000 0.0000000000
