18 4
-621.0000000000 0.0000000000 -341.0000000000 378.0000000000
-341.0000000000 378.0000000000 -402.0000000000 620.0000000000
-402.0000000000 620.0000000000 -240.0000000000 836.0000000000
-816.0000000000 3046.0000000000 -538.0000000000 3829.0000000000
-538.0000000000 3829.0000000000 -0.0000000000 4626.0000000000
109.0000000000 3116.0000000000 300.0000000000 2856.0000000000
456.0000000000 2878.0000000000 430.0000000000 2212.0000000000
503.0000000000 2181.0000000000 681.0000000000 2730.0000000000
767.0000000000 2673.0000000000 1018.0000000000 2520.0000000000
1097.0000000000 2464.0000000000 926.0000000000 1986.0000000000
926.0000000000 1986.0000000000 1172.0000000000 2403.0000000000
1172.0000000000 2403.0000000000 1878.0000000000 1944.0000000000
1878.0000000000 1944.0000000000 1894.0000000000 1766.0000000000
1894.0000000000 1766.0000000000 1696.0000000000 1527.0000000000
1696.0000000000 1527.0000000000 1763.0000000000 1377.0000000000
1028.0000000000 775.0000000000 762.0000000000 372.0000000000
762.0000000000 372.0000000000 965.0000000000 277.0000000000
965.0000000000 277.0000000000 553.0000000000 98.0000000000
