37 4
-2451.0000000000 0.0000000000 -2725.0000000000 95.0000000000
-2725.0000000000 95.0000000000 -2524.0000000000 176.0000000000
-2524.0000000000 176.0000000000 -2609.0000000000 367.0000000000
-2609.0000000000 367.0000000000 -2743.0000000000 633.0000000000
-2743.0000000000 633.0000000000 -3082.0000000000 884.0000000000
-3082.0000000000 884.0000000000 -2866.0000000000 987.0000000000
-2866.0000000000 987.0000000000 -3232.0000000000 1176.0000000000
-3232.0000000000 1176.0000000000 -2840.0000000000 1147.0000000000
-4111.0000000000 1745.0000000000 -4296.0000000000 2095.0000000000
-3506.0000000000 1786.0000000000 -3174.0000000000 1688.0000000000
-3174.0000000000 1688.0000000000 -3356.0000000000 1860.0000000000
-3241.0000000000 1947.0000000000 -3471.0000000000 2341.0000000000
-3471.0000000000 2341.0000000000 -3750.0000000000 2626.0000000000
-3750.0000000000 2626.0000000000 -3714.0000000000 2798.0000000000
-4548.0000000000 3554.0000000000 -4360.0000000000 3659.0000000000
-4408.0000000000 3969.0000000000 -4594.0000000000 4284.0000000000
-2177.0000000000 2103.0000000000 -2002.0000000000 2002.0000000000
-2002.0000000000 2002.0000000000 -1977.0000000000 2196.0000000000
-1977.0000000000 2196.0000000000 -2228.0000000000 2563.0000000000
-2228.0000000000 2563.0000000000 -1735.0000000000 2221.0000000000
-1735.0000000000 2221.0000000000 -1804.0000000000 2394.0000000000
-1804.0000000000 2394.0000000000 -1624.0000000000 2408.0000000000
-1624.0000000000 2408.0000000000 -1948.0000000000 3375.0000000000
-1948.0000000000 3375.0000000000 -1706.0000000000 3498.0000000000
-1706.0000000000 3498.0000000000 -1786.0000000000 3831.0000000000
-1331.0000000000 4353.0000000000 -1090.0000000000 4069.0000000000
-1090.0000000000 4069.0000000000 -801.0000000000 4119.0000000000
-507.0000000000 2877.0000000000 -160.0000000000 2286.0000000000
-160.0000000000 2286.0000000000 429.0000000000 2706.0000000000
429.0000000000 2706.0000000000 1019.0000000000 1511.0000000000
1019.0000000000 1511.0000000000 917.0000000000 1216.0000000000
917.0000000000 1216.0000000000 1085.0000000000 910.0000000000
1085.0000000000 910.0000000000 1269.0000000000 991.0000000000
1325.0000000000 894.0000000000 1180.0000000000 682.0000000000
1180.0000000000 682.0000000000 1443.0000000000 643.0000000000
1443.0000000000 643.0000000000 1055.0000000000 426.0000000000
1055.0000000000 426.0000000000 1274.0000000000 0.0000000000
