37 4
-2866.0000000000 0.0000000000 -2702.0000000000 332.0000000000
-2702.0000000000 332.0000000000 -2420.0000000000 427.0000000000
-2420.0000000000 427.0000000000 -2027.0000000000 1033.0000000000
-2027.0000000000 1033.0000000000 -2248.0000000000 1246.0000000000
-2248.0000000000 1246.0000000000 -1940.0000000000 1166.0000000000
-1940.0000000000 1166.0000000000 -1661.0000000000 1549.0000000000
-1661.0000000000 1549.0000000000 -1887.0000000000 1822.0000000000
-1780.0000000000 1780.0000000000 -1680.0000000000 1932.0000000000
-1680.0000000000 1932.0000000000 -1518.0000000000 1809.0000000000
-1518.0000000000 1809.0000000000 -1634.0000000000 2017.0000000000
-1634.0000000000 2017.0000000000 -1449.0000000000 1855.0000000000
-1449.0000000000 1855.0000000000 -1568.0000000000 2158.0000000000
-1568.0000000000 2158.0000000000 -1438.0000000000 2704.0000000000
-1438.0000000000 2704.0000000000 -1567.0000000000 3075.0000000000
-1567.0000000000 3075.0000000000 -1368.0000000000 3387.0000000000
-969.0000000000 2523.0000000000 -1009.0000000000 2771.0000000000
-1009.0000000000 2771.0000000000 -775.0000000000 2704.0000000000
-775.0000000000 2704.0000000000 -540.0000000000 3062.0000000000
-540.0000000000 3062.0000000000 -482.0000000000 3427.0000000000
-482.0000000000 3427.0000000000 -307.0000000000 3513.0000000000
-119.0000000000 1701.0000000000 32.0000000000 1817.0000000000
90.0000000000 1719.0000000000 177.0000000000 2021.0000000000
177.0000000000 2021.0000000000 217.0000000000 1545.0000000000
217.0000000000 1545.0000000000 338.0000000000 1736.0000000000
338.0000000000 1736.0000000000 334.0000000000 1572.0000000000
476.0000000000 1556.0000000000 801.0000000000 2087.0000000000
867.0000000000 2043.0000000000 1089.0000000000 2336.0000000000
1089.0000000000 2336.0000000000 1316.0000000000 2191.0000000000
1316.0000000000 2191.0000000000 1703.0000000000 2622.0000000000
1268.0000000000 1879.0000000000 1368.0000000000 1690.0000000000
1368.0000000000 1690.0000000000 1059.0000000000 1176.0000000000
2165.0000000000 2322.0000000000 2257.0000000000 2179.0000000000
2257.0000000000 2179.0000000000 2035.0000000000 1898.0000000000
2035.0000000000 1898.0000000000 2296.0000000000 1730.0000000000
2296.0000000000 1730.0000000000 1971.0000000000 1185.0000000000
1359.0000000000 785.0000000000 1079.0000000000 371.0000000000
1089.0000000000 212.0000000000 1693.0000000000 0.0000000000
