39 4
-3618.0000000000 0.0000000000 -3607.0000000000 252.0000000000
-3607.0000000000 252.0000000000 -3980.0000000000 348.0000000000
-3980.0000000000 348.0000000000 -3626.0000000000 445.0000000000
-7013.0000000000 986.0000000000 -5467.0000000000 1162.0000000000
-4507.0000000000 1041.0000000000 -4495.0000000000 1548.0000000000
-4495.0000000000 1548.0000000000 -3989.0000000000 1452.0000000000
-3989.0000000000 1452.0000000000 -4514.0000000000 1733.0000000000
-4514.0000000000 1733.0000000000 -4572.0000000000 2230.0000000000
-4440.0000000000 2262.0000000000 -4612.0000000000 2556.0000000000
-4612.0000000000 2556.0000000000 -4695.0000000000 3287.0000000000
-4695.0000000000 3287.0000000000 -4382.0000000000 3302.0000000000
-2410.0000000000 1883.0000000000 -1504.0000000000 1996.0000000000
-1504.0000000000 1996.0000000000 -1287.0000000000 1838.0000000000
-1287.0000000000 1838.0000000000 -584.0000000000 1911.0000000000
-584.0000000000 1911.0000000000 -513.0000000000 2222.0000000000
-513.0000000000 2222.0000000000 -411.0000000000 1934.0000000000
-411.0000000000 1934.0000000000 69.0000000000 1979.0000000000
69.0000000000 1979.0000000000 161.0000000000 2306.0000000000
193.0000000000 2206.0000000000 468.0000000000 2202.0000000000
468.0000000000 2202.0000000000 458.0000000000 1986.0000000000
458.0000000000 1986.0000000000 608.0000000000 2268.0000000000
608.0000000000 2268.0000000000 831.0000000000 2283.0000000000
831.0000000000 2283.0000000000 960.0000000000 2500.0000000000
1119.0000000000 2514.0000000000 1328.0000000000 2848.0000000000
1328.0000000000 2848.0000000000 1744.0000000000 2902.0000000000
1278.0000000000 2045.0000000000 1443.0000000000 2222.0000000000
1443.0000000000 2222.0000000000 1502.0000000000 1993.0000000000
1502.0000000000 1993.0000000000 1994.0000000000 2065.0000000000
1994.0000000000 2065.0000000000 2580.0000000000 2323.0000000000
3478.0000000000 3023.0000000000 3787.0000000000 3177.0000000000
3787.0000000000 3177.0000000000 3441.0000000000 2787.0000000000
3441.0000000000 2787.0000000000 3469.0000000000 2614.0000000000
1165.0000000000 846.0000000000 1320.0000000000 732.0000000000
1320.0000000000 732.0000000000 1701.0000000000 830.0000000000
1701.0000000000 830.0000000000 1277.0000000000 516.0000000000
1277.0000000000 516.0000000000 1585.0000000000 546.0000000000
1585.0000000000 546.0000000000 1363.0000000000 417.0000000000
1441.0000000000 306.0000000000 2495.0000000000 351.0000000000
2495.0000000000 351.0000000000 2467.0000000000 43.0000000000
