18 4
-1741.0000000000 30.0000000000 -2293.0000000000 80.0000000000
-2293.0000000000 80.0000000000 -2193.0000000000 230.0000000000
-2193.0000000000 230.0000000000 -2463.0000000000 479.0000000000
-3111.0000000000 661.0000000000 -4477.0000000000 1809.0000000000
-5581.0000000000 2369.0000000000 -5509.0000000000 2569.0000000000
-5906.0000000000 3010.0000000000 -6303.0000000000 3352.0000000000
-7983.0000000000 4797.0000000000 -7671.0000000000 5174.0000000000
-12029.0000000000 9065.0000000000 -10631.0000000000 10631.0000000000
-6138.0000000000 7061.0000000000 -5562.0000000000 7656.0000000000
-1773.0000000000 2731.0000000000 -1519.0000000000 2528.0000000000
-1519.0000000000 2528.0000000000 -1402.0000000000 2752.0000000000
-1402.0000000000 2752.0000000000 -1038.0000000000 2446.0000000000
-1038.0000000000 2446.0000000000 -884.0000000000 2568.0000000000
-884.0000000000 2568.0000000000 -509.0000000000 2396.0000000000
-509.0000000000 2396.0000000000 -0.0000000000 945.0000000000
115.0000000000 938.0000000000 543.0000000000 1415.0000000000
543.0000000000 1415.0000000000 1134.0000000000 918.0000000000
5781.0000000000 4516.0000000000 2018.0000000000 0.0000000000
