19 4
-2394.0000000000 0.0000000000 -2149.0000000000 38.0000000000
-2149.0000000000 38.0000000000 -2189.0000000000 669.0000000000
-2189.0000000000 669.0000000000 -1119.0000000000 727.0000000000
-1119.0000000000 727.0000000000 -1139.0000000000 1511.0000000000
-1139.0000000000 1511.0000000000 -870.0000000000 1507.0000000000
-870.0000000000 1507.0000000000 -863.0000000000 1852.0000000000
-1490.0000000000 3347.0000000000 -1403.0000000000 4073.0000000000
-1403.0000000000 4073.0000000000 -1039.0000000000 3400.0000000000
-1039.0000000000 3400.0000000000 -717.0000000000 4067.0000000000
-986.0000000000 6226.0000000000 435.0000000000 6225.0000000000
435.0000000000 6225.0000000000 1097.0000000000 5644.0000000000
871.0000000000 4096.0000000000 1151.0000000000 3764.0000000000
1151.0000000000 3764.0000000000 1108.0000000000 3409.0000000000
1108.0000000000 3409.0000000000 1248.0000000000 3252.0000000000
1248.0000000000 3252.0000000000 1446.0000000000 3407.0000000000
1446.0000000000 3407.0000000000 1264.0000000000 2591.0000000000
1264.0000000000 2591.0000000000 1552.0000000000 2584.0000000000
1552.0000000000 2584.0000000000 1637.0000000000 143.0000000000
1637.0000000000 143.0000000000 1879.0000000000 131.0000000000
