29 4
-1069.0000000000 0.0000000000 -1124.0000000000 477.0000000000
-2006.0000000000 1022.0000000000 -2286.0000000000 1215.0000000000
-2286.0000000000 1215.0000000000 -2340.0000000000 1639.0000000000
-2340.0000000000 1639.0000000000 -2391.0000000000 2229.0000000000
-2391.0000000000 2229.0000000000 -2141.0000000000 2296.0000000000
-2141.0000000000 2296.0000000000 -2297.0000000000 3676.0000000000
-2642.0000000000 4397.0000000000 -2701.0000000000 4873.0000000000
-2701.0000000000 4873.0000000000 -2513.0000000000 4933.0000000000
-2513.0000000000 4933.0000000000 -2488.0000000000 5587.0000000000
-2488.0000000000 5587.0000000000 -1526.0000000000 5695.0000000000
-1526.0000000000 5695.0000000000 -1492.0000000000 6464.0000000000
-1492.0000000000 6464.0000000000 -1264.0000000000 6505.0000000000
-1519.0000000000 8614.0000000000 -1409.0000000000 8897.0000000000
-1578.0000000000 11226.0000000000 -395.0000000000 11315.0000000000
-395.0000000000 11315.0000000000 190.0000000000 10889.0000000000
319.0000000000 9133.0000000000 725.0000000000 8291.0000000000
725.0000000000 8291.0000000000 809.0000000000 7702.0000000000
948.0000000000 7717.0000000000 1059.0000000000 7532.0000000000
1059.0000000000 7532.0000000000 1337.0000000000 5364.0000000000
1337.0000000000 5364.0000000000 1541.0000000000 5373.0000000000
1541.0000000000 5373.0000000000 1629.0000000000 4732.0000000000
1457.0000000000 4002.0000000000 1599.0000000000 2661.0000000000
1599.0000000000 2661.0000000000 1818.0000000000 2696.0000000000
1818.0000000000 2696.0000000000 1881.0000000000 2496.0000000000
1881.0000000000 2496.0000000000 1955.0000000000 1700.0000000000
1955.0000000000 1700.0000000000 1735.0000000000 1456.0000000000
1735.0000000000 1456.0000000000 1789.0000000000 1118.0000000000
1227.0000000000 738.0000000000 1279.0000000000 89.0000000000
1279.0000000000 89.0000000000 1430.0000000000 0.0000000000
