9 4
-2448.0000000000 0.0000000000 -625.0000000000 1473.0000000000
-625.0000000000 1473.0000000000 715.0000000000 1345.0000000000
715.0000000000 1345.0000000000 3033.0000000000 3141.0000000000
3033.0000000000 3141.0000000000 3314.0000000000 3314.0000000000
3314.0000000000 3314.0000000000 3417.0000000000 3186.0000000000
8130.0000000000 7067.0000000000 8368.0000000000 6776.0000000000
7940.0000000000 5983.0000000000 8251.0000000000 5995.0000000000
3975.0000000000 2582.0000000000 3737.0000000000 2246.0000000000
3737.0000000000 2246.0000000000 1040.0000000000 146.0000000000
