12 4
-1621.0000000000 0.0000000000 -1187.0000000000 894.0000000000
-1187.0000000000 894.0000000000 23.0000000000 1346.0000000000
23.0000000000 1346.0000000000 1382.0000000000 4253.0000000000
1382.0000000000 4253.0000000000 1629.0000000000 4244.0000000000
3992.0000000000 9880.0000000000 4328.0000000000 9720.0000000000
4301.0000000000 8819.0000000000 4579.0000000000 8988.0000000000
2389.0000000000 3976.0000000000 2302.0000000000 3545.0000000000
2302.0000000000 3545.0000000000 887.0000000000 452.0000000000
983.0000000000 358.0000000000 2027.0000000000 581.0000000000
2027.0000000000 581.0000000000 2334.0000000000 412.0000000000
1746.0000000000 277.0000000000 2232.0000000000 314.0000000000
2182.0000000000 191.0000000000 2478.0000000000 43.0000000000
