21 4
-1042.0000000000 0.0000000000 109.0000000000 2087.0000000000
294.0000000000 4202.0000000000 927.0000000000 5256.0000000000
1231.0000000000 6334.0000000000 1419.0000000000 6677.0000000000
1419.0000000000 6677.0000000000 1629.0000000000 6534.0000000000
1629.0000000000 6534.0000000000 2024.0000000000 7058.0000000000
2024.0000000000 7058.0000000000 2810.0000000000 6619.0000000000
2810.0000000000 6619.0000000000 3352.0000000000 7188.0000000000
4607.0000000000 9041.0000000000 4918.0000000000 9250.0000000000
6132.0000000000 11063.0000000000 6890.0000000000 10610.0000000000
6890.0000000000 10610.0000000000 7219.0000000000 9936.0000000000
6320.0000000000 8386.0000000000 6352.0000000000 8130.0000000000
6352.0000000000 8130.0000000000 5984.0000000000 7132.0000000000
5984.0000000000 7132.0000000000 5964.0000000000 6861.0000000000
5753.0000000000 6169.0000000000 5049.0000000000 4876.0000000000
5049.0000000000 4876.0000000000 5013.0000000000 4675.0000000000
5013.0000000000 4675.0000000000 5143.0000000000 4470.0000000000
4214.0000000000 3413.0000000000 3607.0000000000 2342.0000000000
3607.0000000000 2342.0000000000 3831.0000000000 2212.0000000000
3831.0000000000 2212.0000000000 3521.0000000000 1642.0000000000
2171.0000000000 967.0000000000 1869.0000000000 431.0000000000
1975.0000000000 348.0000000000 1789.0000000000 0.0000000000
