19 4
-2358.0000000000 0.0000000000 -2407.0000000000 1022.0000000000
-2407.0000000000 1022.0000000000 -2148.0000000000 1048.0000000000
-2148.0000000000 1048.0000000000 -2195.0000000000 1654.0000000000
-2195.0000000000 1654.0000000000 -1118.0000000000 1721.0000000000
-1118.0000000000 1721.0000000000 -1134.0000000000 2547.0000000000
-1134.0000000000 2547.0000000000 -864.0000000000 2508.0000000000
-864.0000000000 2508.0000000000 -868.0000000000 2838.0000000000
-1095.0000000000 4393.0000000000 -715.0000000000 5084.0000000000
-888.0000000000 7235.0000000000 380.0000000000 7255.0000000000
380.0000000000 7255.0000000000 1057.0000000000 6673.0000000000
893.0000000000 5066.0000000000 1111.0000000000 4811.0000000000
1111.0000000000 4811.0000000000 1100.0000000000 4412.0000000000
1100.0000000000 4412.0000000000 1224.0000000000 4267.0000000000
1224.0000000000 4267.0000000000 1371.0000000000 4484.0000000000
1258.0000000000 3871.0000000000 1286.0000000000 3534.0000000000
1286.0000000000 3534.0000000000 1531.0000000000 3607.0000000000
1531.0000000000 3607.0000000000 1622.0000000000 1179.0000000000
1622.0000000000 1179.0000000000 1886.0000000000 1133.0000000000
1886.0000000000 1133.0000000000 1914.0000000000 0.0000000000
