19 4
-909.0000000000 0.0000000000 -880.0000000000 1888.0000000000
-1664.0000000000 3737.0000000000 -1612.0000000000 4961.0000000000
-1838.0000000000 6411.0000000000 -1602.0000000000 6425.0000000000
-1602.0000000000 6425.0000000000 -1506.0000000000 7087.0000000000
-1506.0000000000 7087.0000000000 -494.0000000000 7059.0000000000
-173.0000000000 9928.0000000000 -0.0000000000 10252.0000000000
219.0000000000 12531.0000000000 1311.0000000000 12475.0000000000
1311.0000000000 12475.0000000000 1703.0000000000 12116.0000000000
1636.0000000000 10330.0000000000 2033.0000000000 9564.0000000000
2175.0000000000 8724.0000000000 2238.0000000000 8352.0000000000
2219.0000000000 7740.0000000000 2190.0000000000 6361.0000000000
2190.0000000000 6361.0000000000 2427.0000000000 6322.0000000000
2427.0000000000 6322.0000000000 2472.0000000000 6118.0000000000
2196.0000000000 5172.0000000000 2129.0000000000 3688.0000000000
2129.0000000000 3688.0000000000 2386.0000000000 3538.0000000000
2386.0000000000 3538.0000000000 2368.0000000000 2924.0000000000
1495.0000000000 1782.0000000000 1613.0000000000 402.0000000000
1613.0000000000 402.0000000000 1456.0000000000 336.0000000000
1456.0000000000 336.0000000000 1392.0000000000 0.0000000000
