21 4
-931.0000000000 0.0000000000 -1164.0000000000 1490.0000000000
-2262.0000000000 3230.0000000000 -2575.0000000000 4843.0000000000
-2940.0000000000 5770.0000000000 -2742.0000000000 5881.0000000000
-2742.0000000000 5881.0000000000 -2774.0000000000 6536.0000000000
-2774.0000000000 6536.0000000000 -1791.0000000000 6684.0000000000
-1846.0000000000 7404.0000000000 -1594.0000000000 7498.0000000000
-1889.0000000000 9718.0000000000 -1774.0000000000 10061.0000000000
-1937.0000000000 12229.0000000000 -860.0000000000 12305.0000000000
-860.0000000000 12305.0000000000 -420.0000000000 12020.0000000000
-179.0000000000 10251.0000000000 328.0000000000 9405.0000000000
462.0000000000 8809.0000000000 622.0000000000 8892.0000000000
622.0000000000 8892.0000000000 1028.0000000000 6492.0000000000
1028.0000000000 6492.0000000000 1263.0000000000 6499.0000000000
1263.0000000000 6499.0000000000 1339.0000000000 6300.0000000000
1256.0000000000 5039.0000000000 1458.0000000000 3798.0000000000
1458.0000000000 3798.0000000000 1705.0000000000 3829.0000000000
1705.0000000000 3829.0000000000 1827.0000000000 3040.0000000000
1157.0000000000 1851.0000000000 1252.0000000000 1209.0000000000
1393.0000000000 1211.0000000000 1509.0000000000 549.0000000000
1509.0000000000 549.0000000000 1377.0000000000 395.0000000000
1377.0000000000 395.0000000000 1449.0000000000 0.0000000000
