23 4
-2105.0000000000 0.0000000000 -2115.0000000000 770.0000000000
-2115.0000000000 770.0000000000 -2378.0000000000 961.0000000000
-2378.0000000000 961.0000000000 -2414.0000000000 2025.0000000000
-2414.0000000000 2025.0000000000 -2163.0000000000 2017.0000000000
-2163.0000000000 2017.0000000000 -2176.0000000000 2687.0000000000
-2176.0000000000 2687.0000000000 -1155.0000000000 2721.0000000000
-1155.0000000000 2721.0000000000 -1157.0000000000 3562.0000000000
-1157.0000000000 3562.0000000000 -878.0000000000 3522.0000000000
-878.0000000000 3522.0000000000 -888.0000000000 3845.0000000000
-1184.0000000000 5573.0000000000 -1059.0000000000 5446.0000000000
-1059.0000000000 5446.0000000000 -747.0000000000 6084.0000000000
-865.0000000000 8233.0000000000 288.0000000000 8256.0000000000
288.0000000000 8256.0000000000 949.0000000000 7729.0000000000
852.0000000000 6059.0000000000 1033.0000000000 5860.0000000000
1033.0000000000 5860.0000000000 1056.0000000000 5432.0000000000
1056.0000000000 5432.0000000000 1213.0000000000 5253.0000000000
1213.0000000000 5253.0000000000 1225.0000000000 4571.0000000000
1225.0000000000 4571.0000000000 1509.0000000000 4644.0000000000
1509.0000000000 4644.0000000000 1612.0000000000 2219.0000000000
1612.0000000000 2219.0000000000 1876.0000000000 2158.0000000000
1876.0000000000 2158.0000000000 1899.0000000000 1141.0000000000
1899.0000000000 1141.0000000000 1660.0000000000 920.0000000000
1660.0000000000 920.0000000000 1704.0000000000 0.0000000000
