12 4
-1333.0000000000 0.0000000000 -2225.0000000000 991.0000000000
-3845.0000000000 1793.0000000000 -3351.0000000000 2260.0000000000
-5156.0000000000 3610.0000000000 -5000.0000000000 3768.0000000000
-6134.0000000000 5147.0000000000 -5755.0000000000 5002.0000000000
-2561.0000000000 2946.0000000000 -2396.0000000000 3066.0000000000
-2249.0000000000 3334.0000000000 -2104.0000000000 3240.0000000000
-2104.0000000000 3240.0000000000 -554.0000000000 4515.0000000000
-251.0000000000 2389.0000000000 518.0000000000 1595.0000000000
518.0000000000 1595.0000000000 451.0000000000 1115.0000000000
451.0000000000 1115.0000000000 597.0000000000 955.0000000000
597.0000000000 955.0000000000 774.0000000000 1147.0000000000
774.0000000000 1147.0000000000 1708.0000000000 0.0000000000
